0 0.829048 0.509253 0.02348399999999995 0.09455999999999998 0.906166
0 0.43624000000000007 0.436301 0.007662200000000008 0.038092499999999974 0.849222
0 0.086336 0.45910800000000007 0.0189869 0.10059800000000002 0.782815
0 0.20726899999999998 0.4346 0.010262899999999991 0.047989700000000024 0.548478
1 0.263989 0.540521 0.162918 0.18442800000000004 0.978377
1 0.356827 0.4395859999999999 0.03851979999999999 0.043055699999999975 0.897541
1 0.40493500000000004 0.440704 0.033951200000000015 0.03561160000000002 0.869619
1 0.253963 0.429376 0.01598719999999998 0.018233200000000005 0.782771
1 0.29889200000000005 0.44565 0.027413100000000024 0.03802460000000002 0.773776
1 0.232618 0.423123 0.0186027 0.011541699999999988 0.754224
1 0.323149 0.437755 0.0223082 0.020795000000000008 0.743831
1 0.967188 0.491021 0.06483970000000006 0.08011800000000002 0.345187
2 0.967141 0.491251 0.06472719999999998 0.07943600000000006 0.785389
2 0.207121 0.4314779999999999 0.011984099999999998 0.03235729999999998 0.316075
