1 0.165138 0.49876299999999996 0.16841700000000004 0.18122999999999995 0.966279
1 0.703592 0.517871 0.137139 0.19191499999999995 0.965986
1 0.595996 0.461622 0.06389429999999996 0.09524880000000002 0.923168
1 0.407135 0.438603 0.029644400000000015 0.039295599999999986 0.868474
1 0.5559619999999998 0.445435 0.03131289999999998 0.05787930000000002 0.870037
1 0.0750003 0.569685 0.149921 0.21745899999999996 0.903635
1 0.501145 0.42190099999999997 0.014313299999999973 0.026145099999999977 0.572093
1 0.531432 0.43834700000000004 0.017059500000000005 0.03204570000000001 0.501027
1 0.642468 0.485162 0.08678189999999997 0.13336299999999995 0.900106
1 0.465866 0.426058 0.01239990000000002 0.01367649999999998 0.424596
1 0.427215 0.436327 0.02929090000000001 0.03918050000000001 0.542648
1 0.5221800000000001 0.427866 0.016647100000000026 0.020113099999999995 0.425576
