0 0.650885 0.44205399999999995 0.01334780000000002 0.05149039999999999 0.745787
0 0.736726 0.451697 0.014713500000000046 0.07638839999999997 0.727434
0 0.752397 0.46298 0.023005500000000012 0.09884579999999998 0.70444
0 0.456714 0.434036 0.010625800000000019 0.03739100000000001 0.431684
1 0.879059 0.561044 0.21918499999999996 0.23373 0.968553
1 0.727768 0.49679399999999996 0.09566059999999998 0.12702399999999997 0.957759
1 0.0173828 0.4469080000000001 0.0347116 0.06559310000000002 0.922417
1 0.499768 0.43244099999999996 0.052712300000000045 0.033992999999999995 0.838058
1 0.949179 0.45997 0.10087899999999994 0.09630809999999995 0.906728
1 0.664561 0.437079 0.037445199999999956 0.033927299999999994 0.811345
1 0.07326580000000002 0.43672 0.03695230000000001 0.0297172 0.728311
1 0.0358009 0.439292 0.013639199999999997 0.01840130000000001 0.376755
2 0.0925757 0.4620540000000001 0.0349969 0.11396900000000004 0.928865
