0 0.7556399999999999 0.461836 0.020451499999999956 0.10162099999999996 0.833921
0 0.631138 0.433278 0.006882480000000024 0.036739100000000025 0.744567
0 0.674985 0.441013 0.011696099999999987 0.05696869999999998 0.634839
1 0.8821729999999999 0.61016 0.23562099999999997 0.36937400000000004 0.955925
1 0.144846 0.456704 0.0642432 0.07520660000000001 0.946482
1 0.667972 0.474013 0.06672250000000002 0.09077029999999997 0.922008
1 0.8095160000000001 0.443685 0.08582100000000004 0.06030390000000002 0.91742
1 0.518564 0.429851 0.04453290000000004 0.029930999999999985 0.797375
1 0.181207 0.432852 0.031409999999999993 0.024447600000000014 0.730182
1 0.633093 0.46512699999999996 0.029046099999999964 0.05783569999999999 0.468329
1 0.123862 0.44104 0.03622560000000001 0.0322634 0.531154
2 0.266848 0.4516530000000001 0.02792460000000002 0.0874029 0.917741
