0 0.7540580000000001 0.4867449999999999 0.024312 0.13334499999999994 0.899851
1 0.562774 0.4707410000000001 0.07270810000000005 0.08410560000000006 0.960658
1 0.414026 0.442711 0.036780199999999985 0.041660699999999995 0.908743
1 0.452997 0.4481069999999999 0.03183180000000002 0.040621799999999986 0.894988
1 0.30158799999999997 0.438774 0.027102499999999974 0.038196600000000025 0.878407
1 0.3901490000000001 0.433801 0.016451300000000002 0.02356069999999999 0.753797
1 0.269784 0.4285840000000001 0.025824400000000025 0.017069500000000015 0.494006
1 0.342078 0.427659 0.024645699999999993 0.018962900000000005 0.466043
1 0.325554 0.42704200000000003 0.015366700000000011 0.01900980000000002 0.442207
1 0.29195899999999997 0.428193 0.01352239999999999 0.017876000000000003 0.42137
