0 0.6947289999999999 0.462711 0.023020099999999988 0.09877399999999997 0.882125
0 0.7051270000000001 0.44493 0.008505630000000042 0.052878800000000004 0.600135
1 0.665106 0.450801 0.03968559999999999 0.04347869999999998 0.900999
1 0.5287109999999999 0.439952 0.037802299999999955 0.04262710000000003 0.893665
1 0.747142 0.434738 0.03484419999999999 0.03533900000000001 0.84139
1 0.279354 0.42711699999999997 0.021852499999999997 0.01359539999999998 0.764881
1 0.307917 0.4267270000000001 0.021796900000000008 0.011953900000000017 0.653168
1 0.5762850000000002 0.423739 0.021747300000000025 0.01661459999999998 0.649577
1 0.399721 0.424948 0.02019120000000002 0.011912499999999993 0.493226
1 0.371915 0.425113 0.018281199999999997 0.012112000000000012 0.351509
