1 0.740121 0.489696 0.0785051 0.11553600000000003 0.945687
1 0.8147329999999999 0.454549 0.057209399999999966 0.0832023 0.936316
1 0.869084 0.4448289999999999 0.030354699999999957 0.031964099999999995 0.884147
1 0.0119725 0.482626 0.023945 0.12983100000000003 0.867981
1 0.986292 0.461915 0.026779899999999968 0.07650670000000004 0.861581
1 0.6922679999999999 0.4321729999999999 0.03465309999999999 0.0313891 0.854135
1 0.741564 0.427433 0.023405099999999956 0.013770500000000019 0.715518
1 0.848093 0.439516 0.0266478 0.033875199999999994 0.740967
1 0.7412049999999999 0.441076 0.03229899999999997 0.0458479 0.784299
1 0.79801 0.430094 0.02680210000000005 0.029209600000000002 0.420561
