1 0.7695809999999998 0.442755 0.11587599999999998 0.06156279999999997 0.915301
1 0.34893700000000005 0.458468 0.04756440000000001 0.05519689999999999 0.911528
1 0.429342 0.41398499999999994 0.0362325 0.073818 0.901367
1 0.498651 0.439648 0.027532800000000024 0.03822890000000001 0.879746
1 0.950577 0.4438559999999999 0.06240460000000003 0.04187449999999998 0.865889
1 0.8842970000000001 0.437159 0.06969170000000002 0.046848 0.834816
1 0.47918000000000005 0.42679 0.011878800000000023 0.016531000000000018 0.554309
1 0.983753 0.4526800000000001 0.03249360000000001 0.03710770000000002 0.623218
1 0.840291 0.458449 0.09485889999999997 0.06436160000000002 0.838679
1 0.58567 0.428353 0.02170939999999999 0.0215669 0.520795
1 0.500095 0.41594 0.018734500000000043 0.024092800000000025 0.524905
1 0.666644 0.432516 0.02276100000000003 0.025778699999999988 0.328537
