1 0.791241 0.555898 0.28647 0.29875499999999994 0.974872
1 0.421415 0.457931 0.0472591 0.0607625 0.94282
1 0.606583 0.477626 0.06908910000000001 0.09440310000000002 0.934811
1 0.046933225 0.572098 0.09386645 0.20857199999999998 0.906452
1 0.49884800000000007 0.433779 0.023294600000000054 0.0369256 0.891817
1 0.393426 0.442363 0.034457300000000024 0.04973919999999998 0.888272
1 0.461666 0.426361 0.01357750000000002 0.01678639999999998 0.438989
1 0.5240289999999999 0.430859 0.01743079999999997 0.02484439999999999 0.426791
1 0.5787690000000001 0.457611 0.048803700000000005 0.07736979999999999 0.785969
2 0.445296 0.43866499999999997 0.011681400000000008 0.04205169999999997 0.499044
