1 0.382351 0.481418 0.06947439999999999 0.08621870000000004 0.951367
1 0.6533900000000001 0.43924700000000005 0.03565180000000001 0.0335878 0.906923
1 0.8356810000000001 0.437866 0.06580890000000006 0.0393096 0.900406
1 0.529027 0.438206 0.06154759999999998 0.042466899999999974 0.893185
1 0.460333 0.432801 0.024077000000000015 0.03445569999999998 0.874826
1 0.213964 0.448624 0.05926519999999999 0.043842400000000004 0.828626
1 0.30421 0.439982 0.07138240000000001 0.04777100000000001 0.717682
1 0.331399 0.440489 0.040206699999999984 0.026641000000000026 0.659812
1 0.483965 0.42496899999999993 0.010448500000000027 0.016255799999999987 0.37401
2 0.357932 0.505457 0.019932100000000008 0.04001159999999998 0.33085
