1 0.240564 0.464117 0.14989600000000003 0.11377400000000004 0.951897
1 0.813672 0.469685 0.06959780000000004 0.10690099999999997 0.950119
1 0.028112925 0.449557 0.05622585 0.0731618 0.945213
1 0.619251 0.44179099999999993 0.0492013 0.04391309999999998 0.944846
1 0.44065199999999993 0.452159 0.06371569999999999 0.05379529999999999 0.938858
1 0.510255 0.43743599999999994 0.04870740000000001 0.03249819999999998 0.85779
1 0.770807 0.43722400000000006 0.02955680000000005 0.04115540000000001 0.854026
1 0.307321 0.46210300000000004 0.06177060000000001 0.06532860000000001 0.824569
1 0.673222 0.441745 0.022245100000000018 0.0177022 0.34753
2 0.32407 0.463216 0.026920100000000002 0.05870900000000001 0.642924
