0 0.194872 0.464566 0.0169976 0.08757950000000003 0.882331
0 0.914304 0.443615 0.014287599999999956 0.06959169999999998 0.826795
0 0.9545669999999999 0.452121 0.013050099999999953 0.061156900000000014 0.679774
0 0.6224050000000001 0.434216 0.009117130000000029 0.04321140000000001 0.306664
1 0.307312 0.460016 0.0734264 0.08040789999999998 0.956252
1 0.9230049999999999 0.491861 0.09715039999999997 0.11953299999999994 0.954029
1 0.661305 0.464322 0.053238499999999966 0.06082530000000003 0.936865
1 0.371776 0.433407 0.04166439999999999 0.028113 0.84451
1 0.871997 0.474039 0.04407629999999996 0.07107540000000001 0.842742
1 0.342098 0.436161 0.029718000000000022 0.041313600000000006 0.834831
1 0.7000710000000001 0.424711 0.024117300000000008 0.011424400000000001 0.403496
