0 0.266964 0.462648 0.014237800000000023 0.07313749999999997 0.860093
0 0.588909 0.445235 0.009159469999999947 0.048582000000000014 0.839696
0 0.404355 0.43201 0.006489469999999997 0.03431129999999999 0.693031
0 0.565031 0.437006 0.007629389999999958 0.039780499999999996 0.52218
1 0.726082 0.45673700000000006 0.09303989999999995 0.051064900000000024 0.929203
1 0.444661 0.44158 0.03958719999999999 0.0535139 0.920277
1 0.0454724 0.451732 0.0909448 0.0683957 0.913147
1 0.498896 0.431003 0.019680600000000048 0.033780599999999994 0.869942
1 0.472186 0.42965700000000007 0.02076260000000002 0.024345600000000023 0.793942
1 0.97234 0.443147 0.055166599999999955 0.06225910000000001 0.771174
1 0.6237950000000001 0.444149 0.025313800000000053 0.020249799999999984 0.564189
1 0.6910510000000001 0.461175 0.02195720000000001 0.022648500000000016 0.629076
1 0.292653 0.462443 0.010960999999999999 0.011199999999999988 0.370307
2 0.876266 0.448165 0.039612199999999986 0.06517669999999998 0.927454
