0 0.773965 0.489248 0.034198300000000015 0.17007600000000006 0.948534
0 0.6388589999999998 0.457739 0.01712389999999997 0.08928730000000001 0.90315
0 0.325376 0.453288 0.010723399999999994 0.0616332 0.857257
0 0.33545 0.450651 0.01227060000000002 0.05884 0.826927
1 0.498479 0.496162 0.07778679999999999 0.12282100000000001 0.954659
1 0.463183 0.434671 0.02299469999999998 0.03301759999999998 0.843964
1 0.499475 0.42553 0.03569620000000001 0.030576900000000018 0.635756
1 0.9894349999999998 0.535175 0.02019749999999998 0.11899799999999999 0.495464
1 0.475716 0.427259 0.015381199999999984 0.02409870000000003 0.570143
2 0.43613 0.44442100000000007 0.018222300000000025 0.06403540000000002 0.881816
