1 0.5902130000000001 0.422002 0.07880030000000005 0.15949299999999994 0.945991
1 0.925456 0.462955 0.13239800000000002 0.0683533 0.927424
1 0.791345 0.44236 0.10822900000000002 0.0601023 0.923219
1 0.4408770000000001 0.446806 0.03593750000000001 0.0458364 0.91624
1 0.702326 0.439411 0.06625080000000005 0.0331592 0.873721
1 0.522725 0.421315 0.023108200000000023 0.0424138 0.802427
1 0.19101800000000002 0.431939 0.028164600000000012 0.03122720000000001 0.650833
1 0.333813 0.44248300000000007 0.018177 0.01170880000000002 0.523926
1 0.660502 0.43143999999999993 0.03266100000000005 0.03774179999999999 0.531889
1 0.38281200000000004 0.447698 0.015474700000000008 0.015643399999999974 0.499442
2 0.866258 0.4714 0.026446199999999975 0.04413699999999998 0.566914
