0 0.28832899999999995 0.441382 0.013080099999999983 0.06139220000000001 0.800164
0 0.142894 0.431824 0.005384019999999989 0.025747999999999993 0.702182
0 0.11923899999999998 0.430901 0.006151699999999996 0.026876999999999984 0.342836
1 0.800983 0.562901 0.396088 0.32037699999999997 0.962107
1 0.244301 0.473688 0.07346909999999998 0.11327099999999996 0.954512
1 0.0517614 0.43697600000000003 0.048737300000000004 0.026530600000000015 0.887835
1 0.00773057 0.447325 0.0154611 0.0553536 0.847098
1 0.18589899999999998 0.4455239999999999 0.029947799999999997 0.040156899999999995 0.82767
1 0.0178223 0.444044 0.018580200000000005 0.03395910000000002 0.688735
1 0.221831 0.45726600000000006 0.04801259999999999 0.06494850000000002 0.774015
1 0.16962499999999997 0.443054 0.02007909999999999 0.03312159999999997 0.488498
2 0.27539099999999994 0.506977 0.013846799999999992 0.041539999999999966 0.433698
