0 0.8946910000000001 0.499196 0.03293570000000001 0.16058400000000006 0.923352
0 0.552191 0.4417420000000001 0.014998599999999973 0.05592340000000001 0.844117
0 0.617431 0.460384 0.008260539999999983 0.04710979999999998 0.81663
0 0.48947799999999997 0.446078 0.011604899999999974 0.0577357 0.79317
0 0.433292 0.435536 0.008300589999999997 0.03729959999999999 0.736574
0 0.419908 0.433835 0.007283499999999998 0.03746689999999997 0.68517
1 0.486189 0.478772 0.06287979999999999 0.09391370000000004 0.950793
1 0.970086 0.49418699999999993 0.05904200000000004 0.07704039999999995 0.88586
1 0.403656 0.442766 0.03362860000000001 0.030931600000000004 0.879936
1 0.28672600000000004 0.432106 0.02732960000000001 0.027134199999999997 0.867855
1 0.254261 0.428167 0.014236899999999997 0.02103949999999999 0.819607
1 0.321172 0.434968 0.021901500000000018 0.024650899999999976 0.807511
2 0.486483 0.48304600000000003 0.064365 0.08342780000000005 0.44737
