0 0.5812090000000001 0.438152 0.00911757000000002 0.050877300000000014 0.822391
0 0.5702749999999999 0.4335399999999999 0.00893668999999997 0.04597659999999998 0.767026
0 0.631562 0.44521199999999994 0.007013509999999945 0.05630249999999998 0.695079
1 0.49558500000000005 0.674367 0.27784600000000004 0.39230500000000007 0.979109
1 0.232574 0.44867 0.09812940000000003 0.06864910000000002 0.936211
1 0.438655 0.446102 0.043008800000000014 0.0641583 0.889123
1 0.498051 0.472312 0.08441800000000005 0.12665300000000002 0.888706
1 0.932276 0.461058 0.11768500000000004 0.074762 0.458987
1 0.34237700000000004 0.443608 0.01413700000000001 0.016013100000000002 0.388262
1 0.460016 0.436416 0.010869399999999974 0.020464099999999985 0.364049
1 0.32343200000000005 0.445301 0.018517300000000014 0.017357100000000014 0.311113
