0 0.606077 0.44481000000000004 0.013377799999999995 0.06448700000000002 0.88624
0 0.2816409999999999 0.45041600000000004 0.016147599999999984 0.08280110000000002 0.882745
0 0.31849700000000003 0.445662 0.013426800000000016 0.0691347 0.849769
0 0.406018 0.432291 0.00563830999999998 0.030191199999999974 0.689594
0 0.512873 0.431242 0.007536320000000041 0.03261550000000002 0.318786
1 0.497673 0.5418 0.145304 0.22148799999999996 0.966836
1 0.21429399999999998 0.43965599999999994 0.04593359999999999 0.04763069999999997 0.88273
1 0.154293 0.442659 0.04529649999999999 0.03701139999999997 0.814768
1 0.500302 0.43298900000000007 0.022274499999999975 0.03742010000000001 0.802497
1 0.0521581 0.442643 0.05176820000000001 0.03538459999999999 0.457309
