1 0.29038 0.48390500000000003 0.09780520000000001 0.13081700000000002 0.964685
1 0.5673730000000001 0.47387900000000005 0.05702320000000005 0.08488290000000004 0.946771
1 0.397656 0.449107 0.0452823 0.06037769999999998 0.944272
1 0.442191 0.442729 0.037361299999999986 0.05515809999999999 0.905076
1 0.499105 0.441813 0.026553499999999952 0.038578500000000016 0.904732
1 0.3507330000000001 0.470123 0.03003070000000002 0.08618329999999996 0.874234
1 0.0561711 0.607104 0.112342 0.36703700000000006 0.835969
1 0.3213980000000001 0.431224 0.02879320000000002 0.04086719999999999 0.828923
1 0.538454 0.44886899999999996 0.036243000000000025 0.05049589999999998 0.902951
1 0.52216 0.430984 0.023969699999999983 0.02951490000000001 0.600989
2 0.250455 0.523093 0.019145999999999996 0.05417160000000004 0.777183
2 0.548463 0.477761 0.014365799999999984 0.07122819999999996 0.459385
2 0.412629 0.457536 0.01343939999999999 0.043947599999999976 0.395456
