1 0.42777799999999994 0.580928 0.15983899999999995 0.26325599999999993 0.970441
1 0.506841 0.4660540000000001 0.06335789999999997 0.07449730000000004 0.945002
1 0.321523 0.443512 0.03523900000000002 0.039721300000000015 0.918042
1 0.36732600000000004 0.441529 0.035585900000000004 0.04006480000000001 0.900741
1 0.404322 0.449062 0.03397939999999999 0.03594350000000002 0.899305
1 0.24631599999999998 0.42811199999999994 0.02313499999999999 0.019541799999999998 0.85324
1 0.274892 0.428182 0.01732060000000002 0.01999899999999999 0.722731
1 0.300361 0.438512 0.022021400000000024 0.030037199999999986 0.799838
1 0.280504 0.44040899999999994 0.02212219999999998 0.020373299999999983 0.640678
1 0.341932 0.434761 0.02400190000000002 0.029598699999999978 0.462513
