1 0.116215 0.517327 0.145853 0.16264300000000004 0.971052
1 0.628535 0.480051 0.0813351 0.12063299999999999 0.961192
1 0.271758 0.47002900000000003 0.09895290000000001 0.11902700000000005 0.948306
1 0.41865 0.439961 0.025034200000000006 0.030658999999999992 0.885147
1 0.5462120000000001 0.44192699999999996 0.026380100000000017 0.049161999999999983 0.884194
1 0.464561 0.4335359999999999 0.02090989999999998 0.031114699999999995 0.844989
1 0.572233 0.451924 0.046156500000000045 0.07197100000000001 0.847021
1 0.438574 0.436569 0.016611700000000007 0.02184720000000001 0.606646
1 0.21730300000000002 0.498474 0.11513100000000001 0.10763499999999998 0.949
1 0.478274 0.42791 0.010839700000000008 0.019663299999999995 0.518901
2 0.555013 0.463461 0.014140900000000012 0.05124829999999997 0.410835
