1 0.57797 0.653985 0.24349899999999997 0.413292 0.97164
1 0.9280409999999999 0.45819999999999994 0.06586879999999995 0.07580749999999997 0.928917
1 0.32513 0.44119699999999995 0.0643399 0.05055409999999999 0.928835
1 0.864983 0.442867 0.04128759999999998 0.05504930000000002 0.914869
1 0.800979 0.43950199999999995 0.046593499999999954 0.038362799999999975 0.905915
1 0.526536 0.45272199999999996 0.05826229999999999 0.053002099999999996 0.895128
1 0.619494 0.442268 0.08618239999999999 0.058080999999999994 0.884828
1 0.7072209999999999 0.434811 0.0431608 0.02885110000000002 0.829406
1 0.95486 0.505684 0.08931100000000003 0.41476099999999994 0.784109
1 0.651317 0.44693 0.029826200000000025 0.04076780000000002 0.573173
2 0.431919 0.455002 0.053810899999999995 0.09553900000000004 0.945093
