0 0.6033389999999998 0.445032 0.010910599999999993 0.055807300000000004 0.630015
1 0.841986 0.7140410000000001 0.316028 0.5601610000000001 0.96862
1 0.143912 0.538456 0.177483 0.16271900000000006 0.965149
1 0.4996419999999999 0.513925 0.09721419999999997 0.15083899999999995 0.964184
1 0.3909210000000001 0.448627 0.05190800000000001 0.06969969999999998 0.941453
1 0.788877 0.45380699999999996 0.11724599999999996 0.08347739999999998 0.922619
1 0.571231 0.473379 0.06689619999999996 0.11302600000000002 0.919623
1 0.4249379999999999 0.438951 0.028293999999999986 0.0395566 0.876543
1 0.24637699999999998 0.49142600000000003 0.12044899999999997 0.15768100000000002 0.947088
1 0.499092 0.441704 0.032669599999999965 0.017556799999999984 0.744667
1 0.0517326 0.6107500000000001 0.103353 0.2778630000000001 0.89888
1 0.443423 0.43826600000000004 0.017556399999999972 0.023106000000000015 0.696971
1 0.477853 0.426342 0.016372700000000018 0.015494600000000025 0.649517
1 0.536338 0.448767 0.049025499999999944 0.06419020000000003 0.834415
1 0.457483 0.433176 0.014973300000000023 0.017917000000000016 0.598441
1 0.49969699999999995 0.46189 0.044167299999999965 0.06405349999999999 0.848653
