0 0.801 0.460192 0.023406000000000038 0.11596799999999996 0.834545
0 0.57456 0.439258 0.010565900000000017 0.050753099999999995 0.767127
0 0.73444 0.449628 0.011645899999999987 0.06566179999999999 0.514664
0 0.221197 0.427071 0.0068032299999999934 0.029727899999999974 0.309698
1 0.751314 0.504504 0.11535799999999996 0.142428 0.970913
1 0.0596948 0.566454 0.119304 0.323361 0.951676
1 0.892647 0.449522 0.10716300000000001 0.0763141 0.930929
1 0.683272 0.47709899999999994 0.057419600000000015 0.07532109999999997 0.914439
1 0.135426 0.43493800000000005 0.0505275 0.02749790000000002 0.810426
1 0.673322 0.44069500000000006 0.03537179999999995 0.0341012 0.712297
