0 0.5518719999999999 0.48273999999999995 0.03140719999999997 0.12180699999999994 0.879928
1 0.50361 0.517955 0.11643500000000001 0.15813600000000005 0.964746
1 0.034646725 0.48477299999999995 0.06929345 0.10784399999999994 0.957958
1 0.404495 0.464009 0.06491259999999999 0.08756019999999998 0.952352
1 0.139889 0.45916899999999994 0.04716300000000001 0.067054 0.925725
1 0.21902299999999997 0.45479100000000006 0.04175599999999999 0.06029190000000001 0.917853
1 0.598374 0.449437 0.11345899999999998 0.06716719999999998 0.895118
1 0.349041 0.4446709999999999 0.026985499999999996 0.03380909999999998 0.8761
1 0.17893599999999998 0.434631 0.03574079999999999 0.03817579999999998 0.846583
1 0.335868 0.440458 0.01691290000000001 0.029029499999999986 0.567234
