0 0.587205 0.455231 0.019667800000000013 0.08759269999999997 0.905348
0 0.12022 0.45019699999999996 0.015461700000000009 0.0819127 0.89914
0 0.536505 0.449001 0.014969600000000027 0.07260739999999999 0.893963
0 0.442638 0.44084600000000007 0.010398899999999989 0.051475400000000004 0.696066
0 0.353233 0.432114 0.009579090000000012 0.046638100000000016 0.378811
1 0.456515 0.455418 0.05328299999999997 0.05904680000000001 0.940401
1 0.35982099999999995 0.442103 0.027520099999999992 0.03271780000000002 0.842615
1 0.188246 0.42839700000000003 0.02600849999999999 0.01872760000000001 0.787076
1 0.55786 0.94679 0.09660879999999994 0.10582999999999998 0.510846
1 0.29527000000000003 0.431421 0.018580600000000003 0.025834899999999994 0.510701
1 0.162303 0.43117 0.02130080000000001 0.019175700000000018 0.366358
2 0.387667 0.455025 0.02757759999999998 0.09111460000000005 0.901753
