0 0.650757 0.541307 0.0262907 0.14857600000000004 0.906787
1 0.18436000000000002 0.452311 0.112399 0.09282809999999997 0.955623
1 0.554049 0.443646 0.09379689999999996 0.06098890000000001 0.95124
1 0.0250688 0.448157 0.0500916 0.07545269999999998 0.93968
1 0.36107500000000003 0.46351700000000007 0.115755 0.06824170000000002 0.925365
1 0.9648649999999999 0.501075 0.06999509999999998 0.14464000000000005 0.913361
1 0.256732 0.440987 0.05189030000000003 0.05689499999999997 0.885873
1 0.12942 0.451098 0.0516336 0.04785050000000002 0.786714
1 0.9839340000000001 0.423226 0.031213000000000046 0.01530609999999999 0.449689
1 0.339426 0.442145 0.0798142 0.048191399999999995 0.885075
