0 0.6315410000000001 0.45759099999999997 0.01668170000000002 0.07330629999999999 0.882379
0 0.59226 0.43236399999999997 0.010900200000000027 0.048720299999999994 0.698624
0 0.417071 0.431079 0.005750079999999991 0.031976000000000004 0.660196
0 0.323859 0.435543 0.009217639999999971 0.04381489999999999 0.368638
1 0.496203 0.663386 0.2590180000000001 0.36683399999999994 0.977182
1 0.658641 0.437293 0.07241300000000006 0.042806200000000016 0.854855
1 0.283349 0.43699 0.07506639999999998 0.04877029999999999 0.730605
1 0.500507 0.43237400000000004 0.020132600000000056 0.03202310000000003 0.726665
1 0.468085 0.43591 0.017425000000000024 0.023316100000000006 0.587263
1 0.0988739 0.47312599999999994 0.03171589999999999 0.025243799999999983 0.470425
1 0.194813 0.442888 0.0681136 0.0457187 0.390123
