0 0.429971 0.436524 0.008345409999999998 0.041692600000000024 0.683784
0 0.408141 0.428457 0.006287959999999981 0.028217199999999998 0.607601
0 0.503439 0.43707300000000004 0.0069432300000000224 0.03576180000000001 0.493307
0 0.6294500000000001 0.4397960000000001 0.0110209 0.044754000000000016 0.391845
1 0.16117 0.485811 0.08862390000000002 0.10943799999999998 0.961064
1 0.28451 0.45363299999999995 0.054646399999999984 0.0717081 0.936068
1 0.439492 0.450688 0.04085159999999999 0.0534095 0.926844
1 0.5939159999999999 0.438038 0.048541999999999974 0.03628399999999998 0.866415
1 0.03510649999999999 0.539219 0.07001569999999999 0.16764800000000002 0.797589
2 0.034992199999999994 0.539324 0.06978309999999999 0.16857699999999998 0.59712
