0 0.27299699999999993 0.446452 0.01078119999999999 0.0515371 0.484047
1 0.647601 0.491166 0.131367 0.16625299999999998 0.964818
1 0.139161 0.510431 0.171008 0.17853800000000003 0.964331
1 0.396161 0.441164 0.03311010000000003 0.05176649999999999 0.917723
1 0.49973500000000004 0.4674 0.06373520000000005 0.09694619999999998 0.914232
1 0.445295 0.44295299999999993 0.03206419999999999 0.04945539999999998 0.894374
1 0.232862 0.486478 0.09538340000000001 0.12614000000000003 0.831353
1 0.534764 0.436562 0.038217500000000015 0.026779900000000023 0.664772
1 0.610929 0.47565 0.06206469999999997 0.07759889999999997 0.880542
2 0.49919099999999994 0.47586799999999996 0.03094469999999999 0.11857599999999996 0.888541
2 0.5463339999999999 0.437964 0.013263499999999984 0.03911999999999999 0.608402
