0 0.516826 0.439191 0.006727700000000003 0.038214899999999996 0.483063
0 0.246846 0.439855 0.010710299999999978 0.049537300000000006 0.400228
0 0.45306899999999994 0.4337059999999999 0.007616809999999974 0.0360048 0.335821
1 0.481171 0.531571 0.11428499999999997 0.15422499999999995 0.965698
1 0.134808 0.494158 0.10066999999999998 0.12324399999999996 0.96208
1 0.942316 0.484886 0.11519100000000004 0.12770800000000004 0.954414
1 0.223577 0.467792 0.059597100000000014 0.07998090000000002 0.947148
1 0.298502 0.44821 0.04315970000000002 0.0577607 0.918895
1 0.341463 0.432107 0.015427799999999992 0.018378700000000026 0.614648
2 0.246809 0.44223200000000007 0.014223399999999997 0.06151040000000002 0.308183
