0 0.578892 0.438017 0.00972614000000005 0.047800200000000015 0.813737
0 0.603362 0.425589 0.008699039999999991 0.04586420000000002 0.491374
0 0.428126 0.425586 0.007046600000000014 0.030364999999999975 0.387087
1 0.112599 0.44636700000000007 0.06619710000000001 0.06143470000000001 0.891813
1 0.469579 0.42910100000000007 0.019693599999999978 0.028538000000000008 0.856656
1 0.037715900000000004 0.45363999999999993 0.06329950000000001 0.0456317 0.844362
1 0.479776 0.448291 0.011554300000000017 0.013683400000000012 0.570938
1 0.283528 0.446956 0.014870099999999997 0.012556500000000026 0.417076
1 0.498348 0.444012 0.026409499999999975 0.04146709999999998 0.368438
2 0.498603 0.487221 0.04854910000000001 0.17374500000000004 0.944513
