0 0.729691 0.479322 0.02991330000000003 0.13966000000000006 0.909462
0 0.247205 0.45864200000000005 0.02021169999999997 0.08518060000000005 0.893214
0 0.569758 0.43954800000000005 0.008077809999999963 0.04199170000000002 0.847761
0 0.388677 0.4329 0.008010289999999975 0.04360940000000002 0.839435
1 0.708832 0.451661 0.11946999999999997 0.08216279999999998 0.944619
1 0.275033 0.453171 0.12059799999999998 0.07776939999999999 0.93585
1 0.498402 0.43952900000000006 0.03462610000000005 0.048956500000000014 0.900494
1 0.43457200000000007 0.44389600000000007 0.0518266 0.06475320000000001 0.844743
1 0.0934995 0.465646 0.110125 0.0632797 0.821303
1 0.9860930000000001 0.470177 0.027054800000000045 0.0342247 0.659274
1 0.474048 0.43210799999999994 0.020197299999999974 0.02816869999999999 0.64087
1 0.524002 0.464722 0.11224199999999995 0.03828140000000002 0.663369
2 0.453398 0.432161 0.018866700000000014 0.05245899999999998 0.305762
