1 0.499107 0.541001 0.12314499999999995 0.17702100000000004 0.966097
1 0.878026 0.449419 0.09439810000000004 0.04715409999999998 0.929977
1 0.8064289999999998 0.443616 0.056741299999999995 0.0460025 0.918621
1 0.49948000000000004 0.438658 0.026272600000000035 0.03974749999999999 0.902406
1 0.7238740000000001 0.434021 0.07633290000000004 0.04296850000000002 0.890703
1 0.9642740000000001 0.451628 0.07109240000000006 0.0684671 0.879587
1 0.565952 0.430798 0.019519399999999965 0.029278899999999997 0.863779
1 0.679739 0.43227099999999996 0.04020489999999999 0.029025699999999988 0.848425
1 0.534421 0.42410099999999995 0.02053079999999996 0.011775099999999983 0.495514
2 0.964252 0.452978 0.07094610000000001 0.06604179999999998 0.528025
