0 0.45632700000000004 0.43528500000000003 0.011447700000000005 0.04442600000000002 0.344831
1 0.601932 0.47751 0.08106400000000002 0.09544710000000006 0.957699
1 0.3691209999999999 0.433114 0.022999099999999995 0.03455560000000002 0.894777
1 0.440161 0.442201 0.03712169999999998 0.04061159999999997 0.875509
1 0.47751 0.450351 0.03931060000000003 0.03805320000000001 0.867826
1 0.32045900000000005 0.427318 0.022633300000000023 0.02145229999999998 0.852477
1 0.350537 0.425964 0.015477799999999986 0.020020399999999994 0.712267
1 0.41840199999999994 0.43113 0.020232399999999984 0.02481929999999999 0.709977
1 0.394672 0.421269 0.020623100000000005 0.014616399999999974 0.544025
1 0.296876 0.427771 0.0171848 0.014346000000000025 0.493652
