1 0.7037999033927917 0.5174391120672226 0.13656795024871826 0.19141224026679993 0.9659860042315871
1 0.16732260957360268 0.49916884303092957 0.1631530150771141 0.17992156744003296 0.9564349542558545
1 0.5936898589134216 0.4620446711778641 0.05918264389038086 0.0896899402141571 0.923168001286372
1 0.07509926345665008 0.5563480854034424 0.14948143786750734 0.19111502170562744 0.9140240162145572
1 0.6415934562683105 0.4800422042608261 0.08489644527435303 0.12300494313240051 0.8992299833933844
1 0.5585649907588959 0.44546404480934143 0.039610087871551514 0.060722291469573975 0.8827100237998137
1 0.4073619991540909 0.43870115280151367 0.030739277601242065 0.038861870765686035 0.8684740109395702
1 0.42781223356723785 0.4374191164970398 0.028440266847610474 0.0369378924369812 0.5426480139977088
1 0.501145 0.421901 0.014313299999999973 0.026145100000000032 0.4428881039133344
1 0.531432 0.438347 0.017059500000000005 0.032045699999999955 0.387872073315678
1 0.52218 0.427866 0.016647099999999915 0.020113099999999995 0.32946137727785724
1 0.465866 0.426058 0.01239990000000002 0.01367649999999998 0.3287027063242971
