1 0.3643578141927719 0.45185486972332 0.05176672339439392 0.07428064942359924 0.9399030253800659
0 0.18338647112250328 0.6696653068065643 0.13737744837999344 0.4957118630409241 0.938220002199179
2 0.22136613726615906 0.5223254859447479 0.08073121309280396 0.2240857481956482 0.9069549799984407
1 0.480607 0.433303 0.024193600000000037 0.03876460000000004 0.826558
1 0.4292813539505005 0.4378525912761688 0.03149324655532837 0.0428585410118103 0.8110898834236305
1 0.5192069411277771 0.43152762949466705 0.03024601936340332 0.02906617522239685 0.7745460251850554
1 0.5011589527130127 0.4409406930208206 0.023314237594604492 0.031305521726608276 0.6793809949843436
1 0.449306 0.425056 0.03570770000000001 0.018908999999999954 0.408823
1 0.458816 0.421897 0.02199910000000005 0.015754999999999963 0.3789919663571309
1 0.379057 0.430418 0.021154600000000023 0.024609199999999998 0.3321233820800673
1 0.40305812656879425 0.43364980816841125 0.024532824754714966 0.02338552474975586 0.267429727246054
1 0.459321 0.427832 0.02015290000000003 0.018437400000000048 0.19968761405526234
