1 0.5236277431249619 0.4500100612640381 0.05697944760322571 0.06924676895141602 0.9278919873101681
1 0.28846846520900726 0.4638233035802841 0.05063942074775696 0.062020689249038696 0.9168600255948333
1 0.34667834639549255 0.4422703832387924 0.030638396739959717 0.04654964804649353 0.915318010396238
1 0.06024696262284124 0.5525270700454712 0.12039806780012441 0.1817260980606079 0.903109014608565
1 0.3791802078485489 0.43705521523952484 0.021403759717941284 0.023906558752059937 0.8905959771908577
1 0.625105 0.438852 0.0761947999999999 0.047713899999999976 0.8770544414671695
1 0.512132 0.444448 0.04083600000000004 0.05227740000000003 0.7227392027936278
1 0.473886 0.431952 0.029896800000000057 0.02307669999999995 0.67502
1 0.457650750875473 0.43219058215618134 0.016975581645965576 0.01761987805366516 0.3844835959660903
1 0.4972150000000001 0.446298 0.01517240000000003 0.04584929999999998 0.29739049810118895
