1 0.878846287727356 0.5602962225675583 0.21897053718566895 0.23059776425361633 0.968553005360375
1 0.7276783883571625 0.4979880601167679 0.09512144327163696 0.12062916159629822 0.9577590082787214
2 0.09324426203966141 0.4670986533164978 0.034590840339660645 0.10395205020904541 0.9288650516964937
1 0.01702969763209694 0.44715189933776855 0.03389890753169311 0.0644579529762268 0.922417051799284
1 0.9489750862121582 0.462570458650589 0.10153555870056152 0.0970267653465271 0.9067280008703564
1 0.4999741464853287 0.43285471200942993 0.052646130323410034 0.034305691719055176 0.8380579879624436
0 0.6511655151844025 0.4423336088657379 0.01248091459274292 0.0534665584564209 0.7457870099626255
1 0.0215669 0.437663 0.042001800000000006 0.030939199999999945 0.7428179238997757
0 0.7371740639209747 0.4551953375339508 0.016291320323944092 0.08340692520141602 0.7274340012535202
0 0.754465252161026 0.46505309641361237 0.025075852870941162 0.10422715544700623 0.6881509263232887
1 0.6645505130290985 0.43810273706912994 0.0372195839881897 0.033567458391189575 0.62810601097406
1 0.0732658 0.43672 0.036952299999999993 0.0297172 0.5638248988350224
0 0.456714 0.434036 0.010625800000000019 0.03739099999999995 0.431684
1 0.0865025 0.435794 0.052877299999999995 0.03501710000000002 0.4260881628759836
1 0.0358009 0.439292 0.013639200000000004 0.018401299999999954 0.29166640317198134
