1 0.03559668140951544 0.4442451298236847 0.06776281143538654 0.05592542886734009 0.9252670526692759
1 0.14449407160282135 0.4398224651813507 0.04329928755760193 0.04562753438949585 0.9099070203656954
1 0.4791008532047272 0.4321564733982086 0.023272693157196045 0.025530338287353516 0.8055849973800736
0 0.288893 0.426547 0.008318040000000027 0.036402900000000016 0.754717
0 0.17403916269540787 0.4402983486652374 0.011170551180839539 0.05271846055984497 0.7390403245525383
1 0.5077610909938812 0.43077850341796875 0.015686094760894775 0.017013132572174072 0.6426206512349713
1 0.05447174422442913 0.44354039430618286 0.04577657952904701 0.0363926887512207 0.6254813496044513
1 0.611414 0.424432 0.02220080000000002 0.01842189999999999 0.551516184373798
1 0.4486791044473648 0.4333279877901077 0.019226402044296265 0.021401554346084595 0.40568316232701507
1 0.0682089 0.445459 0.019552299999999995 0.03238850000000004 0.356920620872528
