1 0.5629357099533081 0.472367987036705 0.08750832080841064 0.12056663632392883 0.9574179657168999
1 0.41053277254104614 0.4440949559211731 0.03524315357208252 0.05183911323547363 0.8825865051796667
1 0.516767144203186 0.43227583169937134 0.020076751708984375 0.025171875953674316 0.7522007962951396
1 0.4277114123106003 0.43737563490867615 0.026928991079330444 0.03857147693634033 0.7088568007834227
1 0.5431024134159088 0.4524811804294586 0.04824095964431763 0.07245880365371704 0.6288289774817165
1 0.433798 0.446936 0.01659630000000001 0.022664899999999988 0.6034089429140386
1 0.469865 0.426611 0.012241599999999964 0.018744399999999994 0.5392873125655924
1 0.443804 0.438857 0.015025900000000036 0.023372700000000024 0.48667425609023257
1 0.522445 0.43983 0.016106600000000082 0.02791189999999999 0.3726305286894621
1 0.450067 0.430075 0.02649900000000005 0.022504599999999986 0.3034794071713162
1 0.438637 0.432413 0.027813399999999988 0.02975430000000001 0.2741369655120107
