1 0.25041110813617706 0.46960844099521637 0.06865444779396057 0.06577178835868835 0.9319969592225554
1 0.2816414311528206 0.45297524333000183 0.07432757318019867 0.0787041187286377 0.9222310087094698
1 0.3198976069688797 0.4498046785593033 0.04338082671165466 0.055241674184799194 0.894270984065769
1 0.17795304208993912 0.44213488698005676 0.07463304698467255 0.047049760818481445 0.8904599974001827
1 0.4377080798149109 0.43696194887161255 0.050489842891693115 0.049492597579956055 0.8805480107131889
1 0.38470320403575897 0.4396795481443405 0.040102630853652954 0.034092456102371216 0.8377439446034328
1 0.5701158940792084 0.4432295560836792 0.03806525468826294 0.058569490909576416 0.6459580041119763
1 0.48306400000000005 0.440439 0.038174100000000044 0.017098700000000022 0.3716024521319848
1 0.534595 0.432225 0.01881580000000005 0.013443800000000006 0.3232998853193012
1 0.183844 0.433853 0.060599000000000014 0.027965000000000018 0.31153351815281116
