1 0.9334600865840912 0.568709209561348 0.132502019405365 0.23088714480400085 0.9473119564186133
1 0.661733478307724 0.4602654427289963 0.054046452045440674 0.06478264927864075 0.9301280022603677
1 0.8859063684940338 0.48726096749305725 0.08736473321914673 0.14286214113235474 0.9290680376058856
1 0.7847715318202972 0.44035704433918 0.04680889844894409 0.03497621417045593 0.8813087433122265
1 0.5237951576709747 0.4364711046218872 0.04152399301528931 0.038342833518981934 0.8796380173390975
1 0.6880725026130676 0.4463127553462982 0.044863343238830566 0.039910733699798584 0.824561009961327
1 0.943709 0.439611 0.04881800000000003 0.041442699999999943 0.7666097528644655
1 0.8602326512336731 0.43541327118873596 0.042195916175842285 0.0271834135055542 0.5629944820657693
0 0.736594 0.433633 0.009171870000000082 0.037231000000000014 0.34560916318692586
1 0.847252 0.448005 0.012673399999999946 0.02101149999999996 0.27716107903233245
