1 0.5564863681793213 0.43781979382038116 0.035393476486206055 0.037929147481918335 0.9011790088416409
0 0.7735678255558014 0.4529352933168411 0.01357203722000122 0.05972650647163391 0.8728988195621786
0 0.9747094810009003 0.5365678668022156 0.0459786057472229 0.14815688133239746 0.8706000068710283
1 0.07431272337089467 0.5369461476802826 0.14855937820175313 0.23241513967514038 0.8669820043858575
0 0.8777031898498535 0.4684465676546097 0.01724398136138916 0.08304139971733093 0.8347829955923355
0 0.6115142703056335 0.43250590562820435 0.007038712501525879 0.03336834907531738 0.7259829853923341
0 0.915571 0.4585699999999999 0.022801400000000083 0.08776869999999998 0.722416
0 0.915732 0.450335 0.014419600000000088 0.06594940000000005 0.7206467331716871
0 0.644948273897171 0.43338021636009216 0.007023751735687256 0.032093167304992676 0.7169069902158568
1 0.474812 0.428566 0.021222300000000027 0.02188610000000002 0.67803
0 0.6283642649650574 0.4351334124803543 0.007883906364440918 0.03571632504463196 0.6512650417462714
0 0.362151 0.447786 0.008858009999999972 0.047709699999999966 0.62944
1 0.95537 0.466323 0.08925629999999996 0.07326310000000003 0.5981854858297243
1 0.504321 0.434745 0.02097020000000005 0.01671520000000004 0.5618717082066222
1 0.447429 0.427747 0.019348200000000038 0.016372900000000024 0.4591259847816236
