1 0.22679706662893295 0.5389019101858139 0.21963723003864288 0.2785971462726593 0.9718009985276722
1 0.4550241082906723 0.4382387697696686 0.02422216534614563 0.03582698106765747 0.9072800088630485
0 0.6645418405532837 0.4754391312599182 0.02184319496154785 0.10753798484802246 0.8939399978871806
0 0.580003172159195 0.44318993389606476 0.010123193264007568 0.051112860441207886 0.8301740021246408
0 0.4047284722328186 0.430917426943779 0.007285952568054199 0.03320106863975525 0.781844991859118
1 0.455399 0.444578 0.01947270000000001 0.02029320000000001 0.6538350142426563
0 0.37771186232566833 0.4368640333414078 0.007879793643951416 0.040990620851516724 0.5858543900910497
0 0.55794 0.43324 0.006502910000000028 0.031412899999999966 0.544871
1 0.49990900000000005 0.428157 0.014253200000000021 0.019946600000000037 0.455246
1 0.456254 0.429784 0.01672499999999999 0.022351099999999957 0.34157611375975755
1 0.46867 0.427721 0.017040399999999956 0.022658100000000014 0.29192588792822916
