1 0.7402478456497192 0.48951366543769836 0.07769012451171875 0.11411184072494507 0.9456869760583441
1 0.8148367404937744 0.4546891450881958 0.057633399963378906 0.08288908004760742 0.9363159572041885
1 0.6925120949745178 0.43289364874362946 0.03487372398376465 0.032209306955337524 0.8541349748054432
1 0.869435727596283 0.44366611540317535 0.031074881553649902 0.03568151593208313 0.8290253336115311
1 0.7414826154708862 0.4411693513393402 0.03249764442443848 0.046325504779815674 0.7842990226393026
1 0.8469809889793396 0.440157487988472 0.031219124794006348 0.0351887047290802 0.723833324167724
1 0.9866915643215179 0.4605206847190857 0.0263100266456604 0.07827544212341309 0.7161384420581107
1 0.011992668976745335 0.4846189320087433 0.02396121572382981 0.13597255945205688 0.6719509674027091
1 0.741564 0.427433 0.023405099999999956 0.013770500000000019 0.553921146274926
1 0.79801 0.430094 0.02680210000000005 0.029209599999999947 0.41083618892296775
1 0.7303146123886108 0.4641730785369873 0.051699280738830566 0.07390415668487549 0.3231679964756643
1 0.84969 0.437501 0.02061500000000005 0.02605780000000002 0.28298116906178644
1 0.715539 0.43595 0.012874800000000075 0.013110999999999984 0.2225677365373738
