1 0.6559014022350311 0.603406548500061 0.17911046743392944 0.28652775287628174 0.968357015195841
1 0.1099672520213062 0.5562724471092224 0.21922253488446586 0.23437094688415527 0.9652630377239306
1 0.3814418613910675 0.4804288446903229 0.06644320487976074 0.09364742040634155 0.9308800448325897
1 0.499170184135437 0.4665747135877609 0.06182706356048584 0.09315648674964905 0.911664974532521
1 0.38258354365825653 0.4445957690477371 0.0774621069431305 0.060636669397354126 0.9070789905068979
1 0.28143396228551865 0.4471019357442856 0.06351734697818756 0.06175723671913147 0.9040920260696104
1 0.549100250005722 0.4559987038373947 0.09111815690994263 0.06424936652183533 0.8620050238077869
2 0.499644 0.479109 0.03629389999999999 0.13190600000000002 0.8555240817717573
1 0.5997487604618073 0.45095354318618774 0.08077400922775269 0.07157391309738159 0.8095099928251406
0 0.501474 0.480839 0.026448999999999945 0.13255900000000004 0.312668
1 0.620662 0.452034 0.04262800000000011 0.060402100000000014 0.3069971397150176
