1 0.10116417706012726 0.5194222033023834 0.16404247283935547 0.16442745923995972 0.9700220024720162
1 0.4103329926729202 0.46569235622882843 0.057310134172439575 0.06527075171470642 0.9344710481149496
2 0.36014631390571594 0.4828537255525589 0.034486234188079834 0.12568482756614685 0.9302039716771837
1 0.6688334941864014 0.43543393909931183 0.05738413333892822 0.036567479372024536 0.8936350271347824
1 0.6484450697898865 0.43260878324508667 0.058518052101135254 0.03346812725067139 0.8836219847271463
1 0.7408017814159393 0.430807963013649 0.04890638589859009 0.026884764432907104 0.8274129783845601
1 0.776527464389801 0.4350541979074478 0.04921400547027588 0.02704760432243347 0.8109710104153033
1 0.499227 0.41843 0.016219699999999948 0.027472399999999952 0.711151
1 0.5710062086582184 0.4281470328569412 0.02739936113357544 0.01939442753791809 0.36576407581154025
1 0.130057 0.87049775 0.260114 0.25900449999999997 0.332961327666679
1 0.558337 0.427426 0.020775599999999894 0.015550100000000011 0.27679113916411757
1 0.733057 0.432942 0.029418399999999956 0.020810100000000054 0.21221497463741523
