1 0.791299432516098 0.5543399751186371 0.28788846731185913 0.31109029054641724 0.9743200132190756
1 0.607006311416626 0.477653831243515 0.06837821006774902 0.09043556451797485 0.9348109975916372
1 0.4215642660856247 0.4601415693759918 0.046054989099502563 0.05650085210800171 0.9060657005876395
1 0.39472685754299164 0.4417642056941986 0.03957536816596985 0.051327288150787354 0.8966720002169524
1 0.49938449263572693 0.4343361258506775 0.022982776165008545 0.0350266695022583 0.8918170079398411
1 0.5796222984790802 0.4592452347278595 0.052257001399993896 0.08197289705276489 0.8879630083742303
1 0.04678044840693474 0.5738527178764343 0.09356089681386948 0.21335935592651367 0.7017334928904009
2 0.445296 0.438665 0.011681399999999953 0.042051700000000025 0.48750439309606336
1 0.5247495472431183 0.4302414506673813 0.017320096492767334 0.024676352739334106 0.3958139972501474
1 0.461666 0.426361 0.01357750000000002 0.01678639999999998 0.33984510533918566
1 0.437628 0.438808 0.026439199999999996 0.0404158 0.2939679631157917
