1 0.8174623847007751 0.4425670802593231 0.08011078834533691 0.060105741024017334 0.918929017136551
1 0.5467487275600433 0.4360712319612503 0.029597938060760498 0.05087193846702576 0.900154624108272
1 0.7503979504108429 0.44464191794395447 0.07554513216018677 0.03939366340637207 0.8847913125492893
1 0.70027095079422 0.43538956344127655 0.06394088268280029 0.03945323824882507 0.8822320176706964
1 0.4996817409992218 0.40659740567207336 0.03407472372055054 0.07830113172531128 0.8445820119307259
1 0.47218142449855804 0.4183107018470764 0.023446112871170044 0.042431771755218506 0.798833994283707
1 0.719548 0.438995 0.05182829999999994 0.03638370000000002 0.762727
1 0.527444 0.405871 0.031303199999999975 0.05905249999999995 0.756225
1 0.631619781255722 0.42935533821582794 0.03261929750442505 0.028272420167922974 0.7398319914608694
1 0.6572406589984894 0.43556155264377594 0.04815918207168579 0.02688780426979065 0.6976260068822052
1 0.681423 0.433675 0.05663259999999992 0.03429890000000002 0.546272
1 0.710327 0.442987 0.031170300000000095 0.03375260000000002 0.5142929754159578
1 0.656517 0.436428 0.024996599999999924 0.025079700000000038 0.25970545386817573
1 0.791598 0.464165 0.019093500000000097 0.01644140000000005 0.23224543611947082
