1 0.7266112864017487 0.45628878474235535 0.08663159608840942 0.04950380325317383 0.92920303361994
2 0.8764569461345673 0.4471188336610794 0.03896206617355347 0.05969330668449402 0.9274539880969569
1 0.44493159651756287 0.44135773181915283 0.03822129964828491 0.052848637104034424 0.9094409835187959
1 0.04793716222047806 0.45163099467754364 0.09587432444095612 0.06955668330192566 0.892031908477194
0 0.26706844568252563 0.46294282376766205 0.014658510684967041 0.07283881306648254 0.8600929992913179
1 0.4992247223854065 0.43019866943359375 0.01887834072113037 0.03187054395675659 0.8534899999221007
0 0.5886577069759369 0.44506269693374634 0.009093821048736572 0.048844993114471436 0.8396959760358078
1 0.47275711596012115 0.4287931025028229 0.020288020372390747 0.022385478019714355 0.7755833629772628
1 0.9730082750320435 0.4430330842733383 0.053900837898254395 0.05932548642158508 0.7711740215093011
0 0.4044658690690994 0.43223127722740173 0.006233781576156616 0.03447240591049194 0.6930310049042262
0 0.5649566948413849 0.43700113892555237 0.0072817206382751465 0.038254380226135254 0.5221799948627427
1 0.691051 0.461175 0.0219571999999999 0.02264849999999996 0.48700172324671814
1 0.623795 0.444149 0.025313799999999942 0.020249799999999984 0.4367691904266618
2 0.87541 0.464539 0.038458300000000056 0.026483799999999946 0.3865714945381464
1 0.292653 0.462443 0.010960999999999999 0.011199999999999988 0.2866746579591694
1 0.763707 0.457707 0.015526499999999999 0.028779099999999946 0.21319040872056394
