0 0.8374283015727997 0.5414551198482513 0.036161720752716064 0.15126508474349976 0.947726017067389
0 0.7855722606182098 0.4966684728860855 0.03748363256454468 0.17881068587303162 0.9394269868041899
1 0.4295244961977005 0.4526159316301346 0.03741934895515442 0.05575242638587952 0.9135639913358949
1 0.49933846294879913 0.4371490329504013 0.02389475703239441 0.04030904173851013 0.8750810000695266
1 0.653509 0.434247 0.047426600000000096 0.03550229999999999 0.7386544759405268
1 0.429321 0.466616 0.03371139999999995 0.0275088 0.6400976509049785
0 0.33548 0.438508 0.008604429999999996 0.048898 0.628721
1 0.428959 0.443576 0.03269790000000006 0.030587299999999984 0.45832163874004306
1 0.4772961586713791 0.43168699741363525 0.02311602234840393 0.029910683631896973 0.423902896631152
1 0.455354 0.455579 0.026436400000000027 0.04284279999999996 0.37615060708317416
0 0.380389 0.430984 0.009249399999999963 0.045160599999999995 0.281564
