1 0.42459245026111603 0.4584115296602249 0.04054853320121765 0.05892094969749451 0.9225190366422903
1 0.8364110887050629 0.4382700175046921 0.06754833459854126 0.040081948041915894 0.8692619067041888
1 0.9243309497833252 0.44534626603126526 0.07404863834381104 0.03893393278121948 0.8658719764322361
1 0.90238 0.444275 0.06983129999999993 0.03476400000000002 0.8386651458541792
1 0.697757 0.436556 0.06489410000000007 0.04248810000000003 0.8351161532601034
1 0.497877 0.416497 0.019361399999999973 0.034178700000000006 0.830485
2 0.49791906774044037 0.43470512330532074 0.01289704442024231 0.04935446381568909 0.7641060237240619
1 0.564879 0.425887 0.020115399999999894 0.016552400000000023 0.5860722163096194
1 0.866672 0.440362 0.051601599999999914 0.03448720000000005 0.47477666821078546
1 0.458176 0.427847 0.012452299999999972 0.014202500000000007 0.3568354639287611
