1 0.589782178401947 0.41657066345214844 0.07946085929870605 0.1695849895477295 0.9459909630341217
1 0.9249088168144226 0.46221989393234253 0.13240110874176025 0.06796467304229736 0.9248100337747323
1 0.7876028716564178 0.44220417737960815 0.10022574663162231 0.05937105417251587 0.9171630287939901
1 0.4415746182203293 0.4463421553373337 0.0365203320980072 0.04851570725440979 0.9149529746157241
1 0.7412190735340118 0.43924780189991 0.08043640851974487 0.04958257079124451 0.9121310113794205
1 0.8256381452083588 0.4498492479324341 0.07435232400894165 0.05547308921813965 0.9116499992661846
1 0.8896263837814331 0.45985911786556244 0.12036788463592529 0.059133440256118774 0.8823940675418184
1 0.7025798559188843 0.4404914826154709 0.06573200225830078 0.03358951210975647 0.8737209835457496
1 0.5235268771648407 0.4205414205789566 0.02315753698348999 0.04062506556510925 0.783872118240202
1 0.191018 0.431939 0.028164599999999984 0.03122720000000001 0.503844992569787
2 0.8688241243362427 0.47129325568675995 0.03153502941131592 0.04480287432670593 0.4388787641643728
1 0.660502 0.43144 0.03266100000000005 0.03774180000000005 0.41176401512054767
1 0.333813 0.442483 0.018177 0.011708799999999964 0.4055994265458546
1 0.382812 0.447698 0.015474699999999952 0.015643399999999974 0.38664503917139964
1 0.497452 0.428747 0.019888300000000025 0.018928799999999968 0.22281856244446924
