1 0.8518249988555908 0.4601946473121643 0.19127202033996582 0.11091792583465576 0.9307969703624024
1 0.7604985237121582 0.4503086358308792 0.13101458549499512 0.08134600520133972 0.913559017798535
0 0.5839650928974152 0.4473247528076172 0.014169156551361084 0.06980997323989868 0.88840898710892
1 0.721177 0.448616 0.0901145000000001 0.05048830000000004 0.8397416638389499
1 0.677372 0.437908 0.06882499999999991 0.049610799999999955 0.8304017469130045
0 0.543876051902771 0.4331711679697037 0.006914973258972168 0.03436151146888733 0.740364979772229
2 0.947364 0.494158 0.06325570000000003 0.08922509999999995 0.6638053440496978
0 0.357352 0.432084 0.008414939999999982 0.0419929 0.612352
1 0.388056 0.441259 0.02305170000000001 0.019128000000000034 0.37027787457939154
1 0.667115 0.439365 0.03559420000000002 0.04891239999999997 0.36113356712688943
1 0.957657516002655 0.48662975430488586 0.08375346660614014 0.10286694765090942 0.20292279738896696
