1 0.3202791213989258 0.4433339685201645 0.04330861568450928 0.05591598153114319 0.8853639798510148
0 0.685288 0.454007 0.019803400000000027 0.09162170000000003 0.870447
0 0.0826827 0.456321 0.019529799999999986 0.10191299999999998 0.870317
0 0.750723 0.515489 0.0462688 0.16423699999999997 0.853556
1 0.5418389737606049 0.4364667236804962 0.019185960292816162 0.028134524822235107 0.8185092534252081
0 0.04499647580087185 0.4630160927772522 0.021391864866018295 0.10053229331970215 0.7929053191336815
0 0.628709 0.443805 0.011208700000000071 0.06353249999999999 0.670942
1 0.34998345375061035 0.44615504145622253 0.02875971794128418 0.03501534461975098 0.6487015931441691
1 0.52866992354393 0.42928262054920197 0.017152488231658936 0.023440033197402954 0.5987208219325931
0 0.764244 0.48958199999999996 0.018590000000000106 0.09072059999999998 0.344457
2 0.535417 0.465775 0.010034499999999946 0.026876800000000034 0.19421124841701312
