1 0.801374077796936 0.5637756884098053 0.3965567350387573 0.3232126832008362 0.9565380321839948
1 0.24444891512393951 0.4731074273586273 0.07391336560249329 0.11362451314926147 0.9545119988880449
1 0.05155306961387396 0.4365875720977783 0.049426810815930367 0.0247194766998291 0.8878350081050337
1 0.007974232698866324 0.4472891688346863 0.015948449889046756 0.05367082357406616 0.8470980206380108
1 0.014646415831521153 0.44421330094337463 0.024345663841813803 0.03526139259338379 0.8329709883656314
0 0.288329 0.441382 0.013080100000000039 0.06139220000000001 0.800164
1 0.18649913370609283 0.4452933222055435 0.03054240345954895 0.04130038619041443 0.7982644422746136
1 0.17458182573318481 0.4416035860776901 0.03056129813194275 0.035201698541641235 0.7887049755433488
1 0.221831 0.457266 0.048012600000000016 0.06494849999999996 0.7561171215809618
0 0.14309021830558777 0.43201979994773865 0.005215167999267578 0.02612781524658203 0.702181985720899
0 0.119239 0.430901 0.00615170000000001 0.02687700000000004 0.342836
2 0.275391 0.506977 0.013846800000000048 0.041539999999999966 0.33574905634399527
