1 0.48644910752773285 0.47988730669021606 0.06333985924720764 0.09177768230438232 0.9461090162285983
0 0.8949424624443054 0.4984021782875061 0.032483577728271484 0.16132354736328125 0.9233519675144315
1 0.2871159166097641 0.4322674870491028 0.02886638045310974 0.02676337957382202 0.8678549968281614
1 0.4041367620229721 0.44138792157173157 0.03389754891395569 0.032574236392974854 0.82691529672303
0 0.5513895153999329 0.4423169046640396 0.014245390892028809 0.057113200426101685 0.8245981202016277
0 0.6176405847072601 0.4599192887544632 0.009560167789459229 0.04898527264595032 0.8166300214627603
1 0.3206542134284973 0.43443551659584045 0.023100316524505615 0.02668905258178711 0.8075110133862584
1 0.25372106581926346 0.42892105877399445 0.015506133437156677 0.0204908549785614 0.8006548554999968
0 0.4892975836992264 0.4449474960565567 0.011474162340164185 0.05614420771598816 0.7931700096988901
0 0.43311379849910736 0.43651533126831055 0.007906049489974976 0.037691593170166016 0.7365739965645958
1 0.970086 0.49418699999999993 0.05904200000000004 0.07704039999999995 0.6857920927762905
0 0.41992004215717316 0.4336489588022232 0.007100731134414673 0.03850725293159485 0.6851699738542384
2 0.486483 0.483046 0.064365 0.08342779999999994 0.3463332903001931
1 0.217944 0.426486 0.022539399999999987 0.014999399999999996 0.258172
