1 0.49770674109458923 0.5420055687427521 0.1455109715461731 0.22003144025802612 0.9668359872318194
1 0.21338561922311783 0.43822328746318817 0.044244036078453064 0.043807774782180786 0.8827300272577666
0 0.6058157086372375 0.4445858597755432 0.013983368873596191 0.06389302015304565 0.8745710212002386
0 0.28161056339740753 0.4505612403154373 0.01596549153327942 0.08166852593421936 0.8623328946937433
0 0.3192840963602066 0.4436163455247879 0.01395532488822937 0.06831374764442444 0.8301194025221953
1 0.154293 0.442659 0.04529650000000002 0.03701140000000003 0.814768
1 0.4998258799314499 0.43060049414634705 0.020876556634902954 0.03264826536178589 0.783940545369593
0 0.4059591293334961 0.4322982430458069 0.005215108394622803 0.028914213180541992 0.689594017317253
1 0.167269 0.447518 0.02857510000000002 0.022699899999999995 0.46947952083561645
1 0.498265 0.424715 0.019808200000000054 0.018528199999999995 0.4491363011237259
1 0.147186 0.443369 0.0304894 0.019774500000000028 0.3735138384425357
1 0.0521581 0.442643 0.05176820000000001 0.03538459999999999 0.3540276072465544
0 0.512873 0.431242 0.007536320000000041 0.03261550000000002 0.318786
