1 0.7417630851268768 0.5002756416797638 0.10799723863601685 0.13259011507034302 0.964238051793738
1 0.04411135787972853 0.46921153366565704 0.08820795664769321 0.09632214903831482 0.957350959598183
1 0.8844949901103973 0.44921715557575226 0.10640007257461548 0.07474896311759949 0.9234300137930023
1 0.6841560900211334 0.4755958020687103 0.059846460819244385 0.08564883470535278 0.9229819581965577
1 0.29710525274276733 0.4411460757255554 0.05690169334411621 0.061698198318481445 0.9185469838822027
1 0.10080898553133011 0.4417484998703003 0.04094021022319794 0.05252647399902344 0.8961180246710191
1 0.14245297014713287 0.4350587725639343 0.04973223805427551 0.032235682010650635 0.8377644399496961
1 0.296534 0.456809 0.0569887 0.032573900000000044 0.5598031686271195
1 0.672164 0.437272 0.03301139999999991 0.027654500000000026 0.512988172287271
0 0.417133 0.431252 0.009124759999999954 0.044990500000000044 0.301188
