1 0.4283534437417984 0.5825434178113937 0.1585887372493744 0.2559022009372711 0.966580970470047
1 0.5062798857688904 0.4667813628911972 0.0647357702255249 0.07147529721260071 0.9425040214565226
1 0.3209863752126694 0.44281792640686035 0.03495648503303528 0.04230034351348877 0.9177449873193549
1 0.3672722280025482 0.4409046024084091 0.03475719690322876 0.03806307911872864 0.9007410096284296
1 0.4040944576263428 0.447771817445755 0.03428095579147339 0.03968316316604614 0.8945180213060628
1 0.24666690826416016 0.4277537018060684 0.022482693195343018 0.019826620817184448 0.8398539814919338
1 0.30007582902908325 0.4382164180278778 0.021026968955993652 0.02906721830368042 0.7813429925113086
1 0.2751481384038925 0.4278273284435272 0.017380088567733765 0.020434141159057617 0.7060189878126755
1 0.3388015925884247 0.43483518064022064 0.033793091773986816 0.03153088688850403 0.5973890070052744
1 0.280504 0.440409 0.02212219999999998 0.02037330000000004 0.4959834583520288
