1 0.2908407896757126 0.4842011332511902 0.09757229685783386 0.1302884817123413 0.9632469515027007
1 0.5678325593471527 0.4737320989370346 0.056457459926605225 0.08235159516334534 0.9424090323583741
1 0.3302011340856552 0.4697883874177933 0.07081237435340881 0.08992370963096619 0.924528017810149
1 0.3976394236087799 0.450076088309288 0.04364824295043945 0.05940261483192444 0.9221459666860412
1 0.44224607944488525 0.44299978017807007 0.036232590675354004 0.05464369058609009 0.8877000120909794
1 0.49929550290107727 0.44218991696834564 0.02568143606185913 0.039165765047073364 0.8838114710351327
1 0.5370219349861145 0.4455028921365738 0.0364609956741333 0.04901394248008728 0.8270070065657763
1 0.321398 0.431224 0.028793199999999963 0.04086719999999999 0.8097554605172451
1 0.350733 0.470123 0.030030699999999966 0.08618329999999996 0.6767917779741579
1 0.0561711 0.607104 0.112342 0.36703700000000006 0.6471687738537725
1 0.5227492451667786 0.43386636674404144 0.026667475700378418 0.0347076952457428 0.6097139791256695
2 0.250455 0.523093 0.019145999999999996 0.05417160000000004 0.6016593547966449
1 0.453377 0.430754 0.03881840000000003 0.02658170000000004 0.407274
2 0.548463 0.477761 0.014365799999999984 0.07122819999999996 0.355634751021647
1 0.417414 0.445592 0.023472599999999955 0.03787850000000004 0.35323856923144353
2 0.412629 0.457536 0.01343939999999999 0.043947599999999976 0.30614385776639735
1 0.532515 0.436058 0.028650300000000017 0.03711260000000005 0.3042433246523422
1 0.462278 0.428051 0.012764200000000003 0.015384900000000035 0.23126380880404812
1 0.516356 0.444642 0.013846000000000025 0.02891100000000002 0.2119107321019569
