1 0.11637826636433601 0.5192645490169525 0.14493631571531296 0.1565679907798767 0.9710520165938255
1 0.6287441253662109 0.4805501699447632 0.0810168981552124 0.11909973621368408 0.9611919514506987
1 0.27399811893701553 0.47052665054798126 0.09454064071178436 0.118872731924057 0.9483060080395125
1 0.22100737690925598 0.49768294394016266 0.10765910148620605 0.10484835505485535 0.9435600510045221
1 0.6010326743125916 0.4653914123773575 0.05986833572387695 0.09574231505393982 0.9126244846631845
1 0.5477128326892853 0.44128119945526123 0.03095930814743042 0.050120770931243896 0.8588970001919041
1 0.5723989903926849 0.45191650092601776 0.04664701223373413 0.07225111126899719 0.8274349493957543
1 0.4639388918876648 0.4321916103363037 0.021271109580993652 0.030911386013031006 0.7991379812594845
1 0.41865 0.439961 0.025034200000000006 0.030658999999999992 0.6852401209498739
1 0.438574 0.436569 0.016611700000000007 0.021847199999999956 0.46963744825860243
1 0.478274 0.42791 0.010839700000000008 0.01966330000000005 0.4017093025237734
2 0.555013 0.463461 0.0141408999999999 0.051248300000000024 0.3180495726590515
1 0.521869 0.426637 0.018727699999999903 0.01795329999999995 0.19729702639751376
