1 0.6690259277820587 0.4991071969270706 0.1148877739906311 0.15584668517112732 0.9678180149162442
1 0.2937043607234955 0.4726034104824066 0.0622103214263916 0.08142441511154175 0.9457349624957286
1 0.39087173342704773 0.44890157878398895 0.04485809803009033 0.06057748198509216 0.9208340459081621
1 0.5630231201648712 0.45143480598926544 0.03510648012161255 0.04612132906913757 0.9105789944518488
1 0.3686240613460541 0.43742644786834717 0.038679659366607666 0.04439198970794678 0.8869560036944926
1 0.05554397584637627 0.5430962443351746 0.11098964151460677 0.20631921291351318 0.8810342149808115
1 0.5017273873090744 0.4426525682210922 0.023545295000076294 0.03505703806877136 0.8782530238200077
1 0.5511510670185089 0.4445207118988037 0.027921617031097412 0.04029351472854614 0.8762670520942205
1 0.9367585480213165 0.47422219812870026 0.12648290395736694 0.10563406348228455 0.7992833615823123
1 0.9530712068080902 0.7786894142627716 0.09286564588546753 0.4425041079521179 0.5789355984266074
