1 0.4982782155275345 0.5152231752872467 0.09725913405418396 0.15878552198410034 0.9617429756667701
1 0.434432789683342 0.4471674859523773 0.043232470750808716 0.061177194118499756 0.9147380194241145
1 0.5938584208488464 0.43768545985221863 0.06258821487426758 0.04012024402618408 0.908732992277476
1 0.2818651869893074 0.4398757666349411 0.06697486340999603 0.04010525345802307 0.8483401479300812
1 0.4970698356628418 0.45439593493938446 0.050788283348083496 0.07933679223060608 0.8359133002751933
1 0.453413650393486 0.4402991831302643 0.034870654344558716 0.03303694725036621 0.6949980116029377
1 0.480882 0.435779 0.03169480000000002 0.03987929999999995 0.553281
1 0.681844 0.422728 0.04365109999999994 0.06886179999999997 0.4378739082335294
1 0.460439 0.432849 0.016478699999999957 0.018159900000000007 0.39513673477303324
1 0.49929 0.428815 0.04276499999999994 0.03148240000000002 0.37887021020547695
