1 0.5776744037866592 0.65247742831707 0.24390503764152527 0.4147363007068634 0.9713280205901715
2 0.4322062134742737 0.4579133093357086 0.053456783294677734 0.08461743593215942 0.9450929935965048
1 0.9269998073577881 0.45876577496528625 0.0637509822845459 0.07474637031555176 0.9289169732403608
1 0.32562142610549927 0.44102559983730316 0.06374514102935791 0.050615519285202026 0.9165059753199165
1 0.8648768365383148 0.44236889481544495 0.041615068912506104 0.05316704511642456 0.9148690256774296
1 0.8007000684738159 0.43990358710289 0.0461275577545166 0.03701871633529663 0.9059150188019115
1 0.5278926193714142 0.4534724950790405 0.06010955572128296 0.05105233192443848 0.8951280174651158
1 0.6157552301883698 0.4493274986743927 0.08254069089889526 0.07357001304626465 0.8848279855555365
1 0.707221 0.434811 0.04316080000000011 0.02885110000000002 0.829406
1 0.9555345177650452 0.5349816828966141 0.08850312232971191 0.35811445116996765 0.7690739863497765
1 0.6442354917526245 0.4467467963695526 0.04551875591278076 0.040999770164489746 0.7613004021105122
1 0.34054 0.443646 0.034296299999999946 0.04653969999999996 0.7014911624367453
