1 0.8632513880729675 0.5767831951379776 0.2643839120864868 0.3023298680782318 0.9658719954521063
1 0.6555550992488861 0.47213245928287506 0.06947356462478638 0.08511731028556824 0.9360319736863639
1 0.158257894217968 0.455655574798584 0.05977006256580353 0.07274454832077026 0.9233560119294275
1 0.7991289794445038 0.4428350180387497 0.08236104249954224 0.05797240138053894 0.9044500114510097
1 0.6411151885986328 0.45883961021900177 0.05383586883544922 0.0671357810497284 0.8548640079355936
1 0.08368697426521976 0.742824375629425 0.16733080820631585 0.5134066343307495 0.8058540056315617
1 0.183656 0.437827 0.07636550000000003 0.03873939999999998 0.774026
1 0.136944 0.447903 0.046429999999999985 0.04004269999999999 0.6290196180178362
1 0.20236924290657043 0.4397713840007782 0.03757983446121216 0.03046184778213501 0.5143742739205375
1 0.648341 0.44628 0.044896499999999895 0.04940429999999996 0.41065155925044355
