1 0.31931085884571075 0.47551465034484863 0.07977655529975891 0.1108318567276001 0.9520419544106467
1 0.16117144748568535 0.46675528585910797 0.08103359490633011 0.10984906554222107 0.9480950426086421
0 0.02331879734992981 0.47820957005023956 0.0224016010761261 0.11559376120567322 0.8889700130539678
1 0.7211018204689026 0.4373887777328491 0.04812026023864746 0.024884164333343506 0.8732954455030664
1 0.42839495837688446 0.4362586736679077 0.04440143704414368 0.02592337131500244 0.8394329797525569
1 0.7761437594890594 0.43566106259822845 0.04445892572402954 0.027419298887252808 0.7991330077221246
0 0.09841873124241829 0.44598834216594696 0.015367798507213593 0.06413498520851135 0.7254959613108609
2 0.276458 0.443576 0.016969800000000035 0.06232570000000004 0.6795876338814028
1 0.314126 0.440062 0.0431165 0.05253260000000004 0.652412
1 0.662556 0.434658 0.04199660000000005 0.027285299999999957 0.5285986599430189
1 0.110075 0.447867 0.041458700000000015 0.04838819999999999 0.48520700000000005
2 0.279046 0.456539 0.01653340000000003 0.04399390000000003 0.23912302055970355
