1 0.38998235762119293 0.44775594770908356 0.04091736674308777 0.0427684485912323 0.9281069971560345
1 0.3021726459264755 0.43948501348495483 0.025414973497390747 0.025218427181243896 0.8695029866305022
1 0.26567505300045013 0.43443918228149414 0.03030642867088318 0.030135035514831543 0.858640999653511
1 0.23380552977323532 0.4296208620071411 0.016715988516807556 0.02167809009552002 0.7804730060531233
1 0.15361658483743668 0.42339566349983215 0.01963283121585846 0.018142104148864746 0.7222810339688687
1 0.220143 0.423858 0.017374 0.010873299999999975 0.5673620992839286
0 0.107918 0.427799 0.008083389999999996 0.04171619999999998 0.55214
1 0.125111 0.427434 0.019905800000000015 0.01694810000000002 0.4841938665645115
0 0.112223 0.427166 0.00968274999999999 0.0417748 0.385764
1 0.211386 0.42319 0.018783400000000006 0.01060249999999996 0.2848542784075808
0 0.280071 0.429012 0.00785389000000003 0.029281 0.264702
