1 0.45680156350135803 0.45630401372909546 0.052939772605895996 0.05750906467437744 0.9404010349671361
2 0.3875582218170166 0.4586590379476547 0.02600419521331787 0.083575040102005 0.8916089938388326
0 0.5363928973674774 0.4486798048019409 0.01515132188796997 0.0725201964378357 0.8909049923582518
0 0.587213009595871 0.45480644702911377 0.02045351266860962 0.0893479585647583 0.8866869954430044
0 0.12027296051383018 0.4504493176937103 0.015324540436267853 0.08087104558944702 0.8783487780777499
1 0.35816578567028046 0.4430399090051651 0.030439943075180054 0.033460766077041626 0.8308800258127195
0 0.44314806163311005 0.440458208322525 0.010541170835494995 0.05121356248855591 0.696066010433155
1 0.18787795305252075 0.42744944989681244 0.0240156352519989 0.01959368586540222 0.6093180636901189
1 0.29521776735782623 0.4308622479438782 0.018201440572738647 0.024651825428009033 0.5107010159818407
1 0.55786 0.94679 0.09660880000000005 0.10583000000000009 0.39547349177792984
0 0.353233 0.432114 0.009579090000000012 0.046638100000000016 0.378811
1 0.162303 0.43117 0.02130080000000001 0.019175700000000018 0.2836175236779359
