1 0.49596795439720154 0.657180055975914 0.2590898871421814 0.37449756264686584 0.9771820380255419
0 0.6318276822566986 0.45660409331321716 0.017077624797821045 0.07547390460968018 0.8661560146043173
1 0.6570927202701569 0.43793193995952606 0.06814748048782349 0.0427880585193634 0.8548549899832377
1 0.5004036575555801 0.43094152212142944 0.018999189138412476 0.02951568365097046 0.7266650158617206
1 0.283349 0.43699 0.07506639999999998 0.048770300000000044 0.7137109094948528
0 0.59226 0.432364 0.010900200000000027 0.04872030000000005 0.698624
0 0.4170609265565872 0.43108218908309937 0.005265384912490845 0.029191672801971436 0.6601959845254611
1 0.468085 0.43591 0.017425000000000024 0.02331609999999995 0.5736834675955896
1 0.194813 0.442888 0.0681136 0.0457187 0.3811020197574072
1 0.0988739 0.473126 0.03171589999999999 0.02524380000000004 0.364181411559712
0 0.323859 0.435543 0.009217640000000027 0.04381489999999999 0.36011382656067725
1 0.478555 0.428097 0.019592500000000013 0.02185959999999998 0.2604997685361508
