1 0.1587169515696587 0.6086345165967941 0.31680839307955466 0.38959017395973206 0.9757789539474836
1 0.7207511365413666 0.4810967743396759 0.09591609239578247 0.12292975187301636 0.9572120284776461
1 0.6765578091144562 0.4541630148887634 0.04773503541946411 0.061919569969177246 0.8948040270313853
1 0.8040573000907898 0.43970993161201477 0.06940174102783203 0.048178791999816895 0.8897059872747194
1 0.29587244987487793 0.4441336393356323 0.04801398515701294 0.055206477642059326 0.8348514227217266
0 0.802923172712326 0.4621225744485855 0.022307932376861572 0.09475025534629822 0.7940853591901381
0 0.7730912566184998 0.4594837427139282 0.015681982040405273 0.08263063430786133 0.7162439247735459
0 0.692698 0.437413 0.009278490000000028 0.04901069999999996 0.471077
1 0.699225 0.436859 0.026471700000000098 0.029809100000000033 0.32342038868050166
1 0.556146 0.425651 0.022764599999999913 0.013810100000000047 0.2514871052625631
1 0.307314 0.444676 0.024484599999999968 0.05021790000000004 0.21293106711909185
