1 0.5570642352104187 0.43723781406879425 0.0329817533493042 0.04561623930931091 0.883304006261653
1 0.31323257088661194 0.4557334631681442 0.05063128471374512 0.051457613706588745 0.8722870198126544
1 0.3545423299074173 0.44386135041713715 0.03220459818840027 0.04547986388206482 0.8696809955445811
1 0.3303174674510956 0.44590136408805847 0.05379211902618408 0.06028693914413452 0.8649587584569994
1 0.23414652049541473 0.4384349137544632 0.05023255944252014 0.039351850748062134 0.8533969783771936
1 0.39635753631591797 0.43783077597618103 0.027072429656982422 0.028893351554870605 0.8182484433122252
1 0.4033925235271454 0.43473200500011444 0.03247272968292236 0.03134933114051819 0.815364010260511
0 0.2918369919061661 0.4377084970474243 0.009169012308120728 0.042764484882354736 0.7567250210106893
1 0.43586769700050354 0.429059162735939 0.017100214958190918 0.023426800966262817 0.561023212335035
1 0.531895 0.432885 0.01639579999999996 0.01851159999999996 0.44100613545608475
