1 0.1611192338168621 0.4854917824268341 0.08823949843645096 0.10660141706466675 0.9610639511815022
1 0.2853420227766037 0.4526630789041519 0.05310502648353577 0.06702759861946106 0.9360680454957874
1 0.4399389624595642 0.4500955045223236 0.039796650409698486 0.05076408386230469 0.9268440465921606
1 0.5929917097091675 0.43891680240631104 0.04876708984375 0.03569984436035156 0.866415021126829
1 0.03524399472371442 0.5412904024124146 0.07019487176148687 0.17721378803253174 0.7115149105581332
0 0.4296135753393173 0.43436262011528015 0.007731646299362183 0.036996304988861084 0.6837839965585278
0 0.40816691517829895 0.4291103929281235 0.0059958696365356445 0.027591019868850708 0.6076009909073066
0 0.5034720599651337 0.4375963360071182 0.006721794605255127 0.035671085119247437 0.48190002629026335
2 0.0349922 0.539324 0.06978309999999999 0.16857699999999998 0.4622628569283844
0 0.62945 0.439796 0.011020899999999889 0.04475399999999996 0.391845
