1 0.7980763018131256 0.5283350795507431 0.13673371076583862 0.16796031594276428 0.9664329667428975
1 0.04979835543781519 0.4379889667034149 0.059715328738093376 0.03747612237930298 0.8941429837965724
0 0.7265633642673492 0.4531242549419403 0.015927135944366455 0.07327526807785034 0.8135250038309961
1 0.6646836400032043 0.4377833306789398 0.051998138427734375 0.03272068500518799 0.7896318024285044
0 0.667203 0.443138 0.014698600000000006 0.05931839999999999 0.732264
1 0.964794 0.634852 0.0695173 0.284446 0.5065344036847541
0 0.976918 0.507093 0.0461319 0.18537599999999999 0.46131140151198513
0 0.988813 0.506602 0.022373999999999894 0.18137200000000003 0.415175
1 0.382542 0.424235 0.0234027 0.013322399999999956 0.29662173362041816
1 0.129008 0.437668 0.020060699999999987 0.013847199999999948 0.2889870560594593
1 0.00361587 0.436971 0.007139889999999999 0.030129700000000037 0.2659536704499206
1 0.463539 0.424235 0.020414700000000008 0.0109823 0.24778181241661493
