1 0.7095875442028046 0.4550307095050812 0.12244349718093872 0.07382488250732422 0.9446190318823835
1 0.2742403522133827 0.4534146785736084 0.11814986169338226 0.0762750506401062 0.9358499750115457
0 0.7293050289154053 0.48221367597579956 0.02871227264404297 0.13667654991149902 0.9094620254076262
1 0.49876366555690765 0.43768101930618286 0.030991464853286743 0.04404425621032715 0.9004940270423925
0 0.2469782680273056 0.4591841995716095 0.020365744829177856 0.08602350950241089 0.8725598538621118
1 0.4360154867172241 0.4444587379693985 0.05110710859298706 0.06163749098777771 0.8447430233709706
0 0.3887573927640915 0.43314777314662933 0.008063703775405884 0.04331204295158386 0.8388839777439836
0 0.5698392689228058 0.43841518461704254 0.00891190767288208 0.044331520795822144 0.828157861249154
1 0.0934995 0.465646 0.110125 0.06327970000000005 0.821303
1 0.474048 0.432108 0.020197299999999974 0.028168700000000046 0.6260508901088364
1 0.98596475 0.454536 0.028070499999999998 0.05192529999999995 0.5472726325354644
1 0.524002 0.464722 0.11224199999999995 0.03828140000000002 0.5135497875430826
1 0.986093 0.470177 0.027054799999999934 0.0342247 0.5103796267728492
2 0.453398 0.432161 0.018866700000000014 0.05245900000000003 0.305762
