1 0.4987082779407501 0.5421424508094788 0.12182992696762085 0.17333674430847168 0.9660969523726926
1 0.8687643110752106 0.44914914667606354 0.08898097276687622 0.04606947302818298 0.9231709526162339
1 0.7570084631443024 0.43636342883110046 0.07957714796066284 0.04686397314071655 0.9037309800498358
1 0.4996557682752609 0.43837668001651764 0.0267811119556427 0.03837558627128601 0.899676016782331
1 0.8101128041744232 0.4442450553178787 0.06254273653030396 0.04215255379676819 0.8958839951438203
1 0.7223047912120819 0.4340350329875946 0.07205003499984741 0.04179185628890991 0.890699984241362
1 0.5655334889888763 0.4303683042526245 0.020039021968841553 0.028938889503479004 0.8438054842515014
1 0.6784330904483795 0.4319005459547043 0.03876835107803345 0.030719727277755737 0.8288064979676956
1 0.9642355442047119 0.4507105052471161 0.07138097286224365 0.07552552223205566 0.815746644711683
1 0.698692 0.43532 0.05145589999999989 0.032313099999999984 0.565437
1 0.534421 0.424101 0.02053079999999996 0.011775100000000038 0.4840560187891303
2 0.964252 0.452978 0.07094610000000001 0.06604180000000004 0.40877268393222493
1 0.980524 0.439105 0.03895150000000003 0.05005680000000001 0.2645039856138048
