1 0.6019476056098938 0.47920967638492584 0.08148860931396484 0.09217724204063416 0.9576989979048625
1 0.36965467035770416 0.433702677488327 0.02250102162361145 0.03555893898010254 0.8947769731743177
1 0.47782278060913086 0.4492715746164322 0.039820313453674316 0.04510137438774109 0.8625890045406497
1 0.3206433206796646 0.42745135724544525 0.02114221453666687 0.0198078453540802 0.8524769832741259
1 0.4417754262685776 0.44158217310905457 0.03681442141532898 0.04140812158584595 0.8517869732832608
1 0.35090145468711853 0.42667847871780396 0.01503974199295044 0.020273923873901367 0.6957969475274102
1 0.41785165667533875 0.43162426352500916 0.020053982734680176 0.022298336029052734 0.6935598941463332
1 0.394672 0.421269 0.020623100000000005 0.014616399999999974 0.5314452782802436
1 0.296876 0.427771 0.0171848 0.01434599999999997 0.382162687313121
0 0.456327 0.435285 0.01144769999999995 0.044425999999999966 0.344831
