1 0.8972625732421875 0.5109363198280334 0.10198974609375 0.12623798847198486 0.9611330341619738
1 0.11637873202562332 0.4522719830274582 0.11456198990345001 0.09331044554710388 0.9553549861434194
1 0.4896102100610733 0.4438372850418091 0.09243044257164001 0.05993300676345825 0.9527660140034372
1 0.17001491785049438 0.44071468710899353 0.09733206033706665 0.06317776441574097 0.9326930358359143
1 0.2981032356619835 0.4635908305644989 0.11255724728107452 0.0691109299659729 0.9287139873309689
1 0.0689141359180212 0.4504447877407074 0.07062767818570137 0.053909122943878174 0.9097830098572381
1 0.8539393842220306 0.447506308555603 0.06800204515457153 0.06523066759109497 0.9030220050318951
1 0.7321129143238068 0.45122575759887695 0.07899433374404907 0.04349946975708008 0.90139298025663
1 0.3301544785499573 0.45019227266311646 0.09458917379379272 0.0551302433013916 0.8887419954950064
1 0.2765650451183319 0.442361518740654 0.08042985200881958 0.048638731241226196 0.8841990243694079
1 0.191981 0.442487 0.05166100000000001 0.05911999999999995 0.6713324437246622
1 0.275883 0.43739 0.04646309999999998 0.03529939999999998 0.6037170562196681
