0 0.7556399999999999 0.461836 0.020451499999999956 0.10162099999999996 0.20848025
0 0.631138 0.433278 0.006882480000000024 0.036739100000000025 0.18614175
0 0.674985 0.441013 0.011696099999999987 0.05696869999999998 0.15870975
1 0.8821729999999999 0.61016 0.23562099999999997 0.36937400000000004 0.23898125
1 0.144846 0.456704 0.0642432 0.07520660000000001 0.2366205
1 0.667972 0.474013 0.06672250000000002 0.09077029999999997 0.230502
1 0.8095160000000001 0.443685 0.08582100000000004 0.06030390000000002 0.229355
1 0.643374 0.460568 0.05085139999999999 0.07075500000000001 0.21922625
1 0.176141 0.431949 0.041951199999999994 0.02862920000000002 0.19944625
1 0.518564 0.429851 0.04453290000000004 0.029930999999999985 0.19934375
1 0.123862 0.44104 0.03622560000000001 0.0322634 0.1327885
1 0.633093 0.46512699999999996 0.029046099999999964 0.05783569999999999 0.11708225
2 0.266848 0.4516530000000001 0.02792460000000002 0.0874029 0.22943525
2 0.2660969999999999 0.45920099999999997 0.021728499999999984 0.05360599999999999 0.1968435
