1 0.562298 0.471673 0.08850049999999998 0.12141700000000005 0.23985625
1 0.410521 0.442889 0.0383657 0.052710599999999996 0.22654325
1 0.433798 0.446936 0.01659630000000001 0.022664899999999988 0.19486075
1 0.5161119999999999 0.430475 0.020575099999999957 0.02324219999999999 0.1925015
1 0.42774100000000004 0.4374 0.02673350000000002 0.0384757 0.181409
1 0.469865 0.426611 0.01224160000000002 0.018744399999999994 0.17415375
1 0.5438640000000001 0.453352 0.052064 0.0774146 0.15720725
1 0.443804 0.438857 0.015025899999999981 0.023372700000000024 0.15716325
1 0.522445 0.43983 0.01610659999999997 0.02791189999999999 0.12033475
1 0.450067 0.430075 0.026498999999999995 0.022504599999999986 0.07766575
1 0.438637 0.432413 0.027813399999999988 0.02975430000000001 0.0701565
