0 0.7894160000000001 0.46268 0.02656270000000005 0.11057300000000003 0.22463425
0 0.731889 0.459483 0.016154 0.08079350000000002 0.21072275
0 0.6643219999999999 0.44961300000000004 0.015846899999999997 0.069822 0.20257125
0 0.69662 0.440484 0.009540430000000044 0.05066609999999999 0.18592075
0 0.36680899999999994 0.42171 0.008405209999999996 0.03767609999999999 0.10218
1 0.90098775 0.589771 0.19802450000000005 0.24964500000000006 0.24067925
1 0.5310279999999998 0.440477 0.046598999999999946 0.051917500000000005 0.233039
1 0.0137309 0.440064 0.0274618 0.03621289999999999 0.2283155
1 0.342936 0.440431 0.0828953 0.05273800000000001 0.212652
1 0.67126 0.443387 0.032878900000000044 0.03630129999999998 0.15499625
1 0.0821081 0.43952099999999994 0.018807400000000002 0.015192499999999998 0.1411145
1 0.445463 0.425141 0.0228796 0.012285199999999996 0.10261925
1 0.368896 0.425196 0.021038 0.012186699999999995 0.0780055
