1 0.060524400000000006 0.555694 0.12104880000000001 0.185319 0.2372025
1 0.523733 0.449064 0.05657010000000001 0.06917980000000001 0.231973
1 0.287802 0.463863 0.05043510000000001 0.06794149999999999 0.229215
1 0.346862 0.443157 0.030272299999999974 0.047970100000000016 0.2288295
1 0.625105 0.438852 0.07619480000000001 0.047713899999999976 0.22445375
1 0.379053 0.437063 0.02100780000000002 0.02445170000000002 0.222649
1 0.512132 0.444448 0.04083600000000004 0.05227740000000003 0.18496175
1 0.4738859999999999 0.431952 0.0298968 0.023076700000000006 0.168755
1 0.457345 0.432803 0.015880000000000005 0.015695400000000026 0.1241625
1 0.4972150000000001 0.446298 0.01517240000000003 0.04584929999999998 0.09603725
