0 0.17399400000000004 0.440541 0.011321300000000006 0.053220500000000004 0.1891335
0 0.288893 0.426547 0.008318040000000027 0.036402900000000016 0.18867925
1 0.0328884 0.444481 0.0657768 0.06100709999999998 0.23131675
1 0.144824 0.439434 0.04476849999999999 0.04643829999999999 0.22747675
1 0.47889800000000005 0.43140599999999996 0.025586500000000012 0.02829569999999998 0.20139625
1 0.507555 0.429874 0.015027899999999983 0.017510899999999996 0.164458
1 0.0543298 0.443799 0.04651430000000001 0.03521249999999998 0.16007175
1 0.611414 0.424432 0.02220080000000002 0.01842189999999999 0.14114275
1 0.0682089 0.44545899999999994 0.019552299999999995 0.03238849999999999 0.1152615
1 0.448171 0.432307 0.01745350000000001 0.02184330000000001 0.1038215
