0 0.6947289999999999 0.462711 0.023020099999999988 0.09877399999999997 0.22053125
0 0.704637 0.448553 0.009518809999999989 0.05677890000000002 0.150291
1 0.665106 0.450801 0.03968559999999999 0.04347869999999998 0.22524975
1 0.5287109999999999 0.439952 0.037802299999999955 0.04262710000000003 0.22341625
1 0.747142 0.434738 0.03484419999999999 0.03533900000000001 0.2103475
1 0.279354 0.42711699999999997 0.021852499999999997 0.01359539999999998 0.19122025
1 0.307917 0.4267270000000001 0.021796900000000008 0.011953900000000017 0.163292
1 0.5762850000000002 0.423739 0.021747300000000025 0.01661459999999998 0.16239425
1 0.399721 0.424948 0.02019120000000002 0.011912499999999993 0.1233065
1 0.371915 0.425113 0.018281199999999997 0.012112000000000012 0.08787725
