1 0.830083 0.468767 0.06919750000000002 0.09941849999999997 0.23798975
1 0.47483 0.45098400000000005 0.05924510000000005 0.052249500000000004 0.23580375
1 0.337201 0.460459 0.07879059999999999 0.06703490000000001 0.23503725
1 0.06775720000000002 0.447024 0.08974980000000002 0.07049149999999998 0.230627
1 0.648023 0.440945 0.04934649999999996 0.0420412 0.23002525
1 0.749549 0.43527800000000005 0.03422910000000001 0.041217400000000015 0.22594125
1 0.5418970000000001 0.436219 0.047523300000000046 0.03144819999999998 0.216502
1 0.527823 0.43646399999999996 0.043290700000000015 0.028398199999999985 0.20221875
1 0.0862953 0.45156 0.0517927 0.061060400000000015 0.11870075
2 0.09092730000000002 0.45194 0.04250820000000001 0.061693300000000006 0.12717075
