0 0.736594 0.433633 0.009171869999999971 0.037231000000000014 0.0884475
1 0.9334909999999998 0.576368 0.13232999999999995 0.22853499999999993 0.236828
1 0.660504 0.46002699999999996 0.058345199999999986 0.0623166 0.2343395
1 0.883974 0.489347 0.08542939999999999 0.14241299999999996 0.232267
1 0.7850919999999999 0.44059500000000007 0.048322899999999946 0.0362461 0.2255425
1 0.522959 0.435974 0.04364380000000001 0.03945209999999999 0.2199095
1 0.6952209999999999 0.447926 0.029817199999999988 0.03682859999999999 0.21414775
1 0.943709 0.439611 0.04881800000000003 0.0414427 0.196189
1 0.860354 0.435751 0.0449522 0.028893500000000016 0.14408025
1 0.847252 0.448005 0.012673399999999946 0.021011500000000016 0.0895045
