0 0.8085849999999999 0.462032 0.026838699999999993 0.10917200000000005 0.1665875
0 0.6089769999999999 0.430033 0.006900849999999958 0.027590700000000024 0.08867325
1 0.820635 0.534083 0.17038399999999998 0.19109400000000004 0.24165675
1 0.710608 0.489687 0.0829065 0.11385099999999998 0.2371445
1 0.936789 0.454856 0.12642200000000003 0.09050849999999999 0.2330565
1 0.12663199999999997 0.448072 0.03932949999999999 0.04821120000000001 0.22383025
1 0.0418062 0.4472400000000001 0.04242490000000001 0.0573379 0.221726
1 0.10258300000000001 0.437921 0.05695360000000001 0.03759499999999999 0.2186475
1 0.6746970000000001 0.43803400000000003 0.04098780000000002 0.03278880000000001 0.21590225
1 0.0162313 0.445928 0.0323686 0.04056919999999997 0.1972405
1 0.4750329999999999 0.455775 0.028691399999999978 0.016358399999999995 0.17380775
1 0.42264 0.425796 0.01570640000000001 0.009792330000000016 0.10727425
