0 0.665118 0.473966 0.022441900000000015 0.10629 0.223485
0 0.579786 0.444041 0.010095799999999988 0.05144130000000002 0.2111725
0 0.404809 0.431057 0.006906320000000021 0.0337056 0.19990375
0 0.377554 0.437941 0.007853129999999986 0.0409003 0.1499305
0 0.55794 0.43324000000000007 0.006502910000000028 0.03141290000000002 0.13621775
1 0.226771 0.538386 0.21936199999999997 0.27808499999999997 0.24377925
1 0.455248 0.438633 0.0247232 0.03478579999999998 0.22682
1 0.455399 0.444578 0.01947270000000001 0.02029320000000001 0.211145
1 0.49990900000000005 0.428157 0.014253200000000021 0.01994659999999998 0.1138115
1 0.456254 0.42978400000000005 0.01672499999999999 0.022351100000000013 0.11030625
1 0.46867000000000003 0.427721 0.01704040000000001 0.022658100000000014 0.074709
