0 0.501474 0.480839 0.026448999999999945 0.13255900000000004 0.078167
1 0.6563940000000001 0.601734 0.17748200000000003 0.292837 0.243502
1 0.110214 0.557294 0.220428 0.23340300000000003 0.242331
1 0.381843 0.4789959999999999 0.06846370000000002 0.10008399999999995 0.2333325
1 0.499533 0.466982 0.06280160000000001 0.09213749999999998 0.22838875
1 0.37873199999999996 0.443167 0.08416289999999998 0.05780560000000001 0.22676975
1 0.28577 0.446756 0.07701930000000001 0.06208170000000002 0.226023
1 0.548571 0.456538 0.09502849999999996 0.06709549999999997 0.21873575
1 0.5951310000000001 0.451612 0.08924560000000004 0.0742524 0.2023775
1 0.620662 0.452034 0.042628 0.060402100000000014 0.078566
2 0.499644 0.479109 0.03629389999999999 0.13190600000000002 0.21894375
