1 0.784434 0.485474 0.08687230000000001 0.130915 0.2405955
1 0.144407 0.47275100000000003 0.10997699999999999 0.08940160000000003 0.2380775
1 0.33005 0.456457 0.074801 0.06689400000000001 0.234897
1 0.534313 0.443036 0.05381590000000003 0.04914940000000001 0.232223
1 0.6895989999999999 0.437693 0.02416779999999996 0.026515400000000022 0.2192065
1 0.41496 0.43857 0.0512455 0.0355298 0.2153315
1 0.563543 0.438565 0.018483699999999992 0.024012900000000004 0.15241175
1 0.545256 0.43618100000000004 0.05459729999999996 0.0324412 0.10205475
1 0.990297 0.576427 0.018730000000000024 0.10246299999999997 0.09634675
1 0.58836 0.441209 0.02285119999999996 0.016839700000000013 0.0689525
2 0.48361 0.459507 0.0155304 0.02190960000000003 0.18694975
2 0.991268 0.583872 0.016790399999999983 0.045867699999999956 0.0738225
