1 0.948401 0.457551 0.1031979999999999 0.05570750000000002 0.23414275
1 0.82393 0.439968 0.10070800000000002 0.05496820000000002 0.23366175
1 0.5550000000000002 0.40985000000000005 0.0648067 0.11779100000000003 0.22809575
1 0.861499 0.44819700000000007 0.07728730000000006 0.05031570000000002 0.22568075
1 0.7740850000000001 0.437261 0.08144260000000003 0.047225499999999976 0.22163575
1 0.734498 0.438302 0.056167999999999996 0.029942499999999983 0.20122825
1 0.686763 0.43040100000000003 0.02781469999999997 0.0348523 0.189309
1 0.879184 0.4587629999999999 0.03066179999999996 0.03992279999999998 0.1108935
1 0.525558 0.41485099999999997 0.019447899999999962 0.051307099999999994 0.09793075
1 0.5967549999999999 0.4490120000000001 0.020985799999999943 0.020679700000000023 0.09634425
1 0.913325 0.437195 0.021810499999999955 0.014467899999999978 0.0820005
