1 0.791241 0.555898 0.28647 0.29875499999999994 0.243718
1 0.421415 0.457931 0.0472591 0.0607625 0.235705
1 0.606583 0.477626 0.06908910000000001 0.09440310000000002 0.23370275
1 0.046933225 0.572098 0.09386645 0.20857199999999998 0.226613
1 0.395085 0.4417519999999999 0.040769500000000014 0.052167699999999984 0.226472
1 0.49884800000000007 0.433779 0.023294600000000054 0.0369256 0.22295425
1 0.580781 0.460078 0.05448209999999998 0.0862387 0.22199075
1 0.461666 0.426361 0.01357750000000002 0.01678639999999998 0.10974725
1 0.5240289999999999 0.430859 0.01743079999999997 0.02484439999999999 0.10669775
1 0.437628 0.438808 0.026439199999999996 0.0404158 0.094932
2 0.445296 0.43866499999999997 0.011681400000000008 0.04205169999999997 0.124761
