1 0.817761 0.44277 0.08394639999999998 0.059808399999999984 0.232658
1 0.546538 0.435233 0.029440800000000045 0.0499038 0.2303655
1 0.7584550000000001 0.44553200000000004 0.08490450000000005 0.04210520000000001 0.22643375
1 0.699984 0.436083 0.07292330000000002 0.04062199999999999 0.2246355
1 0.499969 0.407303 0.034184999999999965 0.08223659999999999 0.2111455
1 0.7360450000000001 0.44476 0.0732566 0.03568199999999999 0.20645375
1 0.4728490000000001 0.41752 0.025416700000000014 0.03983239999999999 0.1997085
1 0.7195480000000001 0.438995 0.05182830000000005 0.03638370000000002 0.19068175
1 0.527444 0.405871 0.031303199999999975 0.05905250000000001 0.18905625
1 0.633758 0.42920900000000006 0.035421999999999954 0.028578700000000012 0.184958
1 0.6558119999999998 0.4336789999999999 0.04870399999999997 0.023736099999999982 0.1744065
1 0.7103269999999999 0.442987 0.031170299999999984 0.03375260000000002 0.16608225
1 0.6814230000000001 0.433675 0.05663260000000003 0.03429890000000002 0.136568
1 0.656517 0.4364279999999999 0.024996600000000035 0.025079699999999983 0.0838675
1 0.791598 0.46416499999999994 0.019093499999999985 0.016441399999999995 0.07499975
