0 0.698281 0.477214 0.02510089999999998 0.12166100000000002 0.225391
0 0.947994 0.532551 0.104012 0.26457400000000003 0.218899
1 0.434598 0.49963499999999994 0.09549560000000001 0.16512799999999994 0.2405745
1 0.521915 0.466446 0.06626679999999996 0.07630730000000002 0.239185
1 0.380224 0.440125 0.03594799999999998 0.04351109999999997 0.21513
1 0.404995 0.462594 0.04992770000000002 0.0736367 0.214306
1 0.27307400000000004 0.440773 0.019862400000000002 0.02320230000000001 0.2124745
1 0.29544100000000006 0.431454 0.021866400000000008 0.025704400000000016 0.20664575
1 0.390384 0.464702 0.018006999999999995 0.06831730000000003 0.18325925
1 0.261227 0.428368 0.026084299999999977 0.01737129999999998 0.18291025
1 0.358343 0.432299 0.021678599999999992 0.023997199999999996 0.1381085
1 0.339782 0.43016600000000005 0.019882100000000014 0.01809250000000001 0.13690925
1 0.23656 0.427644 0.016271800000000003 0.016807599999999978 0.13179175
2 0.345948 0.443705 0.013162200000000013 0.047456900000000024 0.2059935
