0 0.0940421 0.574576 0.0741414 0.25541500000000006 0.2361895
0 0.849127 0.46529299999999996 0.026231000000000004 0.12565099999999996 0.2218325
0 0.218882 0.453621 0.016242599999999996 0.08650659999999999 0.2149015
1 0.7097500000000001 0.482019 0.08421960000000006 0.12282400000000004 0.23743
1 0.322395 0.44384500000000005 0.03748420000000002 0.050979300000000005 0.2258565
1 0.808508 0.43974500000000005 0.06799160000000004 0.04692590000000002 0.22561125
1 0.680326 0.45459700000000003 0.043858799999999976 0.05858930000000001 0.22267725
1 0.299143 0.436823 0.03739579999999998 0.04283749999999997 0.19639075
1 0.573817 0.424937 0.018752300000000055 0.011114000000000013 0.1530465
1 0.806929 0.492754 0.0339796 0.01040089999999999 0.11150575
2 0.5383989999999998 0.542217 0.06993119999999997 0.26936200000000005 0.2407965
