1 0.240564 0.464117 0.14989600000000003 0.11377400000000004 0.23797425
1 0.813672 0.469685 0.06959780000000004 0.10690099999999997 0.23752975
1 0.028112925 0.449557 0.05622585 0.0731618 0.23630325
1 0.619251 0.44179099999999993 0.0492013 0.04391309999999998 0.2362115
1 0.44065199999999993 0.452159 0.06371569999999999 0.05379529999999999 0.2347145
1 0.510255 0.43743599999999994 0.04870740000000001 0.03249819999999998 0.2144475
1 0.770807 0.43722400000000006 0.02955680000000005 0.04115540000000001 0.2135065
1 0.304666 0.4612339999999999 0.0651407 0.0641717 0.211279
1 0.497154 0.44086 0.04424040000000001 0.029126399999999997 0.094846
1 0.673222 0.441745 0.022245100000000018 0.0177022 0.0868825
1 0.32478699999999994 0.463503 0.02489659999999999 0.05801849999999997 0.08477975
2 0.32407 0.463216 0.026920100000000002 0.05870900000000001 0.160731
