0 0.837316 0.541804 0.036442899999999945 0.15127200000000002 0.2369315
0 0.785911 0.496915 0.03690009999999999 0.17800700000000003 0.23485675
0 0.33548 0.438508 0.008604429999999996 0.048898 0.15718025
0 0.380389 0.430984 0.009249400000000019 0.045160599999999995 0.070391
1 0.42972199999999994 0.453613 0.03739189999999998 0.0537166 0.2290825
1 0.499341 0.437716 0.024459600000000026 0.039731799999999984 0.21877025
1 0.42932100000000006 0.466616 0.0337114 0.0275088 0.20670875
1 0.6535089999999999 0.434247 0.047426599999999985 0.03550229999999999 0.18903475
1 0.428959 0.443576 0.0326979 0.030587299999999984 0.14800725
1 0.455354 0.45557900000000007 0.026436400000000027 0.042842800000000014 0.1214715
1 0.477533 0.43385799999999997 0.023815699999999995 0.0354602 0.10848425
