1 0.497942 0.548653 0.12054900000000002 0.19702700000000006 0.243542
1 0.12558300000000003 0.626269 0.2511650000000001 0.35767099999999996 0.24248125
1 0.43296 0.444025 0.043248200000000014 0.070154 0.230955
1 0.49859 0.445018 0.03984410000000005 0.05913639999999998 0.225183
1 0.23865600000000003 0.435974 0.03234360000000003 0.038746 0.22003625
1 0.374254 0.43435 0.04033979999999998 0.023019200000000017 0.20560525
1 0.48419600000000007 0.431262 0.02267720000000001 0.02794580000000002 0.15228825
1 0.18727499999999997 0.454763 0.04639869999999999 0.015658700000000025 0.1313385
1 0.594641 0.4306420000000001 0.03395769999999998 0.020631200000000016 0.10932125
1 0.237968 0.422214 0.024572200000000016 0.008236520000000025 0.096837
1 0.105166 0.448055 0.027511499999999994 0.01264670000000001 0.08428475
1 0.312253 0.4294 0.04000809999999999 0.02194879999999999 0.077823
1 0.655777 0.43111599999999994 0.040523100000000034 0.02307039999999999 0.06651225
