0 0.584065 0.447462 0.013711699999999993 0.06912489999999999 0.223274
0 0.543787 0.43304700000000007 0.007225290000000051 0.035335300000000014 0.18509125
0 0.357352 0.432084 0.008414939999999982 0.0419929 0.153088
1 0.855432 0.461152 0.19864000000000004 0.11457999999999996 0.234882
1 0.761689 0.44999 0.14092799999999994 0.0825961 0.22893475
1 0.721177 0.448616 0.09011449999999999 0.050488299999999986 0.21490475
1 0.6773720000000001 0.4379080000000001 0.06882500000000003 0.04961080000000001 0.2125145
1 0.963396 0.48218700000000003 0.07216219999999995 0.11347800000000002 0.206471
1 0.388056 0.44125899999999996 0.02305170000000001 0.01912799999999998 0.119575
1 0.667115 0.439365 0.03559420000000002 0.04891240000000002 0.116622
2 0.947364 0.494158 0.06325570000000003 0.08922509999999995 0.21436475
