0 0.77912 0.550327 0.03619499999999998 0.16556600000000005 0.236566
0 0.547038 0.43325100000000005 0.00852337000000003 0.03801700000000002 0.187964
1 0.090233 0.693391 0.18044 0.432682 0.24047425
1 0.356766 0.456131 0.04861320000000002 0.05440630000000002 0.23417125
1 0.41473000000000004 0.436605 0.030022300000000002 0.038333300000000015 0.22705975
1 0.750052 0.442581 0.07937349999999999 0.06260899999999997 0.22696125
1 0.699838 0.4451149999999999 0.07401539999999995 0.039942599999999995 0.22512325
1 0.905464 0.453568 0.058709299999999964 0.0585639 0.22201875
1 0.446676 0.413613 0.028006399999999987 0.05192160000000001 0.2197115
1 0.498796 0.43078399999999994 0.018461800000000028 0.024880599999999975 0.21693225
1 0.650071 0.435894 0.0796074 0.04431370000000001 0.214787
1 0.468049 0.43413099999999993 0.021015600000000023 0.024683999999999984 0.17972725
1 0.905245 0.455159 0.02627299999999999 0.04649370000000003 0.176504
1 0.65609 0.442492 0.02890820000000005 0.03217570000000003 0.17417175
1 0.6797870000000001 0.442047 0.06511750000000005 0.03715740000000001 0.16451
1 0.696709 0.443732 0.03701030000000005 0.03291860000000002 0.13332525
1 0.614326 0.43874 0.03509640000000003 0.027758600000000022 0.124355
1 0.6309310000000001 0.44077 0.020959700000000026 0.02109620000000001 0.1198105
1 0.5909819999999999 0.428553 0.016416899999999957 0.027750900000000023 0.11039275
1 0.65683 0.424886 0.02572730000000001 0.016412900000000008 0.09042
1 0.6133059999999999 0.435971 0.019038299999999952 0.020413400000000026 0.073585
