0 0.685288 0.454007 0.019803400000000027 0.09162170000000003 0.21761175
0 0.0826827 0.456321 0.0195298 0.10191299999999998 0.21757925
0 0.750723 0.515489 0.0462688 0.16423699999999997 0.213389
0 0.045431 0.46367 0.020235300000000005 0.10131599999999996 0.2029185
0 0.628709 0.443805 0.01120869999999996 0.06353249999999999 0.1677355
0 0.7642439999999999 0.48958199999999996 0.018589999999999995 0.09072059999999998 0.08611425
1 0.320002 0.442868 0.042926699999999984 0.056742599999999976 0.221341
1 0.542542 0.43813 0.01761199999999996 0.02992800000000001 0.2101225
1 0.351667 0.445828 0.025169600000000014 0.03324640000000001 0.20948725
1 0.5281739999999999 0.42960700000000007 0.014556899999999984 0.021212500000000023 0.16128125
2 0.535417 0.46577499999999994 0.010034499999999946 0.02687679999999998 0.06271725
