0 0.8875379999999999 0.6497309999999998 0.0554924 0.294231 0.2387315
0 0.6710670000000001 0.48977 0.03852730000000004 0.17847000000000002 0.236784
0 0.267182 0.472104 0.022803499999999977 0.12388900000000003 0.221228
0 0.499217 0.474959 0.020323799999999947 0.08447450000000001 0.218385
0 0.558009 0.44733900000000004 0.014526599999999945 0.06747540000000002 0.20774275
0 0.347287 0.459352 0.022233999999999976 0.09454220000000002 0.20719625
0 0.380185 0.437307 0.015144500000000005 0.07266729999999999 0.123949
1 0.41075700000000004 0.473949 0.051363400000000003 0.07177749999999994 0.229527
1 0.419449 0.456797 0.03291630000000001 0.05163610000000002 0.174673
1 0.76828 0.5008487500000001 0.460966 0.9983025000000001 0.17260775
