0 0.596484 0.486069 0.030561799999999972 0.12924899999999995 0.22862725
0 0.4624210000000001 0.4449930000000001 0.012326000000000004 0.05228070000000001 0.20281025
0 0.14094300000000004 0.436696 0.0073351200000000005 0.038788500000000004 0.13537725
1 0.35776 0.44852400000000003 0.04521900000000001 0.059472000000000025 0.23223825
1 0.387907 0.445621 0.04256939999999998 0.04220679999999999 0.22403475
1 0.30298 0.438398 0.02495829999999999 0.0285223 0.22218175
1 0.26559599999999994 0.434924 0.028556199999999976 0.0299354 0.22041125
1 0.235524 0.429701 0.014605299999999988 0.01953699999999997 0.18861175
1 0.18469799999999997 0.423415 0.01973549999999999 0.014730799999999988 0.1759495
1 0.200733 0.428818 0.014301399999999992 0.01611790000000002 0.135791
1 0.221444 0.426038 0.017650300000000008 0.014708300000000007 0.1016955
1 0.242967 0.42718500000000004 0.01190540000000001 0.01726460000000002 0.07079
