0 0.8993549999999999 0.497375 0.04195859999999996 0.19768999999999998 0.2350425
0 0.99265 0.521031 0.01452690000000001 0.25018500000000005 0.09802925
0 0.9707619000000001 0.528711 0.05847619999999998 0.28196 0.09455925
1 0.497462 0.552452 0.13023799999999996 0.21695599999999998 0.2413215
1 0.41366400000000003 0.468615 0.08332100000000003 0.08972390000000002 0.2405675
1 0.210712 0.43425499999999995 0.062722 0.038683599999999985 0.231782
1 0.11998400000000001 0.441771 0.08499350000000001 0.04578280000000001 0.229016
1 0.0264862 0.439491 0.0529724 0.05248039999999998 0.22617225
1 0.503066 0.446811 0.03221359999999995 0.04739510000000002 0.216417
1 0.28485 0.442021 0.03589819999999999 0.013650800000000018 0.09497825
