0 0.681675 0.43818 0.007428300000000054 0.04386269999999998 0.07077425
1 0.549369 0.451549 0.06040880000000004 0.051483 0.23473175
1 0.659379 0.444866 0.050373699999999966 0.041986199999999974 0.23217325
1 0.769991 0.450221 0.05161539999999998 0.0504733 0.229599
1 0.9447049999999999 0.540842 0.10967099999999996 0.26717300000000005 0.22839125
1 0.817582 0.442072 0.04784259999999996 0.04103040000000002 0.22687925
1 0.35095 0.439319 0.06430839999999999 0.04861850000000001 0.22262525
1 0.933767 0.457824 0.05879800000000002 0.0713069 0.218166
1 0.887189 0.437314 0.04065859999999999 0.023202800000000023 0.2094805
1 0.723606 0.435429 0.041781599999999974 0.02652270000000001 0.20892125
1 0.36621000000000004 0.443557 0.032760100000000014 0.04460989999999998 0.11630175
