1 0.42777799999999994 0.580928 0.15983899999999995 0.26325599999999993 0.24261025
1 0.506841 0.4660540000000001 0.06335789999999997 0.07449730000000004 0.2362505
1 0.321523 0.443512 0.03523900000000002 0.039721300000000015 0.2295105
1 0.36732600000000004 0.441529 0.035585900000000004 0.04006480000000001 0.22518525
1 0.404322 0.449062 0.03397939999999999 0.03594350000000002 0.22482625
1 0.24631599999999998 0.42811199999999994 0.02313499999999999 0.019541799999999998 0.21331
1 0.300361 0.438512 0.022021400000000024 0.030037199999999986 0.1999595
1 0.274892 0.428182 0.01732060000000002 0.01999899999999999 0.18068275
1 0.280504 0.44040899999999994 0.02212219999999998 0.020373299999999983 0.1601695
1 0.336769 0.434752 0.039718299999999984 0.032334699999999994 0.14934725
