1 0.668505 0.498796 0.11578200000000005 0.15768199999999993 0.2431015
1 0.292933 0.47312600000000005 0.0661138 0.07791050000000005 0.237145
1 0.05568159999999999 0.544245 0.11113699999999999 0.20291299999999995 0.236871
1 0.391171 0.449801 0.0447805 0.06131310000000001 0.23305375
1 0.562602 0.450306 0.03584279999999995 0.04724220000000001 0.22764475
1 0.5518240000000001 0.44502600000000003 0.02851400000000004 0.04248000000000002 0.22425225
1 0.501754 0.4426880000000001 0.025212299999999965 0.03618110000000002 0.22424725
1 0.36958 0.437692 0.04012729999999998 0.04621560000000002 0.2231185
1 0.938887 0.471549 0.12222599999999995 0.09922399999999998 0.20455075
1 0.9535 0.778427 0.09200520000000001 0.443145 0.1869575
