0 0.235174 0.457974 0.012654699999999991 0.0597975 0.16393825
1 0.0849909 0.525935 0.16959 0.22168300000000002 0.2406905
1 0.33326199999999995 0.46009 0.04766569999999998 0.06870579999999998 0.23653225
1 0.499973 0.44356 0.037772099999999975 0.05813550000000001 0.2331375
1 0.543048 0.43986899999999995 0.026715999999999962 0.037733799999999984 0.2272335
1 0.371218 0.44677900000000004 0.04836010000000002 0.06365680000000001 0.22673025
1 0.402391 0.441974 0.03318209999999999 0.03882479999999999 0.226427
1 0.44436 0.43173800000000007 0.019882400000000022 0.026750200000000002 0.203644
1 0.462423 0.427041 0.017270699999999972 0.020280799999999988 0.1529895
1 0.454132 0.426992 0.020026199999999994 0.02191540000000003 0.0853455
