0 0.687673 0.507798 0.030819599999999947 0.18530000000000002 0.22997875
0 0.573502 0.455175 0.010546100000000003 0.05432370000000003 0.12611525
0 0.436589 0.43952 0.005912399999999984 0.030818999999999985 0.08866775
0 0.5602149999999999 0.44632400000000005 0.006997299999999984 0.03827940000000002 0.06969225
1 0.23750999999999997 0.587874 0.25401399999999996 0.27124799999999993 0.238593
1 0.30466000000000004 0.517597 0.25010600000000005 0.22958499999999998 0.22326775
1 0.506123 0.455061 0.039565099999999964 0.0517436 0.2180705
1 0.790904 0.50675275 0.417631 0.9864945 0.173143
1 0.6096699999999999 0.43139099999999997 0.015471499999999971 0.03861189999999998 0.11440525
2 0.504364 0.465466 0.027120199999999983 0.08254269999999997 0.11631525
