0 0.96394 0.506369 0.03529820000000006 0.17778300000000002 0.220605
0 0.577878 0.498141 0.029449700000000023 0.10879300000000003 0.218683
0 0.704659 0.428868 0.005455399999999999 0.027603600000000006 0.07918625
1 0.636625 0.473407 0.07326999999999995 0.10836000000000001 0.23681475
1 0.525713 0.472438 0.06789339999999999 0.10968399999999995 0.22578325
1 0.566092 0.449176 0.043395300000000026 0.06376120000000002 0.2016655
1 0.547803 0.458434 0.05162330000000004 0.07445570000000001 0.19671275
1 0.5990630000000001 0.437372 0.022810600000000014 0.031575399999999976 0.1845065
1 0.666253 0.431117 0.03530789999999995 0.02929670000000001 0.17152675
1 0.6054250000000001 0.432388 0.02265090000000003 0.0279046 0.12205875
1 0.6575769999999999 0.436405 0.02294739999999995 0.03590559999999998 0.0668265
1 0.663126 0.42641000000000007 0.022222500000000034 0.018479100000000026 0.06649525
