0 0.5518719999999999 0.48273999999999995 0.03140719999999997 0.12180699999999994 0.219982
1 0.50361 0.517955 0.11643500000000001 0.15813600000000005 0.2411865
1 0.034646725 0.48477299999999995 0.06929345 0.10784399999999994 0.2394895
1 0.404495 0.464009 0.06491259999999999 0.08756019999999998 0.238088
1 0.139889 0.45916899999999994 0.04716300000000001 0.067054 0.23143125
1 0.21902299999999997 0.45479100000000006 0.04175599999999999 0.06029190000000001 0.22946325
1 0.598374 0.449437 0.11345899999999998 0.06716719999999998 0.2237795
1 0.349041 0.4446709999999999 0.026985499999999996 0.03380909999999998 0.219025
1 0.205428 0.443674 0.0388666 0.051249199999999995 0.21296975
1 0.17893599999999998 0.434631 0.03574079999999999 0.03817579999999998 0.21164575
1 0.3410000000000001 0.439751 0.024053500000000005 0.03453479999999998 0.1879905
