0 0.107918 0.427799 0.008083389999999996 0.04171619999999998 0.138035
0 0.11222300000000002 0.427166 0.009682750000000004 0.0417748 0.096441
0 0.28007099999999996 0.429012 0.007853889999999975 0.029281 0.0661755
1 0.39009799999999994 0.446635 0.04051569999999999 0.0446163 0.23202675
1 0.30243200000000003 0.43936 0.02560420000000002 0.026309199999999977 0.21737575
1 0.265137 0.43419399999999997 0.03071489999999999 0.031417399999999984 0.21466025
1 0.233585 0.429575 0.017000000000000015 0.020773700000000006 0.1963085
1 0.153369 0.423 0.020136700000000007 0.015529499999999974 0.1848445
1 0.125111 0.427434 0.019905800000000015 0.01694810000000002 0.15636225
1 0.220143 0.423858 0.017374 0.010873299999999975 0.145198
1 0.211386 0.42319000000000007 0.018783400000000006 0.010602500000000015 0.07289925
