0 0.27299699999999993 0.446452 0.01078119999999999 0.0515371 0.12101175
1 0.647601 0.491166 0.131367 0.16625299999999998 0.2412045
1 0.139161 0.510431 0.171008 0.17853800000000003 0.24108275
1 0.218785 0.48613799999999996 0.12262300000000001 0.12889799999999996 0.23706025
1 0.396161 0.441164 0.03311010000000003 0.05176649999999999 0.22943075
1 0.49973500000000004 0.4674 0.06373520000000005 0.09694619999999998 0.228558
1 0.445295 0.44295299999999993 0.03206419999999999 0.04945539999999998 0.2235935
1 0.610929 0.47565 0.06206469999999997 0.07759889999999997 0.2201355
1 0.534764 0.436562 0.038217500000000015 0.026779900000000023 0.166193
1 0.48627100000000006 0.470099 0.032083900000000054 0.08549580000000001 0.10479525
1 0.507531 0.445684 0.04024120000000003 0.04887560000000002 0.08774575
1 0.544767 0.44612700000000005 0.01308560000000003 0.019192700000000007 0.0857875
2 0.49919099999999994 0.47586799999999996 0.03094469999999999 0.11857599999999996 0.22213525
2 0.5463339999999999 0.437964 0.013263499999999984 0.03911999999999999 0.1521005
