0 0.143349 0.453175 0.012606599999999996 0.07309490000000002 0.21329225
1 0.881527 0.46237400000000006 0.0634806 0.08582760000000006 0.23584
1 0.452171 0.454386 0.06781999999999999 0.05709500000000001 0.2332625
1 0.5720970000000001 0.447128 0.05450940000000004 0.0472707 0.2321755
1 0.228473 0.44233 0.06987930000000003 0.05535699999999999 0.22924225
1 0.73481 0.43964100000000006 0.04684480000000002 0.03952450000000002 0.2287775
1 0.636726 0.435566 0.044132599999999966 0.029143099999999977 0.214745
1 0.6216030000000001 0.434907 0.041534300000000024 0.026586200000000004 0.172741
1 0.00596634 0.0238567 0.0119117 0.0477134 0.14401775
1 0.985404 0.682375 0.027991499999999947 0.274628 0.10641875
