0 0.291896 0.43676399999999993 0.008942600000000023 0.04215019999999997 0.18918125
1 0.35399900000000006 0.44344399999999995 0.035930300000000026 0.045380299999999985 0.226224
1 0.330529 0.445852 0.054748200000000025 0.06107299999999999 0.22135825
1 0.556804 0.435907 0.033977900000000005 0.04780390000000001 0.220826
1 0.312177 0.457824 0.05003679999999999 0.05123810000000001 0.220447
1 0.233803 0.43939799999999996 0.04952329999999999 0.04127419999999998 0.2183575
1 0.394811 0.43910799999999994 0.023409400000000025 0.0278158 0.20940425
1 0.401569 0.434996 0.0345839 0.03350019999999998 0.203841
1 0.43553 0.429257 0.017120199999999974 0.02239960000000002 0.181173
1 0.531895 0.4328850000000001 0.01639579999999996 0.018511600000000017 0.1424155
