0 0.8025309999999999 0.46247400000000005 0.023628199999999988 0.09409910000000005 0.2032205
0 0.773109 0.461253 0.015338300000000027 0.08052909999999996 0.1832995
0 0.692698 0.43741300000000005 0.009278490000000028 0.04901070000000002 0.11776925
1 0.15898500000000002 0.607494 0.3173480000000001 0.3843809999999999 0.24394475
1 0.71994 0.488571 0.09723090000000001 0.14089200000000002 0.239303
1 0.676383 0.453949 0.04963700000000004 0.0647913 0.223701
1 0.8039049999999999 0.43911200000000006 0.07080629999999999 0.04940810000000001 0.2224265
1 0.299851 0.445037 0.03997659999999997 0.05324430000000002 0.21365325
1 0.721113 0.457114 0.09205649999999999 0.07230049999999999 0.144831
1 0.699225 0.436859 0.026471699999999987 0.029809099999999977 0.082769
1 0.556146 0.425651 0.022764600000000024 0.013810099999999992 0.06436
