0 0.684582 0.43741399999999997 0.00887852 0.0423501 0.18865525
1 0.93890675 0.508308 0.12218649999999998 0.20522599999999996 0.23880175
1 0.625715 0.448106 0.05531790000000003 0.04779810000000001 0.2305985
1 0.445957 0.437164 0.054149400000000014 0.04361930000000003 0.22689775
1 0.7336229999999999 0.440789 0.054684999999999984 0.03678999999999999 0.2208905
1 0.887731 0.437116 0.04435230000000001 0.03474529999999998 0.21724175
1 0.457717 0.44148199999999993 0.029183999999999988 0.04162389999999999 0.21041675
1 0.798819 0.43455 0.03887180000000001 0.025858500000000006 0.210165
1 0.892367 0.44747499999999996 0.02039279999999999 0.05681059999999999 0.12386525
2 0.682755 0.447623 0.011862799999999951 0.020206900000000028 0.10447525
