1 0.499107 0.541001 0.12314499999999995 0.17702100000000004 0.24152425
1 0.878026 0.449419 0.09439810000000004 0.04715409999999998 0.23249425
1 0.8064289999999998 0.443616 0.056741299999999995 0.0460025 0.22965525
1 0.759778 0.435992 0.08460179999999995 0.04767589999999999 0.22761375
1 0.49948000000000004 0.438658 0.026272600000000035 0.03974749999999999 0.2256015
1 0.7238740000000001 0.434021 0.07633290000000004 0.04296850000000002 0.22267575
1 0.9642740000000001 0.451628 0.07109240000000006 0.0684671 0.21989675
1 0.565952 0.430798 0.019519399999999965 0.029278899999999997 0.21594475
1 0.679739 0.43227099999999996 0.04020489999999999 0.029025699999999988 0.21210625
1 0.6986920000000001 0.43532 0.0514559 0.032313099999999984 0.14135925
1 0.534421 0.42410099999999995 0.02053079999999996 0.011775099999999983 0.1238785
1 0.980524 0.439105 0.03895150000000003 0.05005680000000001 0.06769125
2 0.964252 0.452978 0.07094610000000001 0.06604179999999998 0.13200625
