1 0.8860400000000002 0.4505950000000001 0.08205530000000005 0.0585929 0.23210025
1 0.8196479999999999 0.440229 0.10901499999999997 0.059537600000000024 0.2304665
1 0.605343 0.443855 0.02710760000000001 0.03956080000000001 0.22525925
1 0.949778 0.458291 0.10011700000000001 0.0572916 0.22457375
1 0.768207 0.437543 0.08694519999999994 0.04994799999999999 0.2245125
1 0.586241 0.408362 0.04803729999999995 0.10710400000000003 0.21428325
1 0.7428650000000001 0.4393210000000001 0.056016900000000036 0.0322655 0.17251175
1 0.6958309999999999 0.43204299999999995 0.028408499999999948 0.03314719999999999 0.15702075
1 0.5595029999999999 0.432057 0.01765709999999998 0.023880000000000012 0.141601
1 0.510473 0.4227679999999999 0.012289600000000012 0.029711199999999993 0.08205275
1 0.708575 0.43645199999999995 0.04973720000000004 0.03737269999999998 0.079032
1 0.755899 0.44787 0.042723999999999984 0.02386539999999998 0.0719235
