1 0.897663 0.509736 0.10495900000000002 0.12607199999999996 0.24028325
1 0.116964 0.45184099999999994 0.116642 0.09467379999999997 0.23883875
1 0.4895999999999999 0.443559 0.09272169999999996 0.06035259999999998 0.2381915
1 0.169264 0.440783 0.098752 0.06291950000000002 0.23317325
1 0.29781 0.463528 0.11890099999999998 0.06910669999999997 0.2321785
1 0.07154930000000001 0.45015700000000003 0.07693340000000001 0.055690300000000026 0.22744575
1 0.854797 0.447626 0.06858180000000003 0.06360460000000001 0.2267965
1 0.7318120000000001 0.451009 0.07925400000000005 0.0463479 0.22534825
1 0.331151 0.449732 0.09390100000000001 0.05459839999999999 0.2221855
1 0.276425 0.442726 0.08172939999999998 0.0500178 0.22104975
1 0.191981 0.4424870000000001 0.051660999999999985 0.059120000000000006 0.2167955
1 0.275883 0.43739 0.04646309999999998 0.03529939999999998 0.19496025
