0 0.24950700000000003 0.473861 0.023579500000000003 0.11990199999999995 0.41856429042057275
0 0.330053 0.451711 0.018048500000000023 0.0697295 0.3712480001237461
0 0.40343400000000007 0.44509 0.007840950000000013 0.03721039999999998 0.29912053796615673
0 0.40452 0.44323200000000007 0.0069689800000000135 0.03387950000000001 0.24395846951077518
0 0.330079 0.45021600000000006 0.015154100000000004 0.0646214 0.32594676027764163
1 0.473667 0.4411919999999999 0.0403116 0.028571599999999975 0.13702719175030936
1 0.5291220000000001 0.43427400000000005 0.018904900000000002 0.029747000000000023 0.10068902279519941
1 0.308639 0.472641 0.019633500000000026 0.02921570000000001 0.08810598326684431
1 0.7436719999999999 0.5 0.41773899999999997 1.0 0.08340465377822989
1 0.935883 0.550762 0.12721499999999997 0.8935360000000001 0.04444333967681991
2 0.0606838 0.6899169999999999 0.118492 0.30103099999999994 0.4299193561900011
