0 0.5918190000000001 0.43896899999999994 0.009258270000000013 0.043723699999999976 0.2955179027929255
0 0.333258 0.424543 0.00981398 0.05259180000000002 0.1938616741989076
0 0.280037 0.436341 0.01062249999999998 0.04707359999999999 0.18162326338254828
0 0.465217 0.435132 0.009535789999999988 0.03383130000000001 0.1184310702822334
1 0.582567 0.456644 0.04532910000000001 0.05509249999999999 0.4193513205869974
1 0.513508 0.439699 0.033967199999999975 0.05410999999999999 0.4132848590419522
1 0.44073300000000004 0.436539 0.020362900000000017 0.027417199999999975 0.3268292271083217
1 0.441956 0.43352 0.016071700000000022 0.019038200000000005 0.09370902381720803
1 0.5835760000000001 0.459962 0.04488740000000002 0.06358249999999999 0.34283169856186174
1 0.514017 0.439381 0.030764800000000037 0.0475313 0.13284784753077392
