1 0.407029 0.464766 0.06530049999999998 0.09004060000000003 0.4317828198066578
1 0.951129 0.456292 0.09686620000000001 0.0580233 0.4136508555878769
1 0.5059799999999999 0.46586000000000005 0.058625599999999944 0.08742980000000006 0.41284089330704604
1 0.262696 0.4319259999999999 0.05425049999999998 0.03349079999999999 0.4124556337850201
1 0.202799 0.439233 0.06460940000000001 0.03556619999999999 0.40192566549193076
1 0.447153 0.45296800000000004 0.03499059999999998 0.051933300000000016 0.32458573372978733
1 0.11619599999999998 0.689735 0.23239099999999996 0.5295320000000001 0.15032640702770828
1 0.482622 0.437876 0.06159939999999997 0.047180200000000005 0.23086539264721687
1 0.401069 0.47858199999999995 0.03903260000000003 0.029323299999999997 0.09344291676565165
1 0.428578 0.451014 0.053810899999999995 0.08436120000000003 0.3885530322970354
1 0.185116 0.437567 0.06114449999999999 0.03443839999999998 0.397150740630249
1 0.9511610000000001 0.451627 0.09767760000000003 0.07550980000000002 0.34369778814881313
1 0.263 0.43288899999999997 0.049963300000000016 0.030659099999999995 0.13949895015290908
2 0.507391 0.474643 0.04089680000000001 0.14069699999999996 0.36996884678216213
2 0.505875 0.440317 0.02259140000000004 0.069295 0.09535631117689601
