0 0.789358 0.462881 0.026885399999999948 0.11270000000000002 0.4097175393249067
0 0.731889 0.459483 0.016154 0.08079350000000002 0.38658545688097407
0 0.663282 0.44545899999999994 0.01616660000000003 0.0683801 0.37085265047138133
0 0.69662 0.440484 0.009540430000000044 0.05066609999999999 0.2832436685544323
0 0.36680899999999994 0.42171 0.008405209999999996 0.03767609999999999 0.1874562760029372
0 0.695513 0.43785300000000005 0.010528199999999988 0.044970200000000016 0.24679908437900894
0 0.6643219999999999 0.44961300000000004 0.015846899999999997 0.069822 0.3086101147594179
1 0.90098775 0.589771 0.19802450000000005 0.24964500000000006 0.4415427276979832
1 0.5310279999999998 0.440477 0.046598999999999946 0.051917500000000005 0.4275261607305586
1 0.342936 0.440431 0.0828953 0.05273800000000001 0.32396777984940966
1 0.0145329 0.438373 0.02891 0.04416019999999998 0.3069903809881141
1 0.67126 0.443387 0.032878900000000044 0.03630129999999998 0.2843513390039171
1 0.445463 0.425141 0.0228796 0.012285199999999996 0.15633678776739243
1 0.368896 0.425196 0.021038 0.012186699999999995 0.1188386126208224
1 0.0821081 0.43952099999999994 0.018807400000000002 0.015192499999999998 0.08882688001621143
1 0.0140042 0.43581000000000003 0.0280084 0.03247490000000003 0.1990924390169867
