0 0.0568518 0.502944 0.023120199999999994 0.10950100000000001 0.4182395716805795
1 0.14109300000000002 0.510234 0.12530000000000002 0.15412000000000003 0.44298836819015686
1 0.276388 0.470094 0.0986977 0.11476899999999995 0.43799421231475083
1 0.559563 0.448078 0.042920700000000034 0.05971529999999997 0.4202681465209616
1 0.357961 0.454374 0.044228199999999995 0.058125800000000005 0.40446470919899746
1 0.43021700000000007 0.434839 0.027387800000000018 0.037314400000000025 0.40150142137541406
1 0.5234990000000002 0.426724 0.01830710000000002 0.02330969999999999 0.23234864180701695
1 0.470006 0.429514 0.018368700000000016 0.02348450000000002 0.12374560154078407
1 0.5461660000000002 0.435872 0.024730800000000053 0.05276930000000002 0.17248893961128953
1 0.523582 0.4270590000000001 0.015043600000000046 0.020071600000000023 0.10980165498590051
2 0.544323 0.43202799999999997 0.017567099999999947 0.05598249999999999 0.2822406671939604
2 0.54539 0.435404 0.024507900000000027 0.05698900000000001 0.10228045747890852
