0 0.423198 0.458364 0.01965870000000003 0.08427479999999998 0.40831776306154555
1 0.548646 0.438631 0.04656970000000005 0.02443240000000002 0.40420832815993485
1 0.48699 0.435796 0.04905820000000005 0.032593800000000006 0.38886949547584254
1 0.0125763 0.453041 0.0251526 0.0621526 0.3878302120509486
1 0.283714 0.438064 0.04383110000000001 0.028694700000000017 0.3211847910139418
1 0.598497 0.435987 0.03865070000000004 0.02496130000000002 0.30432994115424644
1 0.6394010000000001 0.4335049999999999 0.04849720000000002 0.027427499999999994 0.24165461027090318
1 0.119359 0.430553 0.044433799999999996 0.036967799999999995 0.18014460064562943
1 0.48792500000000005 0.435129 0.04615280000000005 0.029034899999999975 0.3231416812064468
1 0.28359 0.437323 0.043227899999999986 0.03287509999999999 0.31419060626940715
1 0.117845 0.4302 0.040424500000000016 0.03309770000000001 0.12634472237440122
1 0.549863 0.43772600000000006 0.04436949999999995 0.024659900000000012 0.3436962646842802
2 0.131281 0.497892 0.0643687 0.20240199999999997 0.4368118324959615
2 0.13225199999999998 0.522305 0.05081169999999999 0.14938999999999997 0.049006973322671565
