0 0.173628 0.6698580000000001 0.11539900000000002 0.49089400000000005 0.4303073675657558
0 0.19525400000000004 0.669431 0.16410600000000003 0.501571 0.3007875052491299
1 0.36451900000000004 0.45215099999999997 0.05176520000000001 0.07492389999999999 0.4310792625366722
1 0.480607 0.433303 0.024193599999999982 0.03876459999999998 0.379094452389009
1 0.5168920000000001 0.430446 0.036442900000000056 0.028330100000000025 0.35523954969898947
1 0.42902700000000005 0.436913 0.0318137 0.04216059999999999 0.3351721150243161
1 0.500716 0.440184 0.022187900000000038 0.030419099999999977 0.31159285634946043
1 0.449306 0.425056 0.03570770000000001 0.01890900000000001 0.1875035161586142
1 0.379057 0.430418 0.021154600000000023 0.024609199999999998 0.12948877230416544
1 0.400168 0.433303 0.027886399999999978 0.02424369999999998 0.10426591263140529
1 0.458816 0.4218970000000001 0.021999099999999994 0.01575500000000002 0.14776196764398705
1 0.52199 0.432828 0.022796200000000044 0.02995110000000001 0.13096511260184393
1 0.406852 0.43410499999999996 0.020130499999999996 0.022258999999999973 0.04141245746926465
1 0.459321 0.427832 0.02015290000000003 0.018437399999999993 0.04059163287972112
1 0.501523 0.44162499999999993 0.025282900000000053 0.03549079999999999 0.20848269353162466
2 0.226607 0.515526 0.0706177 0.24201500000000004 0.41596791642749037
2 0.209756 0.546414 0.10882899999999998 0.18543500000000002 0.13068547201602745
