1 0.119774 0.49249 0.165532 0.11730899999999994 0.43268038276452075
1 0.42778499999999997 0.43883399999999995 0.05274669999999998 0.046992199999999984 0.42035391262884125
1 0.039370800000000004 0.449555 0.07872880000000002 0.05065189999999997 0.43119988545844934
1 0.15441 0.441188 0.0805746 0.0538651 0.39731034814651695
1 0.179458 0.47850500000000007 0.135789 0.10632700000000006 0.4047389772872969
1 0.0280255 0.44439300000000004 0.056051 0.04767110000000002 0.1447548444092362
1 0.153976 0.43906500000000004 0.07634050000000002 0.04734120000000003 0.3332963340504654
1 0.426881 0.436847 0.0547571 0.04491430000000002 0.34468156537093075
2 0.347834 0.48846500000000004 0.055886800000000014 0.18083900000000003 0.4334724579961147
2 0.35298699999999994 0.509517 0.0493499 0.12896799999999997 0.12220608333535762
