0 0.650885 0.44205399999999995 0.01334780000000002 0.05149039999999999 0.34204945613476834
0 0.736726 0.451697 0.014713500000000046 0.07638839999999997 0.3336319942207883
0 0.7567089999999999 0.467302 0.027321599999999946 0.11006500000000002 0.2909319385539518
0 0.456714 0.434036 0.010625800000000019 0.03739100000000001 0.19798853750746706
0 0.752397 0.46298 0.023005500000000012 0.09884579999999998 0.2682973388883224
0 0.73765 0.458912 0.017967599999999972 0.09086339999999998 0.2669532623041749
0 0.651502 0.442669 0.01144120000000004 0.05583650000000001 0.24245785694587263
1 0.879059 0.561044 0.21918499999999996 0.23373 0.4442193640914876
1 0.727768 0.49679399999999996 0.09566059999999998 0.12702399999999997 0.4392687792334535
1 0.0173828 0.4469080000000001 0.0347116 0.06559310000000002 0.42305944348649765
1 0.499768 0.43244099999999996 0.052712300000000045 0.033992999999999995 0.3843688387024602
1 0.949179 0.45997 0.10087899999999994 0.09630809999999995 0.4158638046280858
1 0.664539 0.439233 0.03697050000000002 0.03317019999999998 0.2609183872189737
1 0.0865025 0.435794 0.052877299999999995 0.03501710000000002 0.16612390479284983
1 0.0358009 0.439292 0.013639199999999997 0.01840130000000001 0.0592886825600979
1 0.021566900000000003 0.437663 0.042001800000000006 0.0309392 0.2896109885696713
1 0.07326580000000002 0.43672 0.03695230000000001 0.0297172 0.11461188221530559
1 0.9487130000000001 0.4659150000000001 0.10238000000000003 0.09795110000000001 0.2748741352768347
1 0.727711 0.5020879999999999 0.09215490000000004 0.11168199999999995 0.14321894104098795
2 0.0925757 0.4620540000000001 0.0349969 0.11396900000000004 0.42601676896033536
2 0.0937854 0.47827299999999995 0.030738500000000002 0.07879249999999999 0.13378386452820584
