0 0.288893 0.426547 0.008318040000000027 0.036402900000000016 0.3461451317677352
0 0.174085 0.440052 0.011017500000000013 0.0522088 0.33383700732358074
1 0.0328884 0.444481 0.0657768 0.06100709999999998 0.42436657400765726
1 0.144824 0.439434 0.04476849999999999 0.04643829999999999 0.41732182846203897
1 0.47889800000000005 0.43140599999999996 0.025586500000000012 0.02829569999999998 0.36947534768013834
1 0.507555 0.429874 0.015027899999999983 0.017510899999999996 0.2505459301510177
1 0.611414 0.424432 0.02220080000000002 0.01842189999999999 0.21502597370041324
1 0.448171 0.432307 0.01745350000000001 0.02184330000000001 0.1581683730020667
1 0.0543298 0.443799 0.04651430000000001 0.03521249999999998 0.24386363384360243
1 0.0682089 0.44545899999999994 0.019552299999999995 0.03238849999999999 0.07255327716845933
1 0.477296 0.432157 0.01991860000000001 0.026043399999999994 0.2667494989229
1 0.449436 0.434849 0.02186739999999998 0.020743500000000026 0.05535829242427752
1 0.508043 0.43201600000000007 0.016586699999999954 0.016332100000000016 0.09547876947173384
1 0.0423746 0.44313400000000003 0.069854 0.04092950000000001 0.3425502935134021
1 0.143357 0.439494 0.039705199999999996 0.04487410000000003 0.33987922429710915
