0 0.7536990000000001 0.439037 0.00958150000000002 0.03906789999999999 0.15141675905840465
0 0.754264 0.43610399999999994 0.009327320000000028 0.03940939999999998 0.13593744642001018
1 0.87893 0.49870099999999995 0.10053299999999998 0.11817099999999997 0.4386858448852451
1 0.81218 0.442481 0.04663050000000002 0.035511899999999985 0.41247214490739265
1 0.6735819999999999 0.433215 0.030038499999999968 0.03284130000000002 0.38480133838016317
1 0.99302095 0.4381999999999999 0.013958099999999973 0.02522479999999999 0.23269308216539974
1 0.910627 0.43793 0.04739000000000004 0.03590009999999999 0.21226850289587137
1 0.906733 0.465098 0.06996499999999994 0.09955050000000004 0.4140650095740549
1 0.98838695 0.434505 0.023226100000000027 0.02865479999999998 0.23108862200300262
1 0.666767 0.433074 0.0420296 0.031837000000000004 0.25511137248997395
1 0.9127129999999999 0.46525 0.06484619999999996 0.08712050000000005 0.10844153479275927
