0 0.239923 0.455712 0.017208200000000007 0.08428089999999999 0.24784635099872593
0 0.5394490000000001 0.447093 0.006728940000000017 0.03665839999999998 0.16874596385882917
0 0.239366 0.4472130000000001 0.013925799999999988 0.06856840000000003 0.1262477107987681
1 0.171647 0.5510029999999999 0.22502900000000003 0.26563499999999995 0.4454787958146822
1 0.35475600000000007 0.462414 0.07368150000000001 0.10261900000000002 0.4276082577001332
1 0.393121 0.452172 0.0365993 0.044016200000000005 0.4019797852819297
1 0.280207 0.501611 0.12380900000000003 0.16060600000000003 0.43524877957802743
1 0.39747 0.454321 0.024332599999999982 0.0442188 0.13614121735630438
1 0.29830200000000007 0.50147 0.08968870000000001 0.15792899999999999 0.15101457150816724
1 0.35934 0.463356 0.061738000000000015 0.09698469999999998 0.14612959510697665
