0 0.602258 0.446956 0.014047800000000055 0.06672230000000001 0.40571359214956504
0 0.26021099999999997 0.456414 0.015925299999999976 0.084096 0.39258954307483407
0 0.26002100000000006 0.457499 0.017652500000000015 0.083293 0.3382852995295667
1 0.41412000000000004 0.455079 0.06251800000000002 0.08567930000000001 0.43622935679004116
1 0.498993 0.4359799999999999 0.030147700000000055 0.043811199999999995 0.41309727434610866
1 0.47548 0.433136 0.020975299999999975 0.03180709999999998 0.3027702943386941
1 0.456941 0.433078 0.024019899999999983 0.020682599999999995 0.17532381155513502
1 0.457517 0.439184 0.027286699999999997 0.03150370000000002 0.1288652944440777
1 0.49895 0.437632 0.025992199999999965 0.04065350000000001 0.1399335969160071
1 0.47498300000000004 0.43420100000000006 0.017419000000000018 0.0317346 0.10865964500769548
