0 0.607539 0.457527 0.010703800000000041 0.052128799999999975 0.37649074011931655
0 0.607969 0.45833 0.010249100000000011 0.05135719999999999 0.32327231829014264
1 0.498699 0.47645 0.059350599999999976 0.0761191 0.4317195271708964
1 0.460701 0.435534 0.023047299999999993 0.033149399999999996 0.39418286638378447
1 0.47587 0.42976800000000004 0.01642300000000002 0.02141900000000002 0.18564968403000812
1 0.118958 0.667586 0.237906 0.48594699999999996 0.15034167159542028
1 0.503538 0.436401 0.02870710000000004 0.03842679999999998 0.11429107099012774
1 0.690083 0.413253 0.011114599999999975 0.031736600000000004 0.04447072147869502
1 0.493018 0.443591 0.029724500000000043 0.04504229999999998 0.102097641734961
1 0.465779 0.438856 0.032058699999999996 0.0404505 0.04690801657893469
1 0.474399 0.431758 0.016574499999999992 0.024670100000000028 0.09682036059300911
