0 0.305891 0.458034 0.016822500000000018 0.08093899999999998 0.3936127740196436
0 0.7727250000000001 0.447476 0.012464600000000048 0.06223010000000001 0.3902422118442042
0 0.671917 0.43541799999999997 0.008084039999999959 0.0409563 0.3235881867531129
0 0.10236599999999998 0.480458 0.025300599999999993 0.12469699999999995 0.1546619764750501
0 0.772121 0.446641 0.013807099999999961 0.06307560000000001 0.32614366806851847
1 0.0986661 0.521698 0.197332 0.19471000000000005 0.4407323067748642
1 0.483171 0.429555 0.02467170000000002 0.021891300000000002 0.38173577332632774
1 0.579747 0.43703 0.02716660000000004 0.02734570000000003 0.3611537420043767
1 0.456577 0.427423 0.013603399999999988 0.014919899999999986 0.1969112186720128
1 0.519088 0.43578 0.02636930000000004 0.017159099999999983 0.04647683188274044
1 0.455732 0.429453 0.01782529999999999 0.015425899999999992 0.06561655402676482
1 0.48160499999999995 0.431574 0.027054199999999973 0.01948899999999998 0.10789389875525708
1 0.579378 0.43697299999999994 0.028691699999999987 0.029307899999999998 0.32923325414123167
