0 0.981644 0.447679 0.007090759999999974 0.03434959999999998 0.15102599040571682
0 0.9896719999999999 0.460173 0.018573599999999968 0.0830109 0.12632415560320714
1 0.885312 0.494518 0.09828210000000004 0.11288000000000004 0.4364917001788494
1 0.831882 0.442712 0.04835210000000001 0.037437600000000015 0.3857543970548894
1 0.690752 0.433277 0.033949499999999966 0.032440199999999975 0.3416220015222347
1 0.920337 0.462658 0.07225760000000003 0.09915500000000005 0.42391664592300554
1 0.919189 0.442118 0.05003449999999998 0.039306300000000016 0.13323268639375746
1 0.697576 0.43318100000000004 0.02352960000000004 0.03541250000000001 0.0734730853981146
1 0.913846 0.45684 0.06474150000000001 0.08903890000000003 0.3432392253244114
1 0.6859649999999999 0.43233900000000003 0.04127749999999997 0.0328561 0.21298719728926507
