0 0.717491 0.5467009999999999 0.06264040000000004 0.21913799999999994 0.43372058347399095
0 0.8291789999999999 0.459133 0.0211962 0.08153850000000001 0.40409779536849644
0 0.07335750000000002 0.459697 0.03201420000000001 0.09659290000000004 0.37306605815387833
0 0.647886 0.45144799999999996 0.009165509999999988 0.040739899999999996 0.18760762795801886
0 0.0726734 0.4547979999999999 0.028476799999999997 0.08782879999999998 0.2734298908996492
1 0.453959 0.4697319999999999 0.05555189999999999 0.08114609999999994 0.4255127210856846
1 0.506002 0.44156 0.03283419999999998 0.032459499999999974 0.4097432232930418
1 0.391339 0.4320010000000001 0.026662699999999984 0.02473900000000001 0.395307915916558
1 0.36090600000000006 0.428261 0.013463100000000006 0.01767550000000001 0.31383331291045197
1 0.425928 0.433601 0.02130280000000001 0.027669 0.3041046037112241
1 0.42644400000000005 0.437655 0.020845100000000005 0.020123000000000002 0.08825595371044766
1 0.453732 0.464265 0.047578200000000015 0.06780819999999999 0.09415075208079098
1 0.36070599999999997 0.429767 0.01433319999999999 0.019647899999999996 0.22985362775961046
1 0.39156599999999997 0.43360200000000004 0.02493709999999999 0.02541270000000001 0.13635161660404588
