1 0.830083 0.468767 0.06919750000000002 0.09941849999999997 0.4366086539623216
1 0.47483 0.45098400000000005 0.05924510000000005 0.052249500000000004 0.4325982857949462
1 0.337201 0.460459 0.07879059999999999 0.06703490000000001 0.43119208853955127
1 0.648023 0.440945 0.04934649999999996 0.0420412 0.4219972279471973
1 0.0680377 0.447878 0.08770430000000001 0.06803389999999998 0.41945956016699515
1 0.749549 0.43527800000000005 0.03422910000000001 0.041217400000000015 0.41450484752836786
1 0.5418970000000001 0.436219 0.047523300000000046 0.03144819999999998 0.39718789065558724
1 0.527823 0.43646399999999996 0.043290700000000015 0.028398199999999985 0.3709842808080735
1 0.0862953 0.45156 0.0517927 0.061060400000000015 0.07471817055004489
1 0.74904 0.438744 0.034792500000000004 0.03898259999999998 0.13924637663561282
2 0.09092730000000002 0.45194 0.04250820000000001 0.061693300000000006 0.08004975358181916
