1 0.656615 0.465812 0.05710700000000002 0.07652829999999994 0.4213294447756856
1 0.393189 0.43684599999999996 0.040056499999999995 0.04432419999999998 0.38407072121517816
1 0.572597 0.436747 0.03619399999999995 0.03476689999999999 0.3838125056069631
1 0.612903 0.452745 0.04563419999999996 0.05183510000000002 0.2774423156131641
1 0.382661 0.44537799999999994 0.029969899999999994 0.04267749999999998 0.3663377757870671
1 0.637078 0.457513 0.05301699999999998 0.0689301 0.3353678649490708
1 0.5597 0.437477 0.014726400000000028 0.024992899999999985 0.04821825153532645
1 0.6017129999999999 0.45213099999999995 0.025608399999999976 0.04794999999999999 0.08986093645369043
1 0.574978 0.439654 0.030653599999999948 0.03389930000000002 0.13944103921561
1 0.387097 0.44806900000000005 0.036198799999999975 0.03684150000000003 0.13420008637214645
