1 0.654344 0.491276 0.10071200000000002 0.14007800000000004 0.4445142710827527
1 0.0776819 0.526247 0.1553638 0.17605000000000004 0.4429842404095638
1 0.306477 0.467421 0.0574385 0.07920269999999996 0.43381414650076866
1 0.395356 0.447806 0.04253629999999997 0.060937200000000025 0.4210813192978094
1 0.914107 0.47231199999999995 0.169226 0.10188199999999997 0.4168865769306072
1 0.559731 0.450063 0.03533569999999997 0.050353499999999995 0.3997934374944322
1 0.374234 0.43638299999999997 0.04203469999999998 0.043563799999999986 0.3962618918758605
1 0.9048130000000001 0.738546 0.18996500000000005 0.47868599999999994 0.14025730017150767
1 0.550341 0.443767 0.028227000000000002 0.042169400000000024 0.3407403626243287
1 0.36923799999999996 0.438064 0.030131799999999986 0.04023789999999999 0.1300257909041857
1 0.5616380000000001 0.45218 0.03313540000000004 0.041605 0.13893384641421067
1 0.306809 0.470503 0.0580367 0.06728359999999994 0.14573617841336875
