0 0.9776009999999999 0.533985 0.03688579999999997 0.14611400000000002 0.39929397604266276
0 0.773682 0.453402 0.013581500000000024 0.05960080000000001 0.3922652829771288
0 0.877257 0.472467 0.016777799999999954 0.093252 0.3828667852088469
0 0.6114439999999999 0.4320069999999999 0.006687989999999977 0.03285569999999999 0.3329665042607172
0 0.9155709999999999 0.4585699999999999 0.02280139999999997 0.08776869999999998 0.33133052721897105
0 0.644734 0.43228599999999995 0.007288870000000003 0.03187089999999998 0.32880386685368385
0 0.362151 0.447786 0.008858009999999972 0.04770970000000002 0.28868780183815024
0 0.628891 0.435956 0.00712394999999999 0.03658460000000002 0.253916214563917
0 0.915732 0.45033499999999993 0.014419599999999977 0.06594939999999999 0.28096685081001915
0 0.9683229 0.53942 0.06335419999999992 0.15444799999999997 0.23923953812012969
0 0.878468 0.461557 0.018042899999999973 0.06554399999999999 0.1899272763870841
0 0.627609 0.43395399999999995 0.008973569999999986 0.03447159999999999 0.2083364248121702
0 0.6453040000000001 0.43519699999999994 0.006583600000000023 0.032462099999999994 0.16834206915274647
0 0.611721 0.43397300000000005 0.00807005999999999 0.034875900000000015 0.09625439351903821
1 0.555059 0.437069 0.03255350000000001 0.03844130000000001 0.41331879857127357
1 0.074373 0.539793 0.148746 0.23388199999999998 0.3976346082442222
1 0.474812 0.428566 0.021222300000000027 0.02188610000000002 0.3109732306182019
1 0.95537 0.466323 0.08925629999999996 0.07326310000000003 0.23322147234905713
1 0.504321 0.43474499999999994 0.02097020000000005 0.016715199999999986 0.11421484608811651
1 0.44742899999999997 0.427747 0.019348199999999982 0.016372900000000024 0.09332914065786026
1 0.560226 0.43706100000000003 0.042258600000000035 0.03789130000000002 0.2685974614013029
