0 0.736594 0.433633 0.009171869999999971 0.037231000000000014 0.1347466292733229
1 0.9334909999999998 0.576368 0.13232999999999995 0.22853499999999993 0.43447734324939924
1 0.661364 0.459293 0.053470099999999965 0.0677683 0.4265960341702386
1 0.522959 0.435974 0.04364380000000001 0.03945209999999999 0.40343918504274723
1 0.784916 0.439703 0.047101599999999966 0.03482229999999997 0.40110010937330365
1 0.883974 0.489347 0.08542939999999999 0.14241299999999996 0.4261098733448249
1 0.943709 0.439611 0.04881800000000003 0.0414427 0.29888698324434215
1 0.860354 0.435751 0.0449522 0.028893500000000016 0.21950115076579532
1 0.6840929999999998 0.44538600000000006 0.05227079999999995 0.040671100000000016 0.378178543739621
1 0.847252 0.448005 0.012673399999999946 0.021011500000000016 0.0563401031248454
1 0.6952209999999999 0.447926 0.029817199999999988 0.03682859999999999 0.13479887959771422
1 0.5308840000000001 0.438218 0.027610000000000023 0.035129999999999995 0.11703564378128513
1 0.859999 0.434763 0.03688809999999998 0.02389039999999998 0.1340923284948785
1 0.933768 0.546321 0.13172099999999998 0.248027 0.12429087707812463
1 0.661853 0.461084 0.053944800000000015 0.05582969999999998 0.1434342186557302
