1 0.708718 0.518007 0.11988600000000005 0.16138600000000003 0.44439961051072124
1 0.29665700000000006 0.471696 0.0876345 0.10211600000000004 0.4406680968545265
1 0.615678 0.46469800000000006 0.05090989999999995 0.070432 0.4249939966578139
1 0.37123800000000007 0.45604 0.04355340000000002 0.058119299999999985 0.4220618965098232
1 0.036222925 0.46671000000000007 0.07244585 0.08942140000000004 0.32624968795110915
1 0.595517 0.453624 0.04197899999999999 0.05739310000000003 0.40808614870604176
1 0.620156 0.44356 0.05882889999999996 0.04188049999999999 0.21977037705515617
1 0.5887959999999999 0.456182 0.02855569999999996 0.05317660000000002 0.09412541604572265
1 0.371846 0.456886 0.043381 0.04746139999999999 0.1374616811467299
2 0.385943 0.466858 0.01572220000000002 0.030905300000000024 0.09796720874214251
