0 0.7540580000000001 0.4867449999999999 0.024312 0.13334499999999994 0.41270972161264197
0 0.438418 0.430434 0.005762099999999992 0.028616299999999983 0.10515333072181725
1 0.562774 0.4707410000000001 0.07270810000000005 0.08410560000000006 0.44059838322673134
1 0.414026 0.442711 0.036780199999999985 0.041660699999999995 0.41678796883866004
1 0.45271 0.44941 0.03414919999999999 0.04240450000000001 0.40542969257321493
1 0.30158799999999997 0.438774 0.027102499999999974 0.038196600000000025 0.402874596386064
1 0.392501 0.435345 0.02260040000000002 0.028350700000000006 0.34951936308147963
1 0.269784 0.4285840000000001 0.025824400000000025 0.017069500000000015 0.18815015500946086
1 0.342078 0.427659 0.024645699999999993 0.018962900000000005 0.17749999532611782
1 0.324075 0.42672 0.02088200000000001 0.021161700000000006 0.14297333775096155
1 0.352927 0.431801 0.020943299999999998 0.023224999999999996 0.13482202837528728
1 0.29195899999999997 0.428193 0.01352239999999999 0.017876000000000003 0.0663095968742245
1 0.3901490000000001 0.433801 0.016451300000000002 0.02356069999999999 0.28709574862585996
1 0.325554 0.42704200000000003 0.015366700000000011 0.01900980000000002 0.06958864633210764
1 0.302173 0.443322 0.02528839999999999 0.029267199999999993 0.13742564417759545
1 0.353822 0.43329299999999993 0.018828100000000014 0.0177968 0.06547177668351713
1 0.26952199999999993 0.42866899999999997 0.019674899999999995 0.015755499999999978 0.04908424036129616
1 0.452997 0.4481069999999999 0.03183180000000002 0.040621799999999986 0.3408706188418913
1 0.413975 0.440865 0.0356301 0.039231000000000016 0.3424759695934305
1 0.563049 0.475006 0.0712933 0.07293830000000001 0.14854769147256824
