1 0.36669699999999994 0.445772 0.07665669999999997 0.05524600000000002 0.43686182450536726
1 0.0953011 0.474369 0.07746720000000001 0.07719949999999998 0.42883741903231143
1 0.217373 0.442411 0.0445412 0.04267540000000003 0.4204415133058733
1 0.29395799999999994 0.447402 0.05281649999999999 0.03955209999999998 0.40442526596221856
1 0.177149 0.444405 0.044349500000000014 0.03499039999999998 0.4045720314944189
1 0.0293204 0.493765 0.0586408 0.16591299999999998 0.3662405436219843
1 0.255838 0.445136 0.04252449999999999 0.04010570000000002 0.40525082208084573
1 0.687429 0.45020400000000005 0.124919 0.07761380000000001 0.10538185040175164
1 0.282601 0.45006 0.028656999999999988 0.03235520000000003 0.13438878203629734
1 0.17624500000000004 0.442862 0.040386000000000005 0.026598600000000028 0.14003619998970004
1 0.298824 0.447306 0.04228979999999999 0.033293799999999985 0.13056477177442855
1 0.256003 0.44650200000000007 0.038650500000000004 0.03364410000000001 0.13643360464299376
1 0.218328 0.440755 0.042145600000000005 0.03782760000000002 0.34350735508220115
