0 0.8085849999999999 0.462032 0.026838699999999993 0.10917200000000005 0.30561628869288804
0 0.6089769999999999 0.430033 0.006900849999999958 0.027590700000000024 0.1626772091023434
1 0.821443 0.536316 0.17058700000000004 0.19375900000000001 0.4425411919592339
1 0.710608 0.489687 0.0829065 0.11385099999999998 0.43505798438616694
1 0.936789 0.454856 0.12642200000000003 0.09050849999999999 0.42755826569072747
1 0.12663199999999997 0.448072 0.03932949999999999 0.04821120000000001 0.41063207204743035
1 0.0411243 0.44523499999999994 0.0456193 0.06035289999999999 0.4049889373343257
1 0.6746970000000001 0.43803400000000003 0.04098780000000002 0.03278880000000001 0.3960876078063725
1 0.0152887 0.446243 0.0303594 0.04471029999999998 0.3123147593109711
1 0.10160499999999999 0.435589 0.058104799999999984 0.03427140000000001 0.3321111363933619
1 0.42264 0.425796 0.01570640000000001 0.009792330000000016 0.1634285151680235
1 0.4750329999999999 0.455775 0.028691399999999978 0.016358399999999995 0.10940619252548585
1 0.011482500000000001 0.444351 0.022216600000000003 0.03066930000000001 0.12078490487136845
1 0.126676 0.450528 0.03852299999999999 0.03665390000000002 0.132972167205954
1 0.674704 0.436456 0.039701100000000045 0.027821399999999996 0.3264776876673559
1 0.7082660000000001 0.493793 0.07559130000000003 0.09864130000000004 0.14658139483791596
1 0.040114399999999995 0.44241600000000003 0.043481599999999995 0.05361460000000001 0.3273289234751116
