0 0.743581 0.452073 0.021206700000000023 0.08123069999999999 0.392825743853219
0 0.619516 0.43211600000000006 0.007566129999999949 0.03677910000000001 0.3700812141427531
0 0.619551 0.433091 0.0069135700000000355 0.036050799999999994 0.3043535548545063
1 0.214019 0.460561 0.0766288 0.07689459999999998 0.4371227919673111
1 0.341463 0.450714 0.05055949999999998 0.06168499999999999 0.42002185561223787
1 0.514491 0.42981099999999994 0.022791899999999976 0.030635899999999994 0.32351205213328393
1 0.9808870000000001 0.476537 0.03822570000000003 0.09292870000000003 0.16642018881574128
1 0.514339 0.43162900000000004 0.023095899999999947 0.030867900000000004 0.27437481977617795
1 0.341745 0.448843 0.04867949999999999 0.0530042 0.09664344025149066
2 0.30242499999999994 0.453245 0.029487399999999997 0.09033180000000002 0.41689941891467475
2 0.510919 0.438854 0.014811499999999977 0.052388199999999996 0.3151743425655337
2 0.390448 0.432205 0.014408199999999982 0.03540359999999998 0.21593967155401758
2 0.30551399999999995 0.469375 0.026853599999999977 0.05675720000000001 0.13075723122094152
2 0.5118469999999999 0.429645 0.014154499999999959 0.038383900000000026 0.19665388844901982
