0 0.665118 0.473966 0.022441900000000015 0.10629 0.409998687047528
0 0.580219 0.44234400000000007 0.010150499999999951 0.05078650000000001 0.3807529029028733
0 0.404648 0.430778 0.007665250000000012 0.032696999999999976 0.3585871797600226
0 0.55794 0.43324000000000007 0.006502910000000028 0.03141290000000002 0.24990088217360634
0 0.37788600000000006 0.435676 0.007909200000000005 0.041090300000000024 0.2435840019392443
0 0.377554 0.437941 0.007853129999999986 0.0409003 0.2284137991493704
0 0.663951 0.47695 0.021229199999999948 0.10881800000000003 0.33983618642405483
0 0.579786 0.444041 0.010095799999999988 0.05144130000000002 0.32171381407299
0 0.404809 0.431057 0.006906320000000021 0.0337056 0.30454627311791765
1 0.22636700000000004 0.538988 0.21990100000000004 0.280964 0.4457090342433215
1 0.455248 0.438633 0.0247232 0.03478579999999998 0.41611697517113144
1 0.49990900000000005 0.428157 0.014253200000000021 0.01994659999999998 0.2087950671002964
1 0.46867000000000003 0.427721 0.01704040000000001 0.022658100000000014 0.1138165117881306
1 0.455399 0.444578 0.01947270000000001 0.02029320000000001 0.1329087484349444
1 0.456254 0.42978400000000005 0.01672499999999999 0.022351100000000013 0.06943411225485845
