0 0.7150050000000001 0.479003 0.014282000000000017 0.07631120000000002 0.3251343728154748
0 0.17418499999999998 0.470589 0.01708119999999999 0.08695339999999996 0.32421572370213847
0 0.9808299999999999 0.479136 0.019699299999999975 0.07463160000000002 0.3022012803356574
0 0.6651879999999999 0.463246 0.009830279999999969 0.05460520000000002 0.295731126464448
0 0.716382 0.477318 0.012392799999999982 0.07743039999999995 0.27084982732605833
0 0.666221 0.463641 0.011337799999999953 0.0516567 0.2077094608043017
0 0.978803 0.47938500000000006 0.022960300000000045 0.07579600000000003 0.29396494000533024
0 0.17357700000000004 0.466407 0.0157707 0.09427500000000005 0.2588618351990159
1 0.496587 0.587841 0.22939500000000002 0.38813499999999995 0.44774403007573743
1 0.161222 0.457047 0.044884199999999985 0.0339913 0.11002306990106303
1 0.5932730000000002 0.484895 0.015167400000000053 0.04161519999999996 0.09522037338737216
1 0.401348 0.480055 0.01437440000000001 0.04953490000000005 0.04033071892852036
