0 0.6082890000000001 0.45055500000000004 0.012798100000000034 0.0637973 0.39178691907061325
0 0.5634809999999999 0.4326479999999999 0.008268929999999952 0.03980299999999998 0.377644225473954
0 0.57673 0.438438 0.009115600000000001 0.045882199999999984 0.30527781068425086
0 0.313589 0.437886 0.015478500000000006 0.0567956 0.20055555839410935
0 0.563561 0.432891 0.00611649000000003 0.03470390000000001 0.13473329895866007
0 0.6081300000000001 0.452249 0.010619000000000045 0.06429200000000002 0.28038260216165356
1 0.337817 0.500791 0.09571830000000003 0.14051500000000006 0.4421050231432259
1 0.6955560000000001 0.441084 0.046612100000000045 0.04984500000000003 0.40633963887285734
1 0.467869 0.433188 0.018417899999999987 0.02507579999999998 0.3727950005615957
1 0.49958500000000006 0.427044 0.014759400000000034 0.01982470000000003 0.17863658480227051
1 0.625303 0.43994900000000003 0.023493399999999998 0.028177300000000016 0.11595393252778374
1 0.468296 0.4327500000000001 0.01399729999999999 0.018563700000000016 0.1253310708160239
1 0.500246 0.428898 0.014141500000000029 0.022154600000000024 0.13252922664569272
1 0.697419 0.441476 0.04426229999999998 0.0484793 0.31653670072407597
