1 0.49878 0.458351 0.060457599999999945 0.09346310000000002 0.4361234104214841
1 0.366294 0.441395 0.05687389999999998 0.03138160000000001 0.4122749287234983
1 0.587437 0.43267600000000006 0.0585831 0.036912200000000006 0.29801441893312586
1 0.055611 0.446573 0.0672633 0.038801399999999986 0.2885355325984924
1 0.7513289999999999 0.43613199999999996 0.06886979999999998 0.04094979999999998 0.2845290917540633
1 0.677945 0.43559 0.058559600000000045 0.03661599999999998 0.27014606309899175
1 0.634785 0.445302 0.02143329999999999 0.014302499999999996 0.07360070977352101
1 0.055796399999999996 0.442249 0.06084939999999999 0.02971950000000001 0.09958871498651685
1 0.590301 0.4343020000000001 0.0655325 0.04070760000000001 0.134237395292597
1 0.364653 0.44034399999999996 0.05469459999999998 0.030436399999999975 0.32456497794630496
