0 0.23073499999999997 0.437113 0.008176519999999993 0.04209489999999999 0.335764222218287
1 0.685803 0.605071 0.26982700000000004 0.254448 0.4457113274547621
1 0.122983 0.49793300000000007 0.156099 0.15424500000000002 0.44413497391047246
1 0.461443 0.467349 0.05898490000000001 0.10058799999999996 0.43211487682326116
1 0.377305 0.435948 0.025373599999999996 0.027010900000000004 0.4030401662520775
1 0.272464 0.430414 0.021861499999999978 0.01984459999999999 0.378745425607745
1 0.71936 0.456488 0.08100110000000005 0.06412980000000001 0.2282351729328884
1 0.44628200000000007 0.44618099999999994 0.03586790000000001 0.04512379999999999 0.35936916486127773
1 0.307196 0.433037 0.018749599999999977 0.017241200000000012 0.15723771156516678
1 0.305418 0.43314600000000003 0.02661239999999998 0.013322800000000024 0.11842991254343156
1 0.377171 0.435091 0.026672299999999982 0.020990300000000017 0.2325366750415203
