1 0.43694199999999994 0.43252199999999996 0.04238219999999998 0.04682789999999998 0.41490340767674955
1 0.529081 0.43360600000000005 0.04330900000000004 0.024609900000000018 0.4038758125010434
1 0.469796 0.43189 0.03306789999999998 0.03765219999999997 0.40834436431425686
1 0.7772729999999999 0.4299339999999999 0.019142199999999998 0.02444099999999999 0.30078788611526314
1 0.883108 0.416384 0.013216600000000023 0.039750300000000016 0.0898524386531085
1 0.7423929999999999 0.436656 0.016159799999999946 0.009963480000000025 0.03978544339117981
1 0.42962599999999995 0.435127 0.027672399999999986 0.045902 0.07613887691400174
1 0.473645 0.43311999999999995 0.025828399999999974 0.03721659999999999 0.09733742729901498
1 0.776858 0.428838 0.018762999999999974 0.020171099999999997 0.12068733753135369
1 0.529846 0.4345589999999999 0.04105970000000003 0.020933099999999982 0.13545352497587776
