1 0.740121 0.489696 0.0785051 0.11553600000000003 0.43373204953119415
1 0.8147329999999999 0.454549 0.057209399999999966 0.0832023 0.4294341126491636
1 0.6922679999999999 0.4321729999999999 0.03465309999999999 0.0313891 0.39174243076866494
1 0.8694580000000001 0.443234 0.031327400000000005 0.03838370000000002 0.37835557966283767
1 0.7412049999999999 0.441076 0.03229899999999997 0.0458479 0.3597126879350842
1 0.0119938 0.48757700000000004 0.0239876 0.13666800000000007 0.2998621625460568
1 0.987063775 0.459222 0.025872449999999936 0.07992280000000002 0.27920915360519033
1 0.848093 0.439516 0.0266478 0.033875199999999994 0.2822092361365959
1 0.79801 0.430094 0.02680210000000005 0.029209600000000002 0.16017744185482335
1 0.741564 0.427433 0.023405099999999956 0.013770500000000019 0.11259869031077524
1 0.7155389999999999 0.43595 0.012874799999999964 0.013110999999999984 0.04524260503155372
1 0.729067 0.465151 0.051412299999999966 0.07640549999999996 0.14821851096916522
1 0.845718 0.440886 0.036410900000000024 0.0366804 0.2923064894914659
1 0.84969 0.437501 0.02061500000000005 0.02605780000000002 0.05752318580586309
1 0.869084 0.4448289999999999 0.030354699999999957 0.031964099999999995 0.13913527576133794
1 0.692813 0.433148 0.0363464 0.033669400000000016 0.32514389446880543
