0 0.501474 0.480839 0.026448999999999945 0.13255900000000004 0.1434027669438402
1 0.654104 0.600649 0.18276199999999998 0.29052200000000006 0.4441294702030149
1 0.109857 0.557898 0.218396 0.23253300000000005 0.44271043096355245
1 0.381146 0.479847 0.06532260000000001 0.09438410000000003 0.42694093317090964
1 0.498815 0.466176 0.060872999999999955 0.09415399999999996 0.41812812160456475
1 0.28577 0.446756 0.07701930000000001 0.06208170000000002 0.4146548235565851
1 0.5951310000000001 0.451612 0.08924560000000004 0.0742524 0.37127551866103364
1 0.37873199999999996 0.443167 0.08416289999999998 0.05780560000000001 0.41602478807121807
1 0.549625 0.455464 0.08724089999999995 0.06142730000000002 0.39535194557621817
1 0.620662 0.452034 0.042628 0.060402100000000014 0.11969251449151062
1 0.277888 0.4465 0.051889200000000024 0.05873679999999998 0.12988888189481015
1 0.3886609999999999 0.44795299999999993 0.06576189999999998 0.06875559999999997 0.30309403055193457
2 0.499644 0.479109 0.03629389999999999 0.13190600000000002 0.3335530378242584
