1 0.92427075 0.53227 0.15145850000000005 0.2625660000000001 0.43743558600781307
1 0.03273199999999999 0.469881 0.06546389999999999 0.113286 0.4289263956362078
1 0.274944 0.442184 0.06818199999999999 0.046543500000000015 0.42054562510527793
1 0.42345 0.44786099999999995 0.0894413 0.06224069999999998 0.4200177278316447
1 0.207988 0.44437399999999994 0.04977329999999999 0.036133499999999985 0.41530930610174116
1 0.0903062 0.443452 0.0443885 0.03510800000000003 0.36232970083113225
1 0.136008 0.43998000000000004 0.042361499999999996 0.03422120000000001 0.33979848067686574
1 0.173826 0.442997 0.040365399999999996 0.03425529999999999 0.3377741771787801
1 0.0649772 0.462483 0.057569100000000005 0.06308429999999998 0.40101480190771216
1 0.09380650000000001 0.441817 0.03836160000000001 0.027927800000000003 0.32721656796581045
1 0.0762794 0.462066 0.03591040000000001 0.0615426 0.14190241141749846
1 0.17523 0.442501 0.03211610000000001 0.02966089999999999 0.09778450602963103
1 0.412863 0.44752499999999995 0.07013219999999998 0.0593031 0.12476455077722852
