1 0.784434 0.485474 0.08687230000000001 0.130915 0.4413890825314608
1 0.144407 0.47275100000000003 0.10997699999999999 0.08940160000000003 0.4367696374054539
1 0.33005 0.456457 0.074801 0.06689400000000001 0.43093479021591247
1 0.534313 0.443036 0.05381590000000003 0.04914940000000001 0.4260291523021148
1 0.41496 0.43857 0.0512455 0.0355298 0.39504052746258045
1 0.689527 0.437263 0.023663600000000007 0.026783200000000007 0.2705668450342844
1 0.563543 0.438565 0.018483699999999992 0.024012900000000004 0.09593812280319042
1 0.58836 0.441209 0.02285119999999996 0.016839700000000013 0.043403303305598065
1 0.545256 0.43618100000000004 0.05459729999999996 0.0324412 0.18722649621658596
1 0.990297 0.576427 0.018730000000000024 0.10246299999999997 0.001204296301321983
1 0.414845 0.440206 0.05790400000000001 0.03564489999999998 0.290703693505891
1 0.690735 0.437384 0.024821500000000052 0.030031099999999977 0.26040007961592254
1 0.145607 0.475441 0.10814299999999999 0.07742870000000002 0.14768705311363162
2 0.48361 0.459507 0.0155304 0.02190960000000003 0.1176786440253179
2 0.991268 0.583872 0.016790399999999983 0.045867699999999956 0.04646880618219084
