1 0.49888299999999997 0.509303 0.09113229999999994 0.124857 0.4421403385994116
1 0.0616469 0.45448 0.0855792 0.053866499999999984 0.42757248360165934
1 0.84846 0.45257100000000006 0.09606249999999994 0.06156610000000001 0.4096303972901627
1 0.49947300000000006 0.432693 0.01989270000000004 0.028824300000000025 0.3713291798087444
1 0.470151 0.431552 0.016228799999999988 0.02109519999999998 0.31573714806496866
1 0.192469 0.454948 0.05638950000000001 0.050800100000000015 0.05377282314903769
1 0.292261 0.450189 0.02050590000000002 0.016818600000000017 0.05191998788882191
1 0.50061 0.43139 0.01635640000000005 0.024106300000000025 0.10281488924077906
1 0.47014199999999995 0.431256 0.012892999999999988 0.019212899999999977 0.05272885261087975
2 0.190765 0.446085 0.05844959999999999 0.07269559999999997 0.42014201989172695
2 0.192821 0.45518 0.0553728 0.050048800000000004 0.09296877096651542
