1 0.34893700000000005 0.458468 0.04756440000000001 0.05519689999999999 0.4180652876110916
1 0.832018 0.455759 0.11456 0.071349 0.4126491808306093
1 0.430739 0.409876 0.04042570000000001 0.06698979999999999 0.4069615578155565
1 0.499154 0.440924 0.030954200000000043 0.0401842 0.4031607891738547
1 0.950577 0.4438559999999999 0.06240460000000003 0.04187449999999998 0.3971333122233003
1 0.880541 0.436718 0.06469080000000005 0.046036999999999995 0.37343205469980306
1 0.769355 0.442146 0.116286 0.06242619999999999 0.41204010387197776
1 0.983753 0.4526800000000001 0.03249360000000001 0.03710770000000002 0.23736262981560183
1 0.58567 0.428353 0.02170939999999999 0.0215669 0.1983531778523989
1 0.479889 0.42305100000000007 0.015172499999999978 0.022167800000000015 0.12694943349960117
1 0.666644 0.432516 0.02276100000000003 0.025778699999999988 0.12512861681101697
1 0.500095 0.41594 0.018734500000000043 0.024092800000000025 0.0826025558233021
1 0.47918000000000005 0.42679 0.011878800000000023 0.016531000000000018 0.0872297656068408
1 0.7955509999999999 0.44416 0.09020919999999999 0.0626217 0.3116425709121474
1 0.9853670000000001 0.446766 0.029246100000000053 0.043465699999999996 0.1771496665041654
1 0.500013 0.439905 0.026069499999999968 0.03326279999999998 0.13691262880913074
1 0.949898 0.446275 0.07420289999999996 0.044155500000000014 0.2962026387373793
1 0.429342 0.41398499999999994 0.0362325 0.073818 0.14184512994690915
1 0.840291 0.458449 0.09485889999999997 0.06436160000000002 0.1319801276713523
