1 0.255593 0.451463 0.05141019999999999 0.05539280000000002 0.43491121885396655
1 0.164062 0.461858 0.08662920000000002 0.06406329999999999 0.4314966270188671
1 0.0367303 0.46904199999999996 0.073339 0.11423299999999997 0.4229328582149748
1 0.33513 0.44553199999999993 0.039970300000000014 0.038098699999999985 0.40225726386624605
1 0.41589200000000004 0.429597 0.02193600000000001 0.024387400000000004 0.30677433999727816
1 0.3766630000000001 0.440441 0.025424900000000028 0.032282299999999986 0.23958574543523034
1 0.399334 0.4381900000000001 0.022754300000000005 0.023467300000000024 0.11976831613508564
1 0.513701 0.431917 0.022920599999999958 0.02163100000000001 0.10619119093485266
1 0.419072 0.430739 0.014983199999999974 0.023685400000000023 0.1234875201897773
1 0.337024 0.449083 0.04589589999999999 0.043496199999999985 0.33974782548114696
1 0.378302 0.44118199999999996 0.024930799999999975 0.027785899999999975 0.13452002584528494
1 0.16213699999999998 0.46544 0.09021569999999998 0.07032369999999999 0.3552635500164267
1 0.256344 0.454857 0.05203820000000001 0.046367500000000006 0.14390112558770404
1 0.0364062 0.475686 0.0728124 0.128154 0.2897149650240414
