1 0.6207369999999999 0.595764 0.239413 0.403613 0.44483486204215295
1 0.0568949 0.48474500000000004 0.113265 0.12402900000000006 0.41807675366829467
1 0.4267810000000001 0.43188499999999996 0.02471260000000003 0.023925099999999977 0.4010803877549142
1 0.461755 0.435225 0.022433499999999995 0.0236962 0.3841294274280583
1 0.39411399999999996 0.42769500000000005 0.017651099999999975 0.019787100000000002 0.28436922605315407
1 0.334768 0.42337100000000005 0.016414099999999987 0.014032800000000012 0.25252385741940003
1 0.3834350000000001 0.42742199999999997 0.01625280000000001 0.01892379999999999 0.1956815667981923
1 0.34521100000000005 0.425987 0.022902900000000004 0.012800299999999987 0.1710850670442258
1 0.36882400000000004 0.43173 0.015111900000000011 0.015427199999999974 0.05861216321376975
1 0.4574520000000001 0.43170699999999995 0.030161300000000002 0.030293799999999982 0.04764150266249727
1 0.390106 0.427165 0.025091399999999986 0.015886999999999984 0.057620123679168064
1 0.056787 0.4848 0.113563 0.11061000000000004 0.34836606434373985
1 0.426914 0.433732 0.024306700000000014 0.022555500000000006 0.12298788098889527
