1 0.388589 0.44589500000000004 0.039223200000000014 0.04222880000000001 0.4237240161619924
1 0.264503 0.43432800000000005 0.02827400000000002 0.03040090000000001 0.40425052325044253
1 0.30080299999999993 0.438434 0.027830599999999983 0.028292800000000007 0.3979662066185374
1 0.234375 0.42826 0.015172099999999994 0.021511000000000002 0.2641660839412416
1 0.159009 0.42673300000000003 0.022856199999999993 0.02083790000000002 0.2301136047019492
1 0.10921199999999999 0.6722649999999999 0.21842299999999998 0.4696969999999999 0.1583569017380126
1 0.196223 0.427129 0.01531260000000001 0.018293300000000012 0.09914173967500944
1 0.124255 0.426988 0.019150200000000006 0.015536400000000006 0.09701718611041817
1 0.30379999999999996 0.435406 0.019517799999999974 0.023541299999999987 0.2897644776213606
1 0.23264999999999997 0.431061 0.016859399999999997 0.022558699999999987 0.0875356864277903
1 0.10941825 0.723864 0.2188365 0.552271 0.14737767022577836
