1 0.39193500000000003 0.445082 0.03746290000000002 0.04047109999999998 0.4211170933962833
1 0.268534 0.434359 0.02744930000000001 0.02896169999999998 0.4055177518925352
1 0.304563 0.437947 0.0268756 0.028203900000000004 0.40243154793573405
1 0.236982 0.430503 0.016319799999999995 0.0200534 0.35165801207101205
1 0.16627000000000003 0.42296 0.018249600000000005 0.012551800000000002 0.24820512689622293
1 0.222249 0.423871 0.02238699999999999 0.013766 0.26383739646826926
1 0.152316 0.423728 0.016314999999999996 0.01585540000000002 0.21781505639401263
1 0.20864 0.425783 0.020337999999999995 0.012820300000000007 0.2463141265447657
1 0.28694700000000006 0.43006999999999995 0.016795700000000024 0.019917499999999977 0.1518871287329363
1 0.225681 0.426196 0.023503600000000013 0.016645999999999994 0.18527084550001588
1 0.211916 0.428635 0.02695919999999999 0.012919300000000022 0.07722171702148813
1 0.30457 0.440392 0.024392199999999975 0.025898199999999982 0.1347000533242799
1 0.269677 0.432941 0.026191100000000023 0.029554099999999972 0.3175372360560555
