1 0.7458360000000002 0.553123 0.217626 0.21666499999999994 0.4460039412345866
1 0.125782 0.472991 0.09728230000000002 0.147582 0.4413326695300213
1 0.0613021 0.4372269999999999 0.048430799999999996 0.043415099999999984 0.39460481728886054
1 0.349821 0.435963 0.040907099999999974 0.02082099999999998 0.36973127007691275
1 0.431623 0.431026 0.042580600000000024 0.026237100000000013 0.31798323029806086
1 0.29447499999999993 0.433087 0.042088599999999976 0.02669569999999999 0.30799806288332693
1 0.395146 0.434843 0.032708899999999985 0.0208333 0.22715427484679865
1 0.021895600000000005 0.725109 0.04357130000000001 0.548187 0.08088159383878371
1 0.3525499999999999 0.435699 0.0379082 0.021086099999999997 0.33086069512849786
1 0.058944500000000004 0.43619699999999995 0.04373010000000001 0.043111999999999984 0.3032227633049642
