1 0.40259 0.442885 0.03441179999999999 0.03704240000000003 0.4226599660535397
1 0.319798 0.436238 0.023110299999999973 0.02413090000000001 0.39506758735757985
1 0.252841 0.432154 0.02514079999999999 0.03083849999999999 0.38036443288483046
1 0.283762 0.4333389999999999 0.026803299999999974 0.02704869999999998 0.3770021262705773
1 0.190921 0.427763 0.018259600000000015 0.021857000000000015 0.25880725676672883
1 0.980456 0.498103 0.038451800000000036 0.08092840000000001 0.1257225991095025
1 0.20116999999999996 0.424666 0.02998229999999999 0.017166999999999988 0.11022722934862751
1 0.5199259999999999 0.720369 0.6653249999999999 0.5592619999999999 0.0011131335584207793
1 0.320002 0.433354 0.022630800000000006 0.02196039999999999 0.30776573454206024
1 0.285508 0.432084 0.028753799999999996 0.025770799999999983 0.30372664919921966
1 0.192266 0.42710400000000004 0.014517100000000005 0.018439700000000003 0.12096288658355667
1 0.253975 0.430334 0.026926299999999986 0.029627799999999982 0.2698074731065556
1 0.402123 0.444349 0.034679000000000015 0.03233619999999998 0.1429314321212993
