1 0.201088 0.494722 0.171593 0.14875700000000003 0.44210181264720894
1 0.5471059999999999 0.50492 0.08562539999999996 0.11981400000000003 0.4401612971261471
1 0.5997459999999999 0.43648200000000004 0.025714899999999985 0.028181100000000014 0.394977234826819
1 0.931254 0.453142 0.08752139999999997 0.06527260000000001 0.3419471789045162
1 0.5087 0.42850600000000005 0.020606899999999984 0.019329600000000002 0.3412491253419881
1 0.540205 0.428563 0.017727500000000007 0.022273900000000013 0.27292752846992674
1 0.033571625 0.456119 0.06714325 0.0942556 0.14161497930472428
1 0.6001799999999999 0.435724 0.024927299999999986 0.02319739999999998 0.2669963001772292
1 0.508903 0.431017 0.021339199999999947 0.0184415 0.11290980423208037
2 0.575726 0.533256 0.02098869999999997 0.05967829999999996 0.0811634375580844
