1 0.894148 0.575666 0.2117039999999999 0.26034699999999994 0.44221922507296935
1 0.737389 0.502341 0.10045499999999996 0.13464900000000002 0.44004709519640367
1 0.0739292 0.43498000000000003 0.057976599999999996 0.03302900000000003 0.41790017638736604
1 0.597027 0.437445 0.03250120000000001 0.0422343 0.41402648362185224
1 0.666669 0.440307 0.030304499999999956 0.03522239999999999 0.4128532766488255
1 0.0108622 0.446422 0.0217244 0.06841209999999998 0.3785835248800364
1 0.0167314 0.437249 0.0326934 0.024129899999999982 0.27725949986921666
1 0.0229271 0.43798899999999996 0.020278000000000004 0.019605299999999992 0.04868925000091383
1 0.010756 0.433585 0.021512 0.03291050000000001 0.11279921834628927
1 0.667035 0.43995399999999996 0.03034429999999999 0.030150799999999978 0.34044481050494685
1 0.0740666 0.436844 0.0568148 0.035198300000000016 0.34246263927876763
