1 0.791023 0.555585 0.288466 0.3154759999999999 0.4468643541671113
1 0.606583 0.477626 0.06908910000000001 0.09440310000000002 0.42874385600553366
1 0.421276 0.459715 0.046079099999999984 0.05828870000000003 0.4148281903414968
1 0.49884800000000007 0.433779 0.023294600000000054 0.0369256 0.4090249894698361
1 0.39537100000000003 0.441317 0.04232180000000002 0.05171579999999998 0.41125169777868886
1 0.5253509999999999 0.42972600000000005 0.017227699999999957 0.024536100000000005 0.18153703863238055
1 0.580781 0.460078 0.05448209999999998 0.0862387 0.40725738209139783
1 0.046933225 0.572098 0.09386645 0.20857199999999998 0.14264533950170763
1 0.461666 0.426361 0.01357750000000002 0.01678639999999998 0.06908224036409555
1 0.437628 0.438808 0.026439199999999996 0.0404158 0.05975653369213642
1 0.499927 0.43457599999999996 0.021609999999999963 0.0316747 0.13731879220361154
1 0.393426 0.442363 0.034457300000000024 0.04973919999999998 0.13978441330579094
1 0.5240289999999999 0.430859 0.01743079999999997 0.02484439999999999 0.06716268163264387
1 0.5787690000000001 0.457611 0.048803700000000005 0.07736979999999999 0.12368533010332335
2 0.445296 0.43866499999999997 0.011681400000000008 0.04205169999999997 0.19006895858864342
