1 0.257848 0.46587999999999996 0.07744499999999999 0.12996599999999997 0.44060755607249386
1 0.09578539999999999 0.479593 0.08680049999999999 0.08444529999999995 0.4352707944078575
1 0.398273 0.447866 0.07688889999999998 0.05848340000000002 0.42858470713155383
1 0.591699 0.452459 0.11668400000000001 0.077349 0.4261140011254181
1 0.201835 0.4448770000000001 0.04419709999999999 0.03493940000000001 0.41038486385413026
1 0.017377799999999995 0.503004 0.034755499999999995 0.18418199999999996 0.3804135076096599
1 0.314987 0.45161700000000005 0.10217300000000001 0.0914915 0.33568550730417956
1 0.0183109 0.46328899999999995 0.0364057 0.21522999999999998 0.1069619732914387
1 0.303976 0.450831 0.12123499999999998 0.0875493 0.3924432361849218
1 0.585103 0.451248 0.10136900000000004 0.07088230000000001 0.14536668145473222
2 0.285119 0.505873 0.018728699999999987 0.04595320000000003 0.07481872785693106
