1 0.49631899999999995 0.657536 0.29161999999999993 0.436928 0.4471257802713433
1 0.664288 0.490675 0.11978699999999998 0.16471799999999998 0.44161702774865963
1 0.356834 0.442002 0.037197499999999994 0.052790700000000024 0.40742891430715705
1 0.291732 0.438677 0.05697059999999998 0.05739110000000003 0.33177449295387723
1 0.37941100000000005 0.437136 0.02589720000000001 0.03976000000000002 0.31402603117386335
1 0.5452600000000001 0.46659 0.06361450000000002 0.07912730000000001 0.2251883184047909
1 0.103084 0.407893 0.206168 0.24402800000000002 0.18598174104661147
1 0.549361 0.440658 0.04950410000000005 0.020550999999999986 0.0820391831180556
1 0.374007 0.43712 0.0351418 0.04441660000000003 0.37319860577514674
1 0.295081 0.44027000000000005 0.04106169999999998 0.05842900000000001 0.2760521542268965
1 0.356378 0.442009 0.034682199999999996 0.0476297 0.3102981134618667
