1 0.382989 0.482575 0.07034230000000002 0.08706210000000003 0.43616331230055105
1 0.6533900000000001 0.43924700000000005 0.03565180000000001 0.0335878 0.4159532398742704
1 0.529027 0.438206 0.06154759999999998 0.042466899999999974 0.4096524121199928
1 0.835214 0.438252 0.0664228 0.03836519999999999 0.4045312123307757
1 0.460583 0.43568799999999996 0.0254934 0.037914999999999976 0.3991953679507156
1 0.213964 0.448624 0.05926519999999999 0.043842400000000004 0.38004292464085393
1 0.30421 0.439982 0.07138240000000001 0.04777100000000001 0.3291593146269817
1 0.331399 0.440489 0.040206699999999984 0.026641000000000026 0.10383242217712654
1 0.483965 0.42496899999999993 0.010448500000000027 0.016255799999999987 0.058856711030516415
1 0.212388 0.444604 0.05782579999999998 0.035687899999999995 0.29683068699106563
1 0.460333 0.432801 0.024077000000000015 0.03445569999999998 0.3331915958638288
1 0.525688 0.43772199999999994 0.06633719999999999 0.038719899999999974 0.33944313257456776
2 0.357932 0.505457 0.019932100000000008 0.04001159999999998 0.05206476523206962
