1 0.958044825 0.451881 0.08391035000000002 0.05664419999999998 0.4179744764380426
1 0.767151 0.435797 0.034255900000000006 0.0274818 0.39437045107962804
1 0.662007 0.43461700000000003 0.051182199999999956 0.026668100000000028 0.36151790398114897
1 0.838182 0.4418059999999999 0.028527799999999992 0.030378399999999972 0.32274933000813005
1 0.6284 0.428504 0.0448267 0.0252174 0.3001107466662212
1 0.6909970000000001 0.43171399999999993 0.041356700000000024 0.027863899999999997 0.2876590496368982
1 0.5289490000000001 0.424389 0.010561900000000013 0.011805200000000016 0.08768754527152295
1 0.989886 0.464008 0.020227600000000012 0.059815600000000024 0.11746287641199903
1 0.6196810000000001 0.426778 0.04025120000000004 0.02283099999999999 0.16050095144518464
1 0.65886 0.432927 0.03363740000000004 0.020926800000000023 0.05664224714553626
1 0.76345 0.436516 0.026818499999999967 0.024466600000000005 0.3279249789736072
1 0.682179 0.431141 0.023198300000000005 0.025487900000000008 0.04514503769153897
