0 0.419551 0.432196 0.006937220000000022 0.03538239999999998 0.3783537450936852
0 0.508658 0.43657 0.007379150000000001 0.0363812 0.35262024359150085
0 0.151785 0.4506450000000001 0.013155300000000009 0.06095480000000003 0.3098275421824627
0 0.367845 0.436058 0.00518875000000002 0.025411799999999984 0.21062354206647682
0 0.382977 0.43261 0.007691100000000006 0.031364999999999976 0.17901508080408296
0 0.420018 0.43268399999999996 0.006374449999999976 0.034762499999999974 0.2929622296759094
0 0.508969 0.437695 0.006929210000000019 0.03448810000000002 0.2883960256046867
1 0.21427199999999996 0.474603 0.09674049999999998 0.10753100000000004 0.4418844162026372
1 0.6709149999999999 0.445957 0.06627269999999996 0.045683699999999994 0.381304190933201
1 0.266213 0.42943 0.022547399999999995 0.0158161 0.07635368242871166
