0 0.194872 0.464566 0.0169976 0.08757950000000003 0.40467430872467103
0 0.914304 0.443615 0.014287599999999956 0.06959169999999998 0.3792031506112949
0 0.9545669999999999 0.452121 0.013050099999999953 0.061156900000000014 0.258902894846219
0 0.6224050000000001 0.434216 0.009117130000000029 0.04321140000000001 0.14064907864593054
0 0.914185 0.450077 0.0158123 0.07780799999999999 0.18919563254516075
1 0.307312 0.460016 0.0734264 0.08040789999999998 0.4385776053052473
1 0.9230049999999999 0.491861 0.09715039999999997 0.11953299999999994 0.43755804349874283
1 0.661305 0.464322 0.053238499999999966 0.06082530000000003 0.4296859072653448
1 0.36980099999999994 0.43421600000000005 0.047734 0.02972910000000001 0.3312213703543971
1 0.878844 0.47014899999999993 0.06226430000000005 0.08447819999999995 0.4141172947949012
1 0.340457 0.43892 0.03472059999999999 0.04911090000000001 0.3734403102609893
1 0.7000710000000001 0.424711 0.024117300000000008 0.011424400000000001 0.15367796129135564
1 0.880865 0.444072 0.04753879999999999 0.05025869999999999 0.19345638197753778
1 0.981033 0.47728799999999993 0.026492700000000036 0.011271199999999981 0.040381390998657056
1 0.715522 0.456287 0.023212800000000033 0.009820639999999992 0.039467877436099516
1 0.37946599999999997 0.433311 0.027058199999999977 0.024900499999999992 0.12536049838470578
1 0.871997 0.474039 0.04407629999999996 0.07107540000000001 0.13261950848180387
1 0.342098 0.436161 0.029718000000000022 0.041313600000000006 0.31795885486553443
