1 0.171514 0.4805170000000001 0.10077400000000002 0.10902200000000001 0.4399287654860671
1 0.616229 0.46364099999999997 0.07758310000000002 0.10456199999999999 0.43777956772390775
1 0.324808 0.45202599999999993 0.0427227 0.04754419999999998 0.39851428415284823
1 0.062105900000000006 0.504159 0.12421180000000001 0.19438500000000003 0.3801314426024623
1 0.540679 0.43787 0.020344499999999988 0.028811299999999984 0.3027162935050661
1 0.416693 0.432327 0.01963140000000002 0.02744960000000002 0.28003459778807344
1 0.35720299999999994 0.44230100000000006 0.042675399999999974 0.04200520000000002 0.22768367877198
1 0.3441930000000001 0.446576 0.04055340000000002 0.046370599999999984 0.20614607980429536
1 0.542603 0.436699 0.019206599999999963 0.019820700000000024 0.09097603673005268
1 0.36505 0.445231 0.030130900000000016 0.038103200000000004 0.05994317057158399
1 0.060803 0.515032 0.121202 0.22481700000000004 0.3028936949658587
1 0.418154 0.432206 0.018641300000000027 0.02619260000000001 0.11695599132429611
