0 0.0933814 0.572381 0.07233780000000001 0.25199900000000003 0.43185345071902925
0 0.849127 0.46529299999999996 0.026231000000000004 0.12565099999999996 0.40696706152301393
0 0.218882 0.453621 0.016242599999999996 0.08650659999999999 0.39425166272700335
1 0.7097500000000001 0.482019 0.08421960000000006 0.12282400000000004 0.435581753879207
1 0.8082800000000001 0.43914700000000007 0.07187120000000002 0.05044500000000002 0.4103605558128596
1 0.322317 0.442836 0.03769659999999997 0.05166219999999999 0.4029869637466549
1 0.680326 0.45459700000000003 0.043858799999999976 0.05858930000000001 0.33924089265782575
1 0.573817 0.424937 0.018752300000000055 0.011114000000000013 0.2331609146338745
1 0.299143 0.436823 0.03739579999999998 0.04283749999999997 0.2991943422138539
1 0.806929 0.492754 0.0339796 0.01040089999999999 0.07018915757323073
1 0.321779 0.453342 0.0371148 0.02942990000000001 0.10976011018305551
1 0.671468 0.455799 0.027825499999999947 0.05634030000000001 0.05678135928839602
1 0.306311 0.434507 0.04516769999999998 0.042457999999999996 0.173488325118054
1 0.808508 0.43974500000000005 0.06799160000000004 0.04692590000000002 0.3437107375973428
2 0.5383989999999998 0.542217 0.06993119999999997 0.26936200000000005 0.4417578309311143
