1 0.8293030000000001 0.518817 0.12683600000000006 0.14822899999999994 0.4417215981903524
1 0.544667 0.467688 0.08672520000000006 0.09991280000000002 0.4353542673042964
1 0.7058469999999999 0.45133 0.05057619999999996 0.05142970000000002 0.42606538504287667
1 0.8432929999999998 0.45332000000000006 0.05665299999999995 0.07888230000000002 0.416097253552742
1 0.943937 0.435988 0.040776400000000046 0.04129499999999997 0.3095385975409432
1 0.303156 0.824864 0.08112180000000002 0.03421019999999997 0.05262923950405824
1 0.842107 0.43321200000000004 0.041658399999999984 0.035880100000000026 0.1277170643794171
1 0.811236 0.44324600000000003 0.022863599999999984 0.014915100000000014 0.04044748500318319
1 0.944099 0.432925 0.03827550000000002 0.024806600000000012 0.12763948260743763
1 0.706164 0.453419 0.04915919999999996 0.0434986 0.14489552562246738
