0 0.8798159999999999 0.507369 0.03620009999999996 0.17323200000000005 0.4195288151525022
0 0.719198 0.46994899999999995 0.021695699999999984 0.10528299999999996 0.40211049833404566
0 0.160395 0.437216 0.011296899999999999 0.047115200000000024 0.3517685448624505
0 0.0310611 0.444009 0.014011900000000004 0.060399199999999986 0.32254294097847325
0 0.439882 0.43405400000000005 0.007019039999999976 0.0315414 0.15279777965747493
0 0.16003500000000004 0.43591599999999997 0.008737040000000001 0.049289799999999995 0.2652012780913445
0 0.031745 0.448898 0.012661500000000003 0.06496849999999998 0.22578163330265927
0 0.880736 0.50762 0.032496300000000033 0.17417499999999997 0.3318014344775611
1 0.295608 0.413843 0.07519890000000001 0.053276199999999996 0.39378384759311463
1 0.293646 0.414386 0.0701522 0.05077189999999998 0.3073848684088362
2 0.439045 0.434129 0.00930671999999999 0.035828799999999994 0.18449252953706574
