0 0.8616569999999999 0.45741300000000007 0.008761979999999947 0.045609100000000014 0.3679237608194074
0 0.8212739999999998 0.436615 0.0075855299999999515 0.04076390000000002 0.3493423271582629
0 0.821732 0.437042 0.006992340000000041 0.03830610000000001 0.24294803165933193
1 0.5464089999999999 0.518447 0.12075899999999995 0.16609500000000005 0.44535450375459995
1 0.65556 0.459922 0.05394359999999998 0.08478949999999996 0.4310939390898922
1 0.6877279999999999 0.44781400000000005 0.03366999999999998 0.045308300000000024 0.38231412125165487
1 0.696707 0.456518 0.036403399999999975 0.05164079999999999 0.05433698268767142
2 0.747995 0.4380839999999999 0.016751900000000042 0.05906729999999999 0.4076619045895251
2 0.290209 0.49377 0.015750700000000006 0.023560600000000043 0.044770662365901694
2 0.747965 0.43806899999999993 0.015022100000000038 0.05278149999999998 0.31676103087654495
