1 0.497682 0.546611 0.12386299999999995 0.20077499999999998 0.4426540179621129
1 0.125014 0.6341129999999999 0.249923 0.35667799999999994 0.4355294686583607
1 0.432914 0.443136 0.04136770000000001 0.06698860000000001 0.4219752131173673
1 0.49859 0.445018 0.03984410000000005 0.05913639999999998 0.4131137854684811
1 0.24017 0.43787599999999993 0.035933299999999974 0.04386499999999999 0.4030993311072457
1 0.374254 0.43435 0.04033979999999998 0.023019200000000017 0.3771970492430309
1 0.48419600000000007 0.431262 0.02267720000000001 0.02794580000000002 0.2793833257389342
1 0.594641 0.4306420000000001 0.03395769999999998 0.020631200000000016 0.16654704706686171
1 0.312253 0.4294 0.04000809999999999 0.02194879999999999 0.1185605803435689
1 0.655777 0.43111599999999994 0.040523100000000034 0.02307039999999999 0.10132905387811494
1 0.18727499999999997 0.454763 0.04639869999999999 0.015658700000000025 0.08267321346147409
1 0.105166 0.448055 0.027511499999999994 0.01264670000000001 0.053054444266509654
1 0.237968 0.422214 0.024572200000000016 0.008236520000000025 0.060955667774253305
1 0.49884 0.434153 0.035449799999999976 0.033532300000000015 0.12524357494336552
1 0.371115 0.432185 0.03360629999999998 0.01789059999999998 0.28503069245151935
1 0.481621 0.43248299999999995 0.01712720000000001 0.025813099999999978 0.1470714573444519
1 0.23865600000000003 0.435974 0.03234360000000003 0.038746 0.3352174228264473
