0 0.266964 0.462648 0.014237800000000023 0.07313749999999997 0.39447502152132086
0 0.588909 0.445235 0.009159469999999947 0.048582000000000014 0.3851200947704109
0 0.404355 0.43201 0.006489469999999997 0.03431129999999999 0.31785332358238294
0 0.565031 0.437006 0.007629389999999958 0.039780499999999996 0.23949383001373492
0 0.564878 0.43699599999999994 0.0069134400000000484 0.03663759999999999 0.1921698161795071
0 0.5884 0.444886 0.009026529999999977 0.04911470000000001 0.3192088575147757
1 0.726082 0.45673700000000006 0.09303989999999995 0.051064900000000024 0.4261717900537219
1 0.445015 0.44172200000000006 0.03987940000000001 0.053911600000000004 0.4171081011557721
1 0.0504509 0.451528 0.1009018 0.07074069999999999 0.40115377052101436
1 0.499039 0.429209 0.019823499999999994 0.030777500000000013 0.3914466064928236
1 0.97234 0.443147 0.055166599999999955 0.06225910000000001 0.35369300790342795
1 0.472186 0.42965700000000007 0.02076260000000002 0.024345600000000023 0.3023856195441379
1 0.6237950000000001 0.444149 0.025313800000000053 0.020249799999999984 0.08878454837997923
1 0.6910510000000001 0.461175 0.02195720000000001 0.022648500000000016 0.09899559997923357
1 0.292653 0.462443 0.010960999999999999 0.011199999999999988 0.05827398222394439
1 0.763707 0.457707 0.015526499999999999 0.028779100000000002 0.043336422467684724
1 0.727859 0.456271 0.06982370000000004 0.04732209999999998 0.13217856705160816
1 0.473644 0.427816 0.019892699999999985 0.02049099999999998 0.20497870462079834
1 0.499897 0.430446 0.01659299999999997 0.03081060000000002 0.1323985656666737
1 0.445168 0.440608 0.03435919999999998 0.050639900000000015 0.14399774872765414
1 0.973783 0.442901 0.05243350000000002 0.05592449999999999 0.259353459481823
1 0.0454724 0.451732 0.0909448 0.0683957 0.34778676695510613
2 0.876266 0.448165 0.039612199999999986 0.06517669999999998 0.4253696246917893
2 0.87541 0.46453900000000004 0.038458299999999945 0.026483800000000002 0.07858057828120982
2 0.876669 0.44595700000000005 0.038240199999999946 0.05360360000000003 0.32559522083667586
