0 0.837316 0.541804 0.036442899999999945 0.15127200000000002 0.4346672211566834
0 0.785911 0.496915 0.03690009999999999 0.17800700000000003 0.4308609488075241
0 0.33548 0.438508 0.008604429999999996 0.048898 0.28835803803298754
0 0.380389 0.430984 0.009249400000000019 0.045160599999999995 0.1291371572139631
1 0.429331 0.451639 0.037446199999999985 0.0577472 0.41899908330971647
1 0.499341 0.437716 0.024459600000000026 0.039731799999999984 0.40134915213575617
1 0.6535089999999999 0.434247 0.047426599999999985 0.03550229999999999 0.2879877371098706
1 0.477533 0.43385799999999997 0.023815699999999995 0.0354602 0.16527190725282773
1 0.455354 0.45557900000000007 0.026436400000000027 0.042842800000000014 0.07646226543614743
1 0.42932100000000006 0.466616 0.0337114 0.0275088 0.13011627674371554
1 0.428959 0.443576 0.0326979 0.030587299999999984 0.0931656366799968
1 0.47991399999999995 0.429355 0.02838449999999998 0.025400199999999984 0.142653345445042
1 0.499575 0.435702 0.02410770000000001 0.04059299999999999 0.3065610549626727
