0 0.773767 0.48827300000000007 0.03448530000000005 0.17022800000000005 0.43432278079830067
0 0.6391710000000002 0.457235 0.018434900000000032 0.08744549999999995 0.4054287752886387
0 0.33545 0.450651 0.01227060000000002 0.05884 0.37926369139332755
0 0.3242940000000001 0.451607 0.01146140000000001 0.0601661 0.35472908083230503
0 0.325376 0.453288 0.010723399999999994 0.0616332 0.3265001587692162
0 0.33523 0.45222 0.012263499999999983 0.06472929999999999 0.30551291136404024
1 0.498502 0.49616400000000005 0.07749929999999994 0.12380200000000002 0.4350639467359126
1 0.464143 0.433792 0.02098349999999999 0.0293215 0.3621824766566438
1 0.499456 0.449693 0.048911200000000044 0.08401940000000002 0.407472485324529
1 0.475716 0.427259 0.015381199999999984 0.02409870000000003 0.21714815979473737
1 0.9894349999999998 0.535175 0.02019749999999998 0.11899799999999999 0.07796952347269803
1 0.499475 0.42553 0.03569620000000001 0.030576900000000018 0.10004680938455389
1 0.463183 0.434671 0.02299469999999998 0.03301759999999998 0.32143730526026937
2 0.43670699999999996 0.444843 0.017209799999999997 0.0646852 0.40262188448530634
2 0.437898 0.455468 0.01353399999999999 0.03873389999999999 0.06254711698323598
