0 0.76641 0.484253 0.025745200000000024 0.12418300000000004 0.40572872734507326
0 0.7160409999999999 0.460994 0.01683559999999995 0.09091369999999999 0.39858216321149087
0 0.353945 0.43768399999999996 0.01134400000000002 0.0570947 0.3821751526383526
0 0.748605 0.45634600000000003 0.020447299999999946 0.09162650000000006 0.3796938978595899
0 0.41793100000000005 0.42992700000000006 0.00654631 0.03211320000000001 0.1947812519866006
0 0.353877 0.440739 0.009642700000000004 0.05008820000000003 0.31610327506446706
0 0.41719399999999995 0.43184100000000003 0.005944439999999995 0.029492000000000018 0.14461296645449093
0 0.7163459999999999 0.462627 0.014933799999999997 0.09151419999999999 0.33540214290106096
0 0.748067 0.45679800000000004 0.022890900000000047 0.09265090000000004 0.3232380403381525
1 0.929927 0.474106 0.140146 0.120973 0.3947268161375021
1 0.469167 0.427889 0.018609299999999995 0.024579000000000018 0.3694464532159864
1 0.482029 0.42758699999999994 0.011769699999999994 0.018972099999999992 0.09947761411224197
1 0.313432 0.44494599999999995 0.026144999999999974 0.01709949999999999 0.06692820528325355
1 0.469911 0.429017 0.016377399999999986 0.02133010000000002 0.12244024495139305
