1 0.343118 0.488394 0.12671 0.16372600000000004 0.44274024271228063
1 0.499243 0.45935 0.04382149999999996 0.06726019999999999 0.42470688658544686
1 0.453387 0.410284 0.049058500000000005 0.09881580000000001 0.42439867896782607
1 0.927322 0.464585 0.12968000000000002 0.06536740000000002 0.42279939330913
1 0.5551199999999998 0.44379899999999994 0.03426669999999998 0.05076839999999999 0.41096091856801686
1 0.804351 0.44541299999999995 0.08859209999999995 0.0706965 0.3442904158521097
1 0.9778010000000001 0.475938 0.043845800000000046 0.07293819999999995 0.13137017442958263
1 0.892676 0.456559 0.13064900000000002 0.06260900000000003 0.40797102949172215
1 0.789843 0.444015 0.04785309999999998 0.06639519999999999 0.13777924710181022
1 0.556524 0.44498099999999996 0.030668999999999946 0.048274399999999995 0.1421063586314648
