0 0.778999 0.550833 0.037720100000000034 0.16558000000000006 0.43144846957861377
0 0.547038 0.43325100000000005 0.00852337000000003 0.03801700000000002 0.34483295618140614
0 0.547037 0.43528100000000003 0.007887270000000002 0.037462700000000015 0.24275645599432022
1 0.356601 0.45640800000000004 0.04806569999999999 0.05644710000000003 0.4275573484061512
1 0.41473000000000004 0.436605 0.030022300000000002 0.038333300000000015 0.4165568131254445
1 0.750052 0.442581 0.07937349999999999 0.06260899999999997 0.4163761080639228
1 0.905464 0.453568 0.058709299999999964 0.0585639 0.40730875002766787
1 0.446676 0.413613 0.028006399999999987 0.05192160000000001 0.4030759403505513
1 0.498796 0.43078399999999994 0.018461800000000028 0.024880599999999975 0.39797721403345243
1 0.644917 0.43323899999999993 0.07743469999999997 0.04264479999999998 0.37367696968166236
1 0.468049 0.43413099999999993 0.021015600000000023 0.024683999999999984 0.32972206871451254
1 0.697095 0.44428899999999993 0.07573359999999996 0.038665899999999975 0.3975149026070212
1 0.090233 0.693391 0.18044 0.432682 0.15137053493254365
1 0.614326 0.43874 0.03509640000000003 0.027758600000000022 0.18945043198828762
1 0.5909819999999999 0.428553 0.016416899999999957 0.027750900000000023 0.06948856112525378
1 0.65609 0.442492 0.02890820000000005 0.03217570000000003 0.10963531840784307
1 0.6309310000000001 0.44077 0.020959700000000026 0.02109620000000001 0.07541672123121508
1 0.65683 0.424886 0.02572730000000001 0.016412900000000008 0.056916379897642255
1 0.905245 0.455159 0.02627299999999999 0.04649370000000003 0.11110339214171033
1 0.696709 0.443732 0.03701030000000005 0.03291860000000002 0.08392380644711489
1 0.6133059999999999 0.435971 0.019038299999999952 0.020413400000000026 0.04631930783861983
1 0.6683589999999999 0.438349 0.05225979999999997 0.03847539999999999 0.24393073550906774
1 0.467267 0.431331 0.017718899999999982 0.022545099999999985 0.1476362818200231
1 0.499223 0.43199 0.015621399999999952 0.022293200000000013 0.11526322289324285
