0 0.583867 0.44719 0.014618299999999973 0.07048270000000001 0.40746193655190205
0 0.543787 0.43304700000000007 0.007225290000000051 0.035335300000000014 0.3395626976485482
0 0.357352 0.432084 0.008414939999999982 0.0419929 0.2808505224186499
0 0.5440050000000001 0.43335100000000004 0.00646566000000004 0.03295140000000002 0.19933695507451651
1 0.854967 0.4591120000000001 0.19679000000000002 0.11052000000000001 0.4269028658609951
1 0.721177 0.448616 0.09011449999999999 0.050488299999999986 0.32739976457589126
1 0.6773720000000001 0.4379080000000001 0.06882500000000003 0.04961080000000001 0.3237583034761365
1 0.765269 0.451705 0.14827800000000002 0.08477699999999999 0.41899679009827584
1 0.388056 0.44125899999999996 0.02305170000000001 0.01912799999999998 0.07526848182106362
1 0.9563189999999999 0.48766599999999993 0.08645709999999995 0.10039199999999998 0.041249268224756094
1 0.667115 0.439365 0.03559420000000002 0.04891240000000002 0.073409666627105
1 0.752234 0.44879900000000006 0.09346469999999996 0.07486480000000001 0.1333844679008551
2 0.947364 0.494158 0.06325570000000003 0.08922509999999995 0.13493547387373486
