1 0.424582 0.456257 0.040593500000000005 0.06221189999999999 0.4231062249998865
1 0.925264 0.44587699999999997 0.07172259999999997 0.03981689999999999 0.3971255153044021
1 0.8361069999999999 0.440988 0.06738659999999996 0.042005599999999976 0.3958977298990883
1 0.497877 0.416497 0.019361399999999973 0.034178700000000006 0.38089554065448056
1 0.697757 0.436556 0.06489409999999995 0.04248810000000003 0.32559636343507553
1 0.5648790000000001 0.425887 0.020115400000000005 0.016552400000000023 0.22849873229707937
1 0.8666720000000001 0.4403619999999999 0.051601600000000025 0.034487199999999996 0.18510665373886778
1 0.458176 0.427847 0.012452300000000027 0.014202500000000007 0.07253596683394059
1 0.90238 0.444275 0.06983130000000004 0.03476400000000002 0.32698005009707837
1 0.836713 0.435571 0.06770900000000002 0.03817170000000003 0.33890915825578766
1 0.424437 0.459692 0.0413405 0.05996699999999999 0.34281455958586665
2 0.49775 0.437044 0.012110099999999957 0.04237930000000001 0.29791082334488894
2 0.49818699999999994 0.43100000000000005 0.014143799999999984 0.06040430000000002 0.22122152125478742
