0 0.681675 0.43818 0.007428300000000054 0.04386269999999998 0.12984025584166056
1 0.549369 0.451549 0.06040880000000004 0.051483 0.430631627663461
1 0.659064 0.444613 0.0508111 0.04477169999999997 0.4218486278458444
1 0.769991 0.450221 0.05161539999999998 0.0504733 0.42121524284594214
1 0.817582 0.442072 0.04784259999999996 0.04103040000000002 0.4162256733934174
1 0.35095 0.439319 0.06430839999999999 0.04861850000000001 0.40842141621866207
1 0.9459769999999998 0.5425360000000001 0.10804599999999998 0.27888900000000005 0.39909997035478534
1 0.723606 0.435429 0.041781599999999974 0.02652270000000001 0.3832804805527368
1 0.88974 0.438433 0.0449406 0.027614499999999986 0.33184741707768933
1 0.9379680000000001 0.458785 0.06723080000000003 0.08121059999999997 0.3950698805690205
1 0.36621000000000004 0.443557 0.032760100000000014 0.04460989999999998 0.07320807991330032
1 0.933767 0.457824 0.05879800000000002 0.0713069 0.3323681632837985
1 0.726081 0.4361729999999999 0.04635699999999998 0.030962199999999995 0.2507790202245508
1 0.887189 0.437314 0.04065859999999999 0.023202800000000023 0.13186100109652782
1 0.818296 0.43883099999999997 0.045618500000000006 0.03579749999999998 0.14242707192009396
1 0.7697959999999999 0.452112 0.051672199999999946 0.0427187 0.14348614965928644
1 0.550843 0.453705 0.058858100000000024 0.04586279999999998 0.14485775761988104
