0 0.8993549999999999 0.497375 0.04195859999999996 0.19768999999999998 0.4312017200276018
0 0.99265 0.521031 0.01452690000000001 0.25018500000000005 0.179841438093178
0 0.9707619000000001 0.528711 0.05847619999999998 0.28196 0.1440576636322503
1 0.49695899999999993 0.552618 0.13149099999999997 0.21585300000000002 0.442396260996186
1 0.41366400000000003 0.468615 0.08332100000000003 0.08972390000000002 0.4413377145951908
1 0.210712 0.43425499999999995 0.062722 0.038683599999999985 0.4252201073058601
1 0.12758 0.443658 0.0757643 0.039978899999999984 0.4198379400546992
1 0.0306497 0.43475 0.0564182 0.038980899999999985 0.3913961558411297
1 0.502364 0.442419 0.03188820000000003 0.04916179999999998 0.38466007655542034
1 0.28485 0.442021 0.03589819999999999 0.013650800000000018 0.0597856465274634
1 0.11023300000000001 0.439124 0.06393200000000002 0.03484419999999999 0.3406858987672777
1 0.0262125 0.438709 0.052425 0.053408100000000014 0.3816334960960756
1 0.50314 0.43723 0.029853200000000024 0.042922499999999975 0.3060008008807002
1 0.498231 0.564467 0.12833099999999997 0.18832300000000002 0.14759137417374618
