0 0.524148 0.44871000000000005 0.01459100000000002 0.05546060000000003 0.3848137217219426
0 0.342427 0.444701 0.00837736 0.04122609999999999 0.22162828811985147
0 0.5248600000000001 0.449035 0.01669240000000005 0.056454899999999975 0.3001685977826409
1 0.8609370000000001 0.518525 0.22019500000000003 0.22954399999999997 0.4410143717820618
1 0.42952100000000004 0.442973 0.0670557 0.056893799999999994 0.43010510631669224
1 0.6119999999999999 0.43975299999999995 0.07841799999999999 0.05394329999999997 0.3875435606208697
1 0.775724 0.50872 0.12951000000000001 0.12306599999999995 0.40708814308707925
1 0.743327 0.512103 0.06475929999999996 0.12208799999999997 0.058573136277763845
1 0.603058 0.43871499999999997 0.05701219999999996 0.04377639999999999 0.08550864625564496
1 0.84251 0.517733 0.26249100000000003 0.22713399999999995 0.3591361968590484
