0 0.596484 0.486069 0.030561799999999972 0.12924899999999995 0.41943250027199563
0 0.4624210000000001 0.4449930000000001 0.012326000000000004 0.05228070000000001 0.3720694284617801
0 0.14094300000000004 0.436696 0.0073351200000000005 0.038788500000000004 0.2483589268009261
1 0.35776 0.44852400000000003 0.04521900000000001 0.059472000000000025 0.4260571294816904
1 0.30298 0.438398 0.02495829999999999 0.0285223 0.40760778479952625
1 0.26559599999999994 0.434924 0.028556199999999976 0.0299354 0.4043596801150165
1 0.387907 0.445621 0.04256939999999998 0.04220679999999999 0.41100724143911754
1 0.235524 0.429701 0.014605299999999988 0.01953699999999997 0.2873433116124556
1 0.18469799999999997 0.423415 0.01973549999999999 0.014730799999999988 0.2680528228307926
1 0.200733 0.428818 0.014301399999999992 0.01611790000000002 0.2068727723864868
1 0.221444 0.426038 0.017650300000000008 0.014708300000000007 0.1549294874051297
1 0.242967 0.42718500000000004 0.01190540000000001 0.01726460000000002 0.10784605428371102
1 0.222661 0.428512 0.02606130000000001 0.018698099999999995 0.17543984805403096
1 0.3920910000000001 0.447465 0.03389320000000001 0.037480899999999984 0.1398690765782554
1 0.265412 0.433039 0.027617000000000003 0.027141399999999982 0.31721235724441543
1 0.232043 0.42998800000000004 0.020535300000000006 0.018401100000000004 0.10195157564832588
