0 0.555507 0.444152 0.009158519999999948 0.040764999999999996 0.3883810414389881
0 0.274629 0.45385699999999995 0.017996400000000023 0.07269169999999997 0.2976525961065631
0 0.242841 0.42964800000000003 0.006044290000000008 0.027254100000000003 0.24466914959295089
0 0.274112 0.454676 0.015273499999999995 0.07508919999999997 0.2133117763537631
0 0.55519 0.44563600000000003 0.009476849999999981 0.04182760000000002 0.32976989452294425
1 0.191796 0.480315 0.10954999999999998 0.11892599999999998 0.44178030440323246
1 0.332623 0.436673 0.023553099999999993 0.03138049999999998 0.40153031583956605
1 0.684854 0.4467690000000001 0.06713100000000005 0.04825240000000003 0.399876451748583
1 0.371907 0.435654 0.024052499999999977 0.024788399999999988 0.3922698694000101
1 0.26754100000000003 0.4298390000000001 0.023459500000000022 0.022187200000000018 0.2744377859460695
1 0.301532 0.43265 0.024338199999999977 0.014835600000000004 0.07809510208129766
1 0.686532 0.448466 0.06983870000000003 0.04677739999999997 0.3107079254212157
