1 0.153811 0.442843 0.037983600000000006 0.04014650000000003 0.4034410196118998
1 0.019060699999999996 0.451263 0.037984199999999996 0.049443000000000015 0.3947547933170778
1 0.432805 0.436479 0.04330860000000003 0.021247000000000016 0.3782377085947893
1 0.515047 0.432477 0.043354899999999974 0.026032500000000014 0.2961725503128546
1 0.917381 0.643228 0.16434399999999993 0.2957080000000001 0.14737656865903626
1 0.3768 0.433777 0.042639099999999985 0.028284399999999987 0.14551022825778004
1 0.480838 0.435921 0.035628400000000005 0.022728599999999988 0.1329047606530516
1 0.375054 0.43195000000000006 0.03796630000000001 0.024871900000000002 0.11285901432920542
1 0.435125 0.436862 0.039976500000000026 0.022369699999999992 0.33728095553625503
1 0.155398 0.443869 0.03666900000000001 0.036953899999999984 0.1422929955109124
