0 0.28832899999999995 0.441382 0.013080099999999983 0.06139220000000001 0.36698904783620623
0 0.142894 0.431824 0.005384019999999989 0.025747999999999993 0.3220503591610257
0 0.11923899999999998 0.430901 0.006151699999999996 0.026876999999999984 0.15723908749203114
0 0.143347 0.432276 0.0049941900000000095 0.026624900000000007 0.20918082115382433
1 0.801409 0.56502 0.3971819999999999 0.328476 0.43870877699965144
1 0.244301 0.473688 0.07346909999999998 0.11327099999999996 0.43777956772390775
1 0.0517614 0.43697600000000003 0.048737300000000004 0.026530600000000015 0.40719867587851766
1 0.00773057 0.447325 0.0154611 0.0553536 0.38851496498712096
1 0.18701800000000002 0.444824 0.031422900000000004 0.0412401 0.3625636083980766
1 0.221831 0.45726600000000006 0.04801259999999999 0.06494850000000002 0.294796100107383
1 0.17378 0.441832 0.029009800000000002 0.03623280000000001 0.2828220497449533
1 0.0178223 0.444044 0.018580200000000005 0.03395910000000002 0.10838393858881508
1 0.16962499999999997 0.443054 0.02007909999999999 0.03312159999999997 0.07687330719762897
1 0.013583 0.445164 0.0263238 0.036060800000000004 0.38203572538276226
1 0.0518947 0.436008 0.04881640000000001 0.022137799999999985 0.1359024921066231
2 0.27539099999999994 0.506977 0.013846799999999992 0.041539999999999966 0.06824961327374378
