0 0.14172600000000002 0.478897 0.02406810000000001 0.12447699999999995 0.41446632157616525
0 0.13996799999999998 0.47958199999999995 0.0240022 0.12635299999999994 0.3254691541465788
1 0.6165429999999998 0.468458 0.06788559999999999 0.11266399999999999 0.43642794890079983
1 0.463604 0.459363 0.06528699999999998 0.06672739999999999 0.4333201887564568
1 0.547455 0.43991 0.03002490000000002 0.03010170000000001 0.4035345826386775
1 0.442252 0.431373 0.02612629999999999 0.023211199999999987 0.32060104953054697
1 0.410115 0.42722099999999996 0.014729099999999995 0.0160516 0.2611366747175778
1 0.38386999999999993 0.425885 0.01629059999999999 0.014776400000000023 0.18384941463309531
1 0.539817 0.42865 0.04487529999999995 0.05243960000000003 0.11042640069534984
1 0.441482 0.42887299999999995 0.024303799999999987 0.01854539999999999 0.20663396932095535
1 0.408802 0.426688 0.014534500000000006 0.014249999999999985 0.10535101061445304
