0 0.341559 0.424312 0.01157560000000002 0.04487799999999997 0.13324384026184505
1 0.355985 0.448714 0.04635529999999999 0.04761749999999998 0.42158123939186687
1 0.62557 0.439265 0.05677359999999998 0.03639389999999998 0.3983684359052241
1 0.68956 0.440347 0.05320440000000004 0.02734510000000001 0.3915773195449395
1 0.749086 0.43988499999999997 0.045010400000000006 0.027253099999999975 0.27349958940202923
1 0.794717 0.436978 0.04241220000000001 0.025724599999999986 0.2721372312434869
1 0.897848 0.43175700000000006 0.03387410000000002 0.0205496 0.16585120464146147
1 0.693285 0.441139 0.049728400000000006 0.02714810000000001 0.34102334616131413
1 0.355842 0.444997 0.045611100000000016 0.04427730000000002 0.29120491333721377
2 0.0234421 0.44523 0.016529100000000005 0.06483519999999998 0.3684943118258364
2 0.0257698 0.459418 0.014342600000000004 0.03854160000000001 0.104758682440557
