0 0.872145 0.5050109999999999 0.04268969999999994 0.21641199999999994 0.42434455917782726
1 0.414835 0.456272 0.05286930000000001 0.06137759999999998 0.4324657381736777
1 0.32214599999999993 0.44366 0.029960299999999995 0.03696100000000002 0.41407188920837673
1 0.284562 0.4387190000000001 0.033814200000000016 0.03697840000000002 0.4056979983117688
1 0.262399 0.431844 0.030041100000000015 0.028549900000000017 0.23602693228638516
1 0.128022 0.430886 0.022608400000000015 0.021226100000000026 0.1093775517901912
1 0.157545 0.427933 0.023305999999999993 0.020382999999999984 0.09632524482970058
1 0.260217 0.430115 0.01641809999999999 0.017582299999999995 0.09379006765609127
1 0.3223750000000001 0.4450839999999999 0.029308100000000004 0.03099259999999998 0.13837582417599725
1 0.28636 0.438535 0.0304759 0.036131899999999995 0.3269202541141622
1 0.415226 0.45988699999999993 0.052734800000000026 0.0524984 0.14521120317741837
