0 0.8946910000000001 0.499196 0.03293570000000001 0.16058400000000006 0.4234882740258956
0 0.617431 0.460384 0.008260539999999983 0.04710979999999998 0.37454105175249214
0 0.48947799999999997 0.446078 0.011604899999999974 0.0577357 0.3637813036730517
0 0.433292 0.435536 0.008300589999999997 0.03729959999999999 0.33782398473426173
0 0.552191 0.4417420000000001 0.014998599999999973 0.05592340000000001 0.3214955777786526
0 0.419908 0.433835 0.007283499999999998 0.03746689999999997 0.31424793655542294
0 0.549506 0.443668 0.012475299999999967 0.059909199999999996 0.16093024062687075
0 0.617864 0.45942399999999994 0.010945300000000047 0.05098419999999998 0.2987319707281199
0 0.43292299999999995 0.437564 0.00748357999999999 0.03811140000000002 0.2681945050323519
0 0.489096 0.443684 0.011328100000000008 0.05436540000000001 0.2766893432677803
1 0.486769 0.47890600000000005 0.06318709999999994 0.09651130000000002 0.43392559657678337
1 0.28672600000000004 0.432106 0.02732960000000001 0.027134199999999997 0.39803500296175637
1 0.321172 0.434968 0.021901500000000018 0.024650899999999976 0.3703586927270694
1 0.253585 0.429152 0.015960500000000016 0.020857400000000026 0.3626489158636681
1 0.404673 0.441299 0.03346450000000001 0.032751399999999986 0.32239899224666
1 0.970086 0.49418699999999993 0.05904200000000004 0.07704039999999995 0.13940484487979807
1 0.21794400000000003 0.426486 0.022539400000000015 0.014999399999999996 0.11840859681011524
1 0.31925100000000006 0.43362 0.025937700000000008 0.031351300000000026 0.06395806661319135
1 0.254261 0.428167 0.014236899999999997 0.02103949999999999 0.3121605488533321
1 0.287346 0.431203 0.03107399999999999 0.027260000000000006 0.2966440625857859
1 0.486363 0.482653 0.06414499999999995 0.08267850000000004 0.14437416982009818
1 0.403969 0.44013599999999997 0.03468070000000001 0.03398119999999999 0.31700621127621387
2 0.486483 0.48304600000000003 0.064365 0.08342780000000005 0.07040113048774667
