0 0.6055570000000001 0.444364 0.014582800000000007 0.063305 0.4011152445688118
0 0.28157999999999994 0.450707 0.015782699999999983 0.0805321 0.3941599342693781
0 0.32013800000000003 0.44139700000000004 0.014528700000000005 0.06742310000000001 0.3509338158980608
0 0.406018 0.432291 0.00563830999999998 0.030191199999999974 0.31627697003809324
0 0.512873 0.431242 0.007536320000000041 0.03261550000000002 0.14620874046259624
0 0.31849700000000003 0.445662 0.013426800000000016 0.0691347 0.3236482331636348
0 0.40589600000000003 0.432306 0.0047614100000000215 0.027545299999999995 0.2508041573893436
1 0.497673 0.5418 0.145304 0.22148799999999996 0.443431875282775
1 0.21429399999999998 0.43965599999999994 0.04593359999999999 0.04763069999999997 0.4048573069976334
1 0.154293 0.442659 0.04529649999999999 0.03701139999999997 0.37368705981200123
1 0.499282 0.4278719999999999 0.01927970000000001 0.027197199999999977 0.31474556343803983
1 0.0521581 0.442643 0.05176820000000001 0.03538459999999999 0.07196519789485425
1 0.167269 0.447518 0.028575099999999992 0.022699899999999995 0.09543376260198509
1 0.147186 0.443369 0.0304894 0.019774500000000028 0.07592627453277603
1 0.500302 0.43298900000000007 0.022274499999999975 0.03742010000000001 0.3056439293138693
1 0.208875 0.438635 0.034180600000000005 0.04263319999999998 0.09316091567967352
1 0.498265 0.424715 0.019808200000000054 0.018528199999999995 0.09129848105213371
