0 0.610602 0.447756 0.012955700000000014 0.06798559999999998 0.40328829172995373
0 0.29280799999999996 0.452774 0.011699999999999988 0.07121620000000001 0.39293123157948806
0 0.557255 0.432399 0.007247540000000052 0.035501000000000005 0.30557088310636354
0 0.326311 0.444705 0.011323899999999998 0.057630599999999976 0.3051470976321349
0 0.325333 0.4470569999999999 0.01158530000000002 0.059411099999999994 0.2601734642666543
0 0.292106 0.454046 0.01148769999999999 0.07003170000000003 0.33418070521181154
1 0.425037 0.449315 0.046106499999999995 0.07735599999999998 0.4304486293904987
1 0.499135 0.46133900000000005 0.05317470000000002 0.07191160000000002 0.42779675968055303
1 0.49877099999999996 0.42801599999999995 0.016199299999999972 0.02509699999999998 0.17558110987877382
1 0.500599 0.433317 0.021820799999999974 0.03369230000000001 0.17050615052172532
1 0.423741 0.447632 0.04949300000000001 0.08023020000000003 0.3536448689502247
