1 0.869227 0.463997 0.0664186 0.08845049999999999 0.4357078805084418
1 0.424821 0.45584800000000003 0.0706389 0.06024970000000002 0.43107788660980784
1 0.190767 0.443561 0.07738 0.05891540000000001 0.42809166667181825
1 0.695306 0.451043 0.0526413 0.0521857 0.4203098829691811
1 0.549142 0.447647 0.056934700000000005 0.04813200000000001 0.41700398935636745
1 0.6130389999999999 0.43512699999999993 0.044906299999999955 0.0290377 0.38944738475888147
1 0.716675 0.440185 0.06068949999999995 0.040574 0.3755537339246748
1 0.208631 0.446734 0.045989100000000005 0.0563302 0.13972854813529867
1 0.730515 0.439813 0.04417760000000004 0.03395720000000002 0.09019675694335413
1 0.605391 0.435411 0.04083009999999998 0.02830130000000003 0.18631884312838423
1 0.42615099999999995 0.4581799999999999 0.06919749999999997 0.052563799999999994 0.1449649243272198
1 0.694204 0.45273299999999994 0.05084690000000003 0.04352349999999999 0.14184402838016708
