1 0.668793 0.499011 0.11574600000000002 0.156466 0.4438822620097148
1 0.293898 0.47109 0.0615039 0.08458760000000004 0.43375406436102415
1 0.39069600000000004 0.447721 0.04450680000000001 0.06299299999999997 0.42233341274439384
1 0.562602 0.450306 0.03584279999999995 0.04724220000000001 0.4176300360796597
1 0.501455 0.44161400000000006 0.02344229999999997 0.03823890000000002 0.4028039654736925
1 0.0553741 0.542212 0.110748 0.20782600000000007 0.3434989760272702
1 0.938887 0.471549 0.12222599999999995 0.09922399999999998 0.3116258128022856
1 0.370306 0.4369390000000001 0.04241210000000001 0.0462206 0.40679552930725466
1 0.9535 0.778427 0.09200520000000001 0.443145 0.11768352239231863
1 0.5510759999999999 0.444059 0.02920529999999999 0.040150799999999987 0.4013184231024517
1 0.365024 0.437809 0.03137260000000003 0.039754699999999976 0.13634075830330228
1 0.502049 0.44396500000000005 0.02150460000000004 0.029427900000000007 0.13647876887941995
1 0.933054 0.478875 0.1338919999999999 0.11679099999999998 0.2106163356264455
1 0.294196 0.475389 0.06276589999999999 0.07208230000000004 0.1418350584795528
