0 0.908625 0.46473899999999996 0.025785100000000005 0.11545799999999995 0.15139460881443909
1 0.498055 0.505335 0.08863869999999996 0.14021599999999995 0.44178397354153753
1 0.8885209999999999 0.48995500000000003 0.22285199999999994 0.16510300000000006 0.43513411900599586
1 0.398107 0.444315 0.035874799999999984 0.03774440000000001 0.42083181789306867
1 0.325573 0.442275 0.028599399999999997 0.03697220000000001 0.4160656072348613
1 0.277134 0.433398 0.027252300000000007 0.027711299999999994 0.4033460806582576
1 0.21716399999999997 0.431047 0.022478599999999987 0.024646500000000016 0.3586486378266315
1 0.24497800000000003 0.430321 0.016888900000000012 0.022495900000000013 0.35175432695151854
1 0.23260599999999998 0.42969 0.0165854 0.02277659999999998 0.32465498871529436
1 0.314302 0.436933 0.024601399999999995 0.02963070000000001 0.36822417151813014
1 0.15841900000000003 0.425551 0.026267100000000015 0.01760250000000002 0.1212921522510515
1 0.309416 0.44058 0.015166400000000024 0.01885530000000002 0.0979033178711006
1 0.213765 0.430456 0.020271299999999992 0.025242600000000004 0.23691626035446572
1 0.162661 0.425407 0.022365899999999994 0.016785700000000014 0.10167145253188334
1 0.23380300000000004 0.429383 0.01806450000000001 0.020528800000000014 0.261235699912216
1 0.3273229999999999 0.443396 0.027162799999999987 0.03456520000000002 0.333931618760683
1 0.27755299999999994 0.432828 0.025722999999999996 0.025739899999999982 0.303390725269716
1 0.500034 0.510212 0.0821113 0.12701800000000002 0.15072061055470343
