0 0.417133 0.43125199999999997 0.00912476000000001 0.04499049999999999 0.13813755347615153
1 0.74148 0.500106 0.10844600000000004 0.13456500000000005 0.44224032261822316
1 0.0440314 0.468685 0.0880628 0.09605510000000006 0.439081653179898
1 0.883411 0.449349 0.10813099999999998 0.07594129999999999 0.4235240481243695
1 0.296076 0.4415859999999999 0.05713679999999999 0.06277749999999999 0.4212844978314493
1 0.100558 0.441606 0.043407 0.0547685 0.41099760995106693
1 0.6846109999999999 0.473869 0.0629999 0.08924629999999995 0.42331857637928894
1 0.141173 0.435287 0.05143569999999999 0.03413189999999999 0.32662889152224583
1 0.672164 0.437272 0.033011400000000024 0.02765449999999997 0.20000461340605824
1 0.296534 0.456809 0.0569887 0.03257389999999999 0.11379436232598839
1 0.14733400000000002 0.435094 0.03975480000000001 0.02915699999999999 0.13476724889554814
1 0.682296 0.479847 0.048609899999999984 0.07953199999999999 0.14245099165506533
1 0.09644820000000001 0.441998 0.0394124 0.04617650000000001 0.09873764070765878
