0 0.6297540000000001 0.426447 0.008177760000000034 0.03997909999999999 0.22619136908892284
1 0.958435975 0.447874 0.08312805000000001 0.08236510000000002 0.4403557614563126
1 0.811909 0.439224 0.0697506 0.0690501 0.42747892057488157
1 0.574307 0.44315899999999997 0.03268990000000005 0.044720499999999996 0.4201268846962187
1 0.8700320000000001 0.442644 0.061605800000000044 0.05930089999999999 0.4251733257924712
1 0.523273 0.4307909999999999 0.040200400000000025 0.034701499999999996 0.35572662780897946
1 0.557792 0.439233 0.022902100000000036 0.03197329999999998 0.3122824260159638
1 0.513652 0.43231600000000003 0.022292599999999996 0.026723600000000014 0.2855063942519161
1 0.5490739999999998 0.43224 0.017908499999999994 0.025756200000000007 0.11191408545267667
1 0.532011 0.433475 0.021044399999999963 0.02955220000000003 0.13043604583228005
1 0.555912 0.439102 0.016399199999999947 0.028290099999999985 0.12985426122577268
1 0.51358 0.434107 0.019376300000000013 0.024565100000000006 0.10987278472410483
