1 0.198366 0.416788 0.0649912 0.07526719999999998 0.43418381218499835
1 0.305021 0.36804500000000007 0.027940399999999976 0.040527900000000006 0.3861373633654748
1 0.24143899999999996 0.397508 0.05487919999999999 0.06782250000000001 0.4251100331567098
1 0.28500100000000006 0.383046 0.028843600000000025 0.04504799999999998 0.38349053872069855
1 0.0225274 0.4729030000000001 0.0450547 0.14350000000000002 0.15500641683343283
1 0.313754 0.35517199999999993 0.018021300000000018 0.021392699999999987 0.0767862834250029
1 0.309083 0.362759 0.02635480000000001 0.03893979999999997 0.3152376866131993
1 0.2818959999999999 0.380714 0.034760999999999986 0.0517204 0.25099687565275497
1 0.246816 0.401589 0.04608010000000001 0.0587761 0.14248199289052163
1 0.306573 0.373185 0.023632199999999992 0.03229569999999998 0.12145874898418005
1 0.023629099999999997 0.46502 0.04706679999999999 0.12216200000000005 0.14163284229903833
