1 0.863293 0.578822 0.263374 0.30696099999999993 0.44298974411702124
1 0.658282 0.471888 0.06409379999999998 0.08532450000000003 0.4293038582393357
1 0.157899 0.455092 0.0596863 0.0726888 0.4234901085950481
1 0.797769 0.441723 0.08229779999999998 0.05935940000000001 0.41481901749573435
1 0.08368269999999998 0.737914 0.16736499999999999 0.5241720000000001 0.3695987224556443
1 0.18365599999999999 0.437827 0.0763655 0.03873939999999998 0.35500105570916385
1 0.136944 0.447903 0.046429999999999985 0.04004269999999999 0.2452431309781398
1 0.6409289999999999 0.459708 0.05224569999999995 0.06674979999999997 0.39207678099670895
1 0.203972 0.440327 0.0332354 0.02867799999999998 0.10455977096026883
1 0.6483410000000001 0.44628 0.044896500000000006 0.04940430000000001 0.16010545815564403
1 0.800528 0.443979 0.08242609999999995 0.05654549999999997 0.3427719025789456
1 0.19934200000000002 0.438722 0.045785400000000004 0.0338311 0.10617824148632306
