1 0.1154 0.511155 0.204138 0.21013499999999996 0.44534670683570177
1 0.36010700000000007 0.45245 0.036716000000000026 0.056693400000000005 0.41353527773126914
1 0.537653 0.437086 0.02843770000000001 0.041044199999999975 0.41238133373434366
1 0.41327500000000006 0.43967 0.022843200000000008 0.03385759999999999 0.3188184697282211
1 0.213094 0.48735999999999996 0.12150799999999998 0.13906699999999994 0.4328216445892636
1 0.5205569999999999 0.427795 0.016829899999999953 0.02246769999999998 0.2953248143896244
1 0.389627 0.443001 0.040979600000000005 0.05409370000000002 0.3132048837906324
1 0.539891 0.437642 0.02340640000000005 0.03253099999999998 0.14225743064181023
1 0.519978 0.427308 0.01251049999999998 0.018596800000000024 0.06943411225485845
1 0.410008 0.439108 0.026658999999999988 0.03518690000000002 0.3054965830556871
1 0.228409 0.487644 0.08977669999999999 0.13668000000000002 0.14890066493007326
1 0.361324 0.455388 0.03581420000000002 0.05231730000000001 0.138503920651436
