1 0.57753 0.657293 0.24395199999999995 0.40613699999999997 0.44549209644103777
1 0.9280409999999999 0.45819999999999994 0.06586879999999995 0.07580749999999997 0.42604061835931784
1 0.325888 0.440892 0.0632878 0.050647 0.42034840892138375
1 0.864983 0.442867 0.04128759999999998 0.05504930000000002 0.41959761149572117
1 0.800979 0.43950199999999995 0.046593499999999954 0.038362799999999975 0.41549092844783925
1 0.526536 0.45272199999999996 0.05826229999999999 0.053002099999999996 0.41054355408582194
1 0.619494 0.442268 0.08618239999999999 0.058080999999999994 0.40581953851812214
1 0.7072209999999999 0.434811 0.0431608 0.02885110000000002 0.3804006656255924
1 0.956067 0.558106 0.08786539999999998 0.313404 0.352729859098363
1 0.6401079999999999 0.4466399999999999 0.05466519999999997 0.04113499999999998 0.2968169758102696
1 0.34054000000000006 0.443646 0.0342963 0.04653970000000002 0.14259608373166793
1 0.611857 0.456688 0.07874369999999997 0.08971939999999995 0.3308698359156952
1 0.651317 0.44693 0.029826200000000025 0.04076780000000002 0.0901983306101286
1 0.95486 0.505684 0.08931100000000003 0.41476099999999994 0.12339262808327905
1 0.53032 0.453566 0.06540750000000001 0.052209300000000014 0.33656378460739417
1 0.8001940000000001 0.4406300000000001 0.04522780000000004 0.035483600000000004 0.3384060340937987
2 0.431919 0.455002 0.053810899999999995 0.09553900000000004 0.4334596160120471
2 0.432355 0.467631 0.05380289999999999 0.06395839999999997 0.14318542193869258
