1 0.331158 0.437325 0.05119859999999998 0.028556000000000026 0.4099638302336304
1 0.648676 0.439635 0.048242600000000024 0.024964900000000012 0.4010780945434736
1 0.587256 0.436168 0.05287719999999996 0.03677730000000001 0.389111199961685
1 0.7036369999999998 0.43732899999999997 0.042396699999999954 0.0283273 0.3194884132565621
1 0.7447160000000002 0.43650599999999995 0.040182700000000016 0.027157299999999995 0.29387478493111413
1 0.20534799999999997 0.42698900000000006 0.0431328 0.0350067 0.17185555857232476
1 0.472578 0.429991 0.043713800000000025 0.03736010000000001 0.12082711470238498
1 0.00524625 0.442944 0.0104925 0.02099620000000002 0.054089602270730765
1 0.5830439999999999 0.437099 0.04981369999999996 0.033306999999999976 0.3405228880622578
1 0.332031 0.437805 0.04922090000000001 0.023772000000000015 0.13616639602469527
1 0.649863 0.43963 0.0489271 0.02708060000000001 0.34709701838783746
