1 0.06259 0.517082 0.12518 0.14328299999999994 0.4418284618434858
1 0.30580000000000007 0.487259 0.09898950000000001 0.15009699999999998 0.4389825864456627
1 0.524978 0.45686499999999997 0.100306 0.07655499999999998 0.43695125975155186
1 0.180566 0.451724 0.048109999999999986 0.05055910000000002 0.42221508303405725
1 0.385386 0.451871 0.0507109 0.05288350000000003 0.41827396985218895
1 0.42991900000000005 0.457694 0.06728410000000001 0.05213060000000003 0.41801896473999073
1 0.342469 0.449361 0.051576200000000016 0.054115000000000024 0.3111379232856256
1 0.267619 0.457458 0.06941330000000001 0.08957709999999997 0.4181235351816835
1 0.354516 0.44054 0.025114599999999987 0.03278829999999999 0.11460590228156275
1 0.256722 0.45911 0.04764299999999999 0.08721669999999998 0.1434793828921564
1 0.180423 0.453029 0.04670579999999999 0.04308669999999998 0.14402764839636836
1 0.38454 0.45413400000000004 0.048686300000000016 0.04565150000000001 0.1398028252070518
