1 0.336595 0.489302 0.11192200000000002 0.16429099999999996 0.4416605987660316
1 0.457172 0.436639 0.027693899999999994 0.040049800000000024 0.4193320576108961
1 0.499104 0.441279 0.027466400000000002 0.03166960000000002 0.4084461829022209
1 0.470379 0.428793 0.018608699999999978 0.025504399999999983 0.25470041793222525
1 0.499486 0.430172 0.018261099999999975 0.025295599999999974 0.1327108997912406
1 0.47231 0.4286110000000001 0.012780999999999987 0.021210400000000018 0.11257839000938509
1 0.339306 0.504093 0.116763 0.13212699999999994 0.12625796054616412
1 0.457868 0.436611 0.024675000000000002 0.03604600000000002 0.14239087758428204
1 0.499398 0.437288 0.022740399999999994 0.03315410000000002 0.13591366514072153
2 0.376723 0.509153 0.04299120000000001 0.12112400000000001 0.11671650415943043
