1 0.834168 0.460737 0.10789800000000005 0.07548440000000001 0.4288094418527356
1 0.698939 0.442234 0.10340099999999997 0.058940099999999995 0.4123918825069705
1 0.499644 0.42625 0.01585679999999995 0.021960900000000005 0.3879393689155226
1 0.93774775 0.481073 0.12450450000000002 0.09537100000000004 0.3448439635963212
1 0.7517389999999999 0.44651299999999994 0.13897199999999998 0.07781779999999999 0.4200136000510516
1 0.4317639999999999 0.42716699999999996 0.014980099999999996 0.01561499999999999 0.09280416542190988
1 0.401555 0.439777 0.019577100000000014 0.013622000000000023 0.06292999010945519
1 0.913526 0.474716 0.16057100000000002 0.08365050000000002 0.342750574075485
1 0.821934 0.46369099999999996 0.08381729999999998 0.06471779999999999 0.13894722258179337
1 0.500646 0.426844 0.013361399999999968 0.020677200000000007 0.11480434166181858
1 0.7376470000000002 0.447129 0.10818300000000003 0.07462609999999997 0.14056211942571506
2 0.918792 0.490081 0.06001400000000001 0.07679999999999998 0.08571101980283685
2 0.91568 0.496756 0.05141410000000002 0.06258049999999998 0.06486386920855419
