1 0.375236 0.42440500000000003 0.11650899999999997 0.22119300000000003 0.43720718214832627
1 0.5520959999999999 0.444674 0.029643799999999998 0.04230889999999998 0.41922886309606766
1 0.726867 0.433859 0.07992880000000002 0.04361789999999999 0.38979503561328116
1 0.825047 0.433402 0.06449700000000003 0.03629850000000001 0.3535256034682619
1 0.8858630000000001 0.44097 0.04459080000000004 0.0326843 0.2712231525237493
1 0.664123 0.431278 0.020843900000000026 0.019756600000000013 0.15463241182121498
1 0.8603719999999999 0.437591 0.04701999999999995 0.02986739999999999 0.30350993636941515
1 0.9115820000000001 0.442947 0.06108250000000004 0.03666649999999999 0.22645919415366478
1 0.755917 0.43777200000000005 0.06984840000000003 0.0449329 0.31406487951945217
1 0.914292 0.443386 0.0326206 0.02392050000000001 0.0636165809231397
1 0.822778 0.432323 0.058019400000000054 0.0332114 0.30657628960800165
1 0.552344 0.442635 0.027573700000000034 0.042468300000000014 0.3465721848562548
