0 0.687578 0.509011 0.029510099999999984 0.18534899999999999 0.421003808751116
0 0.573502 0.455175 0.010546100000000003 0.05432370000000003 0.1921321104323179
0 0.436589 0.43952 0.005912399999999984 0.030818999999999985 0.13508217233669326
0 0.5600400000000001 0.44845999999999997 0.007915620000000012 0.04496899999999998 0.1223639279029155
0 0.5602149999999999 0.44632400000000005 0.006997299999999984 0.03827940000000002 0.10617367109272437
0 0.5733840000000001 0.451305 0.011915000000000009 0.059286300000000014 0.13413131308936924
1 0.23750999999999997 0.587874 0.25401399999999996 0.27124799999999993 0.43771535780357007
1 0.506123 0.455061 0.039565099999999964 0.0517436 0.40006541237129095
1 0.30466000000000004 0.517597 0.25010600000000005 0.22958499999999998 0.4096001268991464
1 0.790904 0.50675275 0.417631 0.9864945 0.10898775453016447
1 0.6096699999999999 0.43139099999999997 0.015471499999999971 0.03861189999999998 0.07201429629821651
1 0.504464 0.452308 0.035481700000000005 0.053339499999999984 0.2946049053085046
1 0.2709889999999999 0.525158 0.31804299999999996 0.24910699999999997 0.2756610047080755
2 0.504364 0.465466 0.027120199999999983 0.08254269999999997 0.2133883696158802
