0 0.158123 0.49496400000000007 0.03359400000000001 0.15812900000000002 0.4192210661771695
0 0.358931 0.448554 0.01626240000000001 0.06804179999999999 0.39882111584360463
0 0.358255 0.45074899999999996 0.014195500000000028 0.06728499999999998 0.3144194658894837
0 0.158136 0.495757 0.03046950000000001 0.15386999999999995 0.3439190713722163
1 0.525932 0.4392 0.03993800000000003 0.036812500000000026 0.40633872158828105
1 0.453527 0.446106 0.038933300000000004 0.05259059999999999 0.40201876987642043
1 0.27881 0.453486 0.08156450000000001 0.05045129999999998 0.31337132229085124
1 0.731877 0.520775 0.532516 0.9584489999999999 0.12115597549677942
1 0.517692 0.44034700000000004 0.024395900000000026 0.032437400000000005 0.25375586992182964
1 0.519712 0.444039 0.02574679999999996 0.027422999999999975 0.13053676050584365
1 0.453555 0.442669 0.03778300000000001 0.046983300000000006 0.1341851495556859
