0 0.552818 0.444036 0.008286979999999944 0.038607800000000025 0.22114767984639913
1 0.13758600000000004 0.491305 0.09926470000000001 0.11745300000000003 0.43933941014582495
1 0.279723 0.454292 0.055586899999999995 0.07146370000000002 0.4312884034200577
1 0.410455 0.438827 0.02999649999999998 0.03624559999999999 0.41619815485612977
1 0.328884 0.433385 0.020950499999999983 0.025983900000000004 0.3952267362315597
1 0.6016899999999998 0.440156 0.050180299999999955 0.03851709999999997 0.39094852096791854
1 0.009544645000000001 0.538792 0.019089290000000002 0.16318999999999995 0.10156901725546157
1 0.41023300000000007 0.43882 0.028704600000000025 0.029496299999999975 0.13568469662504176
1 0.598711 0.440715 0.05323639999999996 0.03704289999999999 0.32651501254841186
1 0.28274200000000005 0.45775 0.05100840000000001 0.07180549999999997 0.13882479130674258
1 0.32957400000000003 0.434064 0.021378500000000022 0.02679940000000003 0.3305525744267196
