0 0.689476 0.439466 0.011900699999999986 0.0683839 0.2605780746411841
1 0.686883 0.482052 0.07643909999999998 0.10314100000000004 0.4371906710259537
1 0.11564200000000001 0.455775 0.07279240000000001 0.08746719999999997 0.43210432805063426
1 0.830438 0.4455 0.09346260000000006 0.06682309999999997 0.4207194505324778
1 0.16574099999999997 0.43045199999999995 0.042456999999999995 0.025517999999999985 0.26099194558695266
1 0.65354 0.464187 0.05087810000000004 0.07029380000000002 0.4163366648271439
1 0.9307620000000001 0.7090859999999999 0.13846400000000003 0.5818269999999999 0.14275565354259528
1 0.6036869999999999 0.46603700000000003 0.027588999999999975 0.02202710000000002 0.03948078150364985
1 0.170373 0.43233199999999994 0.036394800000000005 0.023481299999999983 0.09550536444022172
1 0.676668 0.48178 0.09773100000000001 0.10479600000000006 0.32940312043664954
