0 0.622271 0.444492 0.012965400000000016 0.0636853 0.3917465585492581
0 0.785368 0.42532900000000007 0.007617760000000029 0.033111100000000004 0.3118441923233536
0 0.7694110000000001 0.42711599999999994 0.006391020000000025 0.02853549999999999 0.2473893570038273
1 0.424098 0.505386 0.11713699999999999 0.14333700000000005 0.4433415227520141
1 0.97576195 0.46609600000000007 0.04847610000000002 0.11057000000000006 0.43050412510736197
1 0.926601 0.4421689999999999 0.033113100000000006 0.0370567 0.3969856294065236
1 0.815622 0.437832 0.03910539999999996 0.027770000000000017 0.3040031580119403
1 0.784567 0.430365 0.03168280000000001 0.0164609 0.22178863276193875
1 0.9574829999999999 0.434328 0.04122539999999997 0.02776780000000001 0.22205028786943146
1 0.894825 0.43921699999999997 0.0296284 0.027247999999999994 0.04618507406276082
1 0.9243759999999999 0.431509 0.02610699999999999 0.02915509999999999 0.13601037054382223
1 0.951497 0.437609 0.029716900000000046 0.03367429999999999 0.11266761691549536
1 0.813725 0.43872900000000004 0.03181339999999999 0.02341080000000001 0.04230976226404555
1 0.424568 0.510242 0.117645 0.12129499999999999 0.1505135160071882
