0 0.5518719999999999 0.48273999999999995 0.03140719999999997 0.12180699999999994 0.40357219130630384
0 0.554641 0.480016 0.025084600000000012 0.11613500000000004 0.3231652949067067
1 0.504799 0.518888 0.11629800000000001 0.16179699999999997 0.4408520124120652
1 0.034646725 0.48477299999999995 0.06929345 0.10784399999999994 0.43936004904879056
1 0.404495 0.464009 0.06491259999999999 0.08756019999999998 0.4367889003815551
1 0.139293 0.45959 0.04523520000000002 0.06799650000000002 0.42264437221574347
1 0.21902299999999997 0.45479100000000006 0.04175599999999999 0.06029190000000001 0.42096620008348967
1 0.598374 0.449437 0.11345899999999998 0.06716719999999998 0.41053896766294073
1 0.176414 0.43420099999999995 0.0348618 0.03983949999999997 0.38245630036097394
1 0.34575 0.4438460000000001 0.03350920000000002 0.03978900000000002 0.3444114639186182
1 0.205524 0.44320499999999996 0.03751589999999999 0.04970619999999998 0.3789417245070629
1 0.335868 0.440458 0.01691290000000001 0.029029499999999986 0.08926372991279365
1 0.176807 0.44169100000000006 0.0316042 0.04800120000000002 0.0781404236844013
1 0.349041 0.4446709999999999 0.026985499999999996 0.03380909999999998 0.1378689461079528
1 0.1403 0.45903800000000006 0.04338360000000001 0.05247180000000001 0.13570405272636726
1 0.596254 0.453834 0.10753199999999996 0.06319379999999997 0.33918680966690795
1 0.3410000000000001 0.439751 0.024053500000000005 0.03453479999999998 0.28639685927139386
1 0.505013 0.523046 0.11363600000000001 0.138957 0.14896770313466404
