0 0.103603 0.468608 0.019717 0.11239299999999997 0.4174878569703407
0 0.743139 0.435551 0.009033579999999986 0.0409427 0.3224062655766116
0 0.779081 0.453907 0.006937030000000011 0.03783740000000002 0.2842579150672078
0 0.77877 0.454756 0.00747076999999996 0.03498800000000002 0.23659291754133674
0 0.743097 0.43691500000000005 0.007695580000000035 0.043147800000000014 0.09942777014106068
1 0.296722 0.476564 0.124112 0.11352500000000004 0.4394022441392982
1 0.601267 0.448795 0.05507759999999995 0.06812289999999999 0.4152455548236917
1 0.555398 0.433581 0.022630600000000056 0.02711849999999999 0.3567805877870935
1 0.924762 0.443927 0.08832229999999996 0.05857970000000001 0.30812717650248983
1 0.616885 0.436288 0.031983899999999954 0.02820149999999999 0.12750897709111514
1 0.912013 0.449847 0.0757738 0.05873850000000003 0.26247731235631466
1 0.619231 0.43418900000000005 0.031961099999999965 0.026310600000000017 0.10836555568942854
