0 0.450655 0.449263 0.012928099999999998 0.06903720000000002 0.14691780144003933
0 0.446997 0.447612 0.011144399999999999 0.0696871 0.13314569081218605
1 0.404508 0.43784 0.05066769999999998 0.03048970000000001 0.406418525346415
1 0.746953 0.442424 0.054903900000000005 0.028134800000000015 0.39014497967912143
1 0.676952 0.438696 0.054038200000000036 0.03877160000000002 0.3196594221503797
1 0.8086880000000001 0.441381 0.046580900000000036 0.029447100000000004 0.2360673040965069
1 0.0109305 0.4220729999999999 0.021861 0.04388609999999998 0.1989626937274471
1 0.867143 0.438674 0.03957750000000004 0.029288199999999986 0.12159455996083135
1 0.0100736 0.43130900000000005 0.0200294 0.024669200000000002 0.1017723820571877
1 0.750744 0.443542 0.05037080000000005 0.02787240000000002 0.33659349216578566
1 0.4093 0.4396260000000001 0.04308820000000002 0.02530260000000001 0.04395062460974537
