1 0.4028729999999999 0.453503 0.05620379999999997 0.08189240000000003 0.4299753105491525
1 0.452896 0.44108500000000006 0.028411300000000028 0.036134500000000014 0.3950052120063947
1 0.528292 0.435443 0.023470699999999955 0.03141919999999998 0.37794096703437163
1 0.565917 0.430388 0.039236099999999996 0.02778750000000002 0.3714970428861986
1 0.548751 0.441034 0.02736000000000005 0.03425529999999999 0.2751055691175812
1 0.46325800000000006 0.43033 0.03823510000000002 0.02639330000000001 0.33646089985395067
1 0.543605 0.43066800000000005 0.025244999999999962 0.027273900000000018 0.18789519667267396
1 0.568107 0.431577 0.02945310000000001 0.02535149999999997 0.08214131409171621
1 0.5274749999999999 0.4331 0.0230167 0.03799960000000002 0.3067316829903571
1 0.5501129999999999 0.44488400000000006 0.02745059999999999 0.036777400000000016 0.11726792068740659
1 0.403483 0.45531699999999997 0.04907070000000002 0.07893 0.1425263702935606
