0 0.650757 0.541307 0.0262907 0.14857600000000004 0.41589086452308527
1 0.18436000000000002 0.452311 0.112399 0.09282809999999997 0.438289119306016
1 0.554049 0.443646 0.09379689999999996 0.06098890000000001 0.43627889015715887
1 0.0250688 0.448157 0.0500916 0.07545269999999998 0.4309769853064201
1 0.36107500000000003 0.46351700000000007 0.115755 0.06824170000000002 0.4244115209518936
1 0.9648649999999999 0.501075 0.06999509999999998 0.14464000000000005 0.41890597892522685
1 0.140131 0.448152 0.07417119999999999 0.05855349999999998 0.4151350220322533
1 0.234614 0.440044 0.09810839999999998 0.0634808 0.42153491652076613
1 0.339426 0.442145 0.0798142 0.048191399999999995 0.4059328231632893
1 0.979464 0.45726500000000003 0.04106030000000005 0.08959400000000001 0.22240411243322875
1 0.39535599999999993 0.450661 0.09360439999999998 0.05572949999999999 0.4031607891738547
1 0.9839340000000001 0.423226 0.031213000000000046 0.01530609999999999 0.07076606381273735
1 0.256732 0.440987 0.05189030000000003 0.05689499999999997 0.13940689064660483
1 0.12942 0.451098 0.0516336 0.04785050000000002 0.1238025682780185
