0 0.5362830000000001 0.448365 0.015329400000000049 0.07243470000000002 0.40860670770306506
0 0.587221 0.454383 0.021237199999999956 0.09109870000000003 0.40667215453174876
0 0.12032599999999999 0.450702 0.015187199999999998 0.07982800000000001 0.40230817316022804
0 0.442638 0.44084600000000007 0.010398899999999989 0.051475400000000004 0.31924530292684594
0 0.353233 0.432114 0.009579090000000012 0.046638100000000016 0.1737387438073709
0 0.443681 0.440053 0.010689799999999972 0.05093989999999998 0.25971871010358477
0 0.587205 0.455231 0.019667800000000013 0.08759269999999997 0.3448163919820921
1 0.456515 0.455418 0.05328299999999997 0.05904680000000001 0.4313076663961591
1 0.35645499999999997 0.4426709999999999 0.03427839999999999 0.035336599999999996 0.3810767043582904
1 0.29527000000000003 0.431421 0.018580600000000003 0.025834899999999994 0.23422907518833436
1 0.187475 0.426412 0.021833800000000014 0.020542000000000005 0.21698210216065172
1 0.55786 0.94679 0.09660879999999994 0.10582999999999998 0.08039013770512873
1 0.162303 0.43117 0.02130080000000001 0.019175700000000018 0.05765254121472136
1 0.35982099999999995 0.442103 0.027520099999999992 0.03271780000000002 0.3209235168465502
1 0.188246 0.42839700000000003 0.02600849999999999 0.01872760000000001 0.12385953501525292
1 0.295113 0.42974200000000007 0.017441299999999993 0.022280000000000022 0.09931351030109348
2 0.387413 0.454761 0.0270301 0.09215289999999998 0.40892959187390593
2 0.387616 0.470098 0.022062499999999985 0.05909320000000001 0.11864959642514221
