0 0.7571570000000001 0.48654000000000003 0.03362940000000003 0.15951400000000004 0.4133087084409348
0 0.28446 0.454185 0.013412199999999985 0.07435340000000001 0.38622037761962563
0 0.763947 0.484182 0.024154699999999973 0.151432 0.2650599767559183
1 0.49584799999999996 0.626686 0.30830799999999997 0.484888 0.4467460244567748
1 0.140664 0.48006100000000007 0.199154 0.12246300000000004 0.43550745382853057
1 0.946815 0.47209 0.10622500000000001 0.11299700000000001 0.3176437240567093
1 0.63455 0.479944 0.06721710000000003 0.07685240000000004 0.10131250957122923
1 0.49526799999999993 0.699109 0.30843499999999996 0.6016379999999999 0.15097460037209667
2 0.626525 0.464269 0.08427090000000004 0.122556 0.41620549313273975
2 0.320518 0.49190200000000006 0.04388049999999999 0.16056900000000002 0.4028452432796238
2 0.634728 0.47979700000000003 0.06679869999999999 0.07694450000000003 0.08593432311812871
