0 0.201337 0.468405 0.0268351 0.11138400000000004 0.4088552918232295
0 0.28677 0.451356 0.016462599999999994 0.07547189999999998 0.3587467872762905
0 0.570299 0.433584 0.008418079999999994 0.03767520000000002 0.31343797427459213
0 0.61835 0.433262 0.007518389999999986 0.03511019999999998 0.2757201497836703
0 0.287329 0.455653 0.015470600000000001 0.07837460000000002 0.3144506969124081
0 0.570901 0.433473 0.007669640000000033 0.0368501 0.2628958953869395
0 0.20197199999999998 0.468555 0.025065699999999996 0.10740399999999994 0.34039110838016223
1 0.469193 0.430009 0.017958099999999977 0.024230399999999985 0.3874921926845995
1 0.23148 0.443955 0.06821749999999999 0.04187610000000003 0.2540655140881408
1 0.469795 0.430388 0.01433390000000001 0.025274499999999978 0.12294067098566229
