0 0.0538262 0.46266000000000007 0.030170299999999997 0.09622380000000003 0.35096958999653466
0 0.34019 0.446875 0.01345590000000002 0.05865999999999999 0.29357923281173226
0 0.0520941 0.45706099999999994 0.016800300000000004 0.07908589999999999 0.2940762631155896
0 0.344036 0.44806499999999994 0.019589499999999982 0.06253199999999998 0.13248157677897932
1 0.828486 0.510145 0.129672 0.17692900000000006 0.4434658148120963
1 0.245873 0.466417 0.0945127 0.07896829999999999 0.438379930479065
1 0.489513 0.447319 0.06067040000000001 0.05464800000000003 0.4303073675657558
1 0.600887 0.43760199999999994 0.051225999999999994 0.034295699999999985 0.4084237094301027
1 0.361704 0.44059499999999996 0.056339099999999975 0.04008289999999998 0.40280029633538744
1 0.0356549 0.4868390000000001 0.0713098 0.11098700000000006 0.32695783164397596
