0 0.726402 0.45361399999999996 0.016669500000000004 0.07587519999999998 0.3731169674478603
0 0.667203 0.443138 0.014698600000000006 0.05931839999999999 0.33584723647243786
0 0.988813 0.506602 0.022373999999999894 0.18137200000000003 0.19041681197279176
0 0.976918 0.507093 0.0461319 0.18537599999999999 0.179856794958508
0 0.7267460000000001 0.45257 0.01508710000000002 0.07033279999999997 0.28024777555049224
1 0.798311 0.526738 0.13739199999999996 0.17434700000000003 0.44324704244066004
1 0.049440300000000006 0.437473 0.060919600000000004 0.037772099999999975 0.4100917914320177
1 0.6649699999999998 0.4374239999999999 0.051423499999999955 0.03437859999999998 0.3523996366509121
1 0.382542 0.42423500000000003 0.0234027 0.013322400000000012 0.11564733529053842
1 0.0036158699999999998 0.436971 0.007139889999999999 0.03012969999999998 0.10369042390410382
1 0.964794 0.634852 0.0695173 0.284446 0.10296611861780194
1 0.463539 0.424235 0.020414700000000008 0.0109823 0.09660555209387077
1 0.129008 0.43766800000000006 0.020060700000000015 0.013847200000000004 0.058744036489467126
1 0.6644049999999999 0.438133 0.05255719999999997 0.031107400000000007 0.30786285540603237
