0 0.6847019999999999 0.435816 0.008741949999999998 0.04325659999999998 0.3239794086248845
1 0.93890675 0.508308 0.12218649999999998 0.20522599999999996 0.43809832411415545
1 0.625715 0.448106 0.05531790000000003 0.04779810000000001 0.42304889471387075
1 0.445957 0.437164 0.054149400000000014 0.04361930000000003 0.41625961292273866
1 0.7336229999999999 0.440789 0.054684999999999984 0.03678999999999999 0.40523889738135443
1 0.887731 0.437116 0.04435230000000001 0.03474529999999998 0.39854501318615265
1 0.798819 0.43455 0.03887180000000001 0.025858500000000006 0.3855622259361645
1 0.892367 0.44747499999999996 0.02039279999999999 0.05681059999999999 0.0779690513726657
1 0.457717 0.44148199999999993 0.029183999999999988 0.04162389999999999 0.1324503393035525
1 0.8815030000000001 0.435371 0.03372900000000001 0.030172399999999988 0.12164097959665923
1 0.798719 0.436165 0.043832800000000005 0.02743040000000002 0.251413543202502
1 0.730543 0.442477 0.04674679999999998 0.03460659999999999 0.13578604076531514
1 0.626382 0.450644 0.05351810000000001 0.041234800000000016 0.13974790423662417
1 0.939137 0.48744200000000004 0.12112999999999996 0.23862100000000003 0.10957473223702748
2 0.682755 0.447623 0.011862799999999951 0.020206900000000028 0.06576369187017417
