0 0.516826 0.439191 0.006727700000000003 0.038214899999999996 0.1839823369135905
0 0.45306899999999994 0.4337059999999999 0.007616809999999974 0.0360048 0.15402171184082591
0 0.246846 0.439855 0.010710299999999978 0.049537300000000006 0.1524332907679795
1 0.481259 0.532434 0.11482199999999998 0.15634400000000004 0.4419921971403468
1 0.134808 0.494158 0.10066999999999998 0.12324399999999996 0.4412505725604468
1 0.942316 0.484886 0.11519100000000004 0.12770800000000004 0.4377346207796714
1 0.223577 0.467792 0.059597100000000014 0.07998090000000002 0.4344021259141465
1 0.298502 0.44821 0.04315970000000002 0.0577607 0.42144410534771715
1 0.341463 0.432107 0.015427799999999992 0.018378700000000026 0.2819035651121876
1 0.34125000000000005 0.430565 0.01663880000000001 0.019538999999999973 0.23222512654454308
1 0.135926 0.4960300000000001 0.09815390000000002 0.10213000000000005 0.11862850929036482
2 0.246809 0.44223200000000007 0.014223399999999997 0.06151040000000002 0.1413457562815942
