0 0.139772 0.449633 0.022902699999999998 0.07113170000000002 0.3157807190823407
0 0.7826949999999999 0.45635800000000004 0.007308259999999955 0.03786790000000001 0.2652488863579975
1 0.538121 0.49106099999999997 0.12893299999999996 0.16814999999999997 0.4437501730307345
1 0.375315 0.449565 0.10875699999999999 0.06963720000000001 0.432274025697241
1 0.185964 0.49052100000000004 0.160893 0.13576200000000005 0.4130197637994153
1 0.937011 0.456742 0.0921978 0.06612069999999998 0.41275512719916646
1 0.5941210000000001 0.43774100000000005 0.023699400000000037 0.027826300000000026 0.401708269047359
1 0.175671 0.7282677500000001 0.351208 0.5434645 0.14887249629481092
1 0.584644 0.4359390000000001 0.043012599999999956 0.027107500000000007 0.2895725210902157
1 0.373881 0.449177 0.09889959999999998 0.06726719999999997 0.3457083804661027
