0 0.8025309999999999 0.46247400000000005 0.023628199999999988 0.09409910000000005 0.30959922410740065
0 0.773072 0.457564 0.01605509999999999 0.08491090000000001 0.3027529848881162
0 0.692698 0.43741300000000005 0.009278490000000028 0.04901070000000002 0.21605583316362215
0 0.80362 0.46149799999999996 0.01996169999999997 0.09590749999999998 0.204930088538257
0 0.773109 0.461253 0.015338300000000027 0.08052909999999996 0.27925028714757855
1 0.15898500000000002 0.607494 0.3173480000000001 0.3843809999999999 0.44753351326548746
1 0.71994 0.488571 0.09723090000000001 0.14089200000000002 0.4390179019018485
1 0.8039049999999999 0.43911200000000006 0.07080629999999999 0.04940810000000001 0.4080567955996018
1 0.676383 0.453949 0.04963700000000004 0.0647913 0.41039495398446907
1 0.299851 0.445037 0.03997659999999997 0.05324430000000002 0.32549314871297186
1 0.699225 0.436859 0.026471699999999987 0.029809099999999977 0.12609563592327272
1 0.556146 0.425651 0.022764600000000024 0.013810099999999992 0.09805017733718943
1 0.2911 0.44305 0.05765520000000002 0.0575601 0.31920264919405017
1 0.721113 0.457114 0.09205649999999999 0.07230049999999999 0.09116629304308145
1 0.675964 0.45437400000000006 0.04363629999999996 0.057639700000000016 0.33232436367847773
1 0.307314 0.44467599999999996 0.024484600000000023 0.05021789999999998 0.04328370463074127
