0 0.07504659999999999 0.48748099999999994 0.03042009999999999 0.13802799999999998 0.4283796940287614
1 0.275322 0.47573 0.07517129999999997 0.0916709 0.4368512757327403
1 0.390061 0.443038 0.07440800000000003 0.046887400000000024 0.42832144645816944
1 0.331401 0.46233599999999997 0.0485816 0.06956679999999998 0.4255150142971253
1 0.5683 0.456459 0.04423790000000005 0.061716800000000016 0.40549803027414577
1 0.550827 0.44782900000000003 0.04609260000000004 0.0593824 0.397183304232706
1 0.497566 0.45124 0.010307799999999978 0.02082820000000002 0.08180816883556905
1 0.547243 0.445908 0.03720199999999996 0.0514618 0.11935884804037852
1 0.333356 0.465005 0.04615419999999998 0.05949209999999999 0.14189139575007745
1 0.568972 0.456221 0.04216540000000002 0.0475911 0.1390644607564885
