0 0.8762729999999999 0.480428 0.02027089999999998 0.0766481 0.39114848900554156
0 0.22903 0.443444 0.011238799999999993 0.05583260000000001 0.38407714220721195
0 0.619163 0.437996 0.011571100000000056 0.04373510000000003 0.1901934531784743
0 0.8760460000000001 0.47638100000000005 0.0184261 0.07088000000000005 0.3334201155437632
0 0.228952 0.444194 0.010347899999999993 0.05439329999999998 0.31412162857330256
1 0.179691 0.480259 0.07957 0.10082400000000002 0.43827857053338903
1 0.0534162 0.521425 0.106632 0.15965700000000005 0.4310586236337065
1 0.28979999999999995 0.45072499999999993 0.04895149999999998 0.06692939999999997 0.42627681913770293
1 0.5893489999999999 0.43814699999999995 0.049329599999999973 0.032965999999999995 0.39286105930940474
1 0.266934 0.430231 0.03216619999999998 0.023417200000000027 0.19719724913806402
1 0.85154 0.4952770000000001 0.024169899999999966 0.01700660000000004 0.06920246850566211
1 0.588297 0.435252 0.045547000000000004 0.03209459999999997 0.30497284318712853
1 0.289285 0.448913 0.04925390000000002 0.05624899999999999 0.14042882984992072
