0 0.245004 0.43740999999999997 0.00528287999999999 0.030180299999999993 0.19338173221542587
0 0.240292 0.433486 0.009924130000000003 0.03165689999999999 0.1272525960520526
0 0.24342200000000003 0.436022 0.0077679200000000115 0.03055220000000003 0.1012250774237448
1 0.11092299999999998 0.49953099999999995 0.16290099999999996 0.15962999999999994 0.4418688223648408
1 0.47170400000000007 0.484371 0.09310340000000006 0.17247199999999996 0.44019431937089215
1 0.36773 0.439731 0.03737119999999999 0.05728939999999999 0.41007206981362826
1 0.427373 0.446083 0.03482459999999998 0.040040399999999976 0.39360451845845734
1 0.272865 0.42971000000000004 0.024316100000000007 0.02120620000000001 0.37286654875854347
1 0.556834 0.46684500000000007 0.02620979999999995 0.014918700000000007 0.05613316594400765
1 0.423299 0.451206 0.024012299999999986 0.05266759999999998 0.10271889556753876
1 0.367676 0.43703 0.03514660000000003 0.04945339999999998 0.13658184405314522
2 0.5899509999999999 0.531794 0.09342499999999998 0.2846119999999999 0.4300601593724558
