0 0.857184 0.497675 0.034154099999999965 0.16126200000000002 0.39437320293335687
1 0.861793 0.667537 0.27634099999999995 0.354741 0.44520819686468766
1 0.280594 0.474924 0.08468929999999997 0.11169099999999998 0.4409859359601979
1 0.6199539999999999 0.48339 0.06947669999999995 0.10497700000000004 0.4333756844733201
1 0.425296 0.434526 0.0206596 0.026794800000000008 0.39760204464176524
1 0.530602 0.4348 0.01874880000000001 0.0245185 0.2980117528701933
1 0.665659 0.44199999999999995 0.05760270000000001 0.04428749999999998 0.251688909416823
1 0.442844 0.429526 0.04168759999999999 0.02418419999999999 0.384386267109409
1 0.523017 0.430712 0.018026899999999957 0.02556609999999998 0.23147710545889114
1 0.445955 0.431528 0.031572900000000015 0.022543800000000003 0.040665909951474295
1 0.6195169999999999 0.480594 0.0635985 0.0787082 0.06253169504884655
1 0.424378 0.435868 0.020527300000000026 0.027432400000000023 0.3273388259945754
