0 0.291896 0.43676399999999993 0.008942600000000023 0.04215019999999997 0.3470660854822926
0 0.291675 0.44030100000000005 0.009790420000000022 0.04445070000000001 0.10748537405554785
1 0.556804 0.435907 0.033977900000000005 0.04780390000000001 0.40512056767101784
1 0.311802 0.454077 0.04684650000000001 0.05247829999999998 0.40006770558273164
1 0.3536 0.443805 0.03410160000000001 0.0486279 0.3988724837798748
1 0.23449000000000003 0.437472 0.050941700000000006 0.037429900000000016 0.3914039527600278
1 0.401569 0.434996 0.0345839 0.03350019999999998 0.3739604106157244
1 0.436334 0.428786 0.017072699999999996 0.02484520000000001 0.18634085795821428
1 0.531895 0.4328850000000001 0.01639579999999996 0.018511600000000017 0.08964581620562564
1 0.33007200000000003 0.445313 0.05464600000000003 0.06102289999999999 0.3940842582918373
1 0.394811 0.43910799999999994 0.023409400000000025 0.0278158 0.31901994791269656
1 0.358121 0.44514599999999993 0.025340299999999982 0.0437458 0.12721396311163133
1 0.405589 0.434414 0.029929700000000004 0.02875850000000002 0.2639116653642479
1 0.5573840000000001 0.437859 0.03137230000000002 0.04137099999999999 0.1367986953346619
1 0.312177 0.457824 0.05003679999999999 0.05123810000000001 0.33584318588333434
1 0.233803 0.43939799999999996 0.04952329999999999 0.04127419999999998 0.3326599067418481
1 0.43553 0.429257 0.017120199999999974 0.02239960000000002 0.1140423722096388
