0 0.0674032 0.47348900000000005 0.019830399999999998 0.12262800000000001 0.394737364910129
0 0.788564 0.44974 0.015052599999999972 0.06522220000000001 0.3388586817362744
0 0.18269200000000002 0.448313 0.0188652 0.07698700000000003 0.3136163861246732
0 0.745689 0.439211 0.009200479999999955 0.04488570000000003 0.31128417588078366
0 0.788133 0.446346 0.012398499999999979 0.06036210000000003 0.1829578070152179
0 0.0686008 0.4793839999999999 0.019418999999999992 0.10940699999999998 0.31783697770290276
1 0.522447 0.582341 0.20253300000000002 0.31924300000000005 0.4462268413866159
1 0.274976 0.481266 0.13403699999999996 0.12273699999999999 0.44174728215848746
1 0.614908 0.436486 0.025102500000000028 0.02894859999999999 0.39221941874831623
1 0.952561 0.44756000000000007 0.09021219999999996 0.06024020000000002 0.21828161740721208
1 0.913049 0.447967 0.07881179999999999 0.05759360000000002 0.1849958216940996
1 0.6095010000000001 0.435628 0.036722400000000044 0.02859210000000001 0.15010619869398084
