1 0.627489 0.48748800000000003 0.08304560000000005 0.11199600000000004 0.43723836982391884
1 0.384723 0.44260200000000005 0.043316699999999986 0.05681140000000001 0.412782645736454
1 0.456192 0.436485 0.02268389999999998 0.029039800000000004 0.28676591855448796
1 0.5908089999999999 0.463923 0.06079789999999996 0.09465959999999995 0.4185693354857422
1 0.8607480000000001 0.69773 0.27793600000000007 0.603728 0.15001812570659714
1 0.427994 0.436743 0.018904599999999994 0.021216999999999986 0.10113468522571846
1 0.525967 0.430714 0.015222700000000033 0.020006999999999997 0.07939967183730147
1 0.46424599999999994 0.426292 0.026498199999999972 0.02021909999999999 0.1248403011481664
1 0.436206 0.427968 0.014627500000000015 0.018523999999999985 0.04877375590670081
1 0.46981700000000004 0.4249 0.01140380000000002 0.013510699999999987 0.0677348668718272
1 0.46039399999999997 0.424994 0.013658899999999974 0.011608700000000027 0.04108104324656935
1 0.43055699999999997 0.433712 0.020840099999999973 0.019874000000000003 0.0587374270890145
1 0.389383 0.443766 0.04551430000000001 0.053039 0.1395515106231751
1 0.456903 0.438615 0.020601199999999986 0.02571469999999998 0.13446431804147005
1 0.62809 0.49081600000000003 0.08105980000000002 0.09459840000000003 0.14868397101523403
