0 0.143511 0.452379 0.011220000000000008 0.0727005 0.38645520247114623
0 0.143349 0.453175 0.012606599999999996 0.07309490000000002 0.32494317801659633
1 0.881527 0.46237400000000006 0.0634806 0.08582760000000006 0.43266478892672444
1 0.452171 0.454386 0.06781999999999999 0.05709500000000001 0.4279361869361434
1 0.5720970000000001 0.447128 0.05450940000000004 0.0472707 0.4259420102673707
1 0.228473 0.44233 0.06987930000000003 0.05535699999999999 0.4205607603007862
1 0.735009 0.44022799999999995 0.04643989999999998 0.03883819999999999 0.4192650958368296
1 0.636726 0.435566 0.044132599999999966 0.029143099999999977 0.39396455265463637
1 0.985404 0.682375 0.027991499999999947 0.274628 0.0669870604206173
1 0.6216030000000001 0.434907 0.041534300000000024 0.026586200000000004 0.3169053099728261
1 0.243079 0.44633 0.04036859999999998 0.05177729999999997 0.06443630394594112
1 0.00596634 0.0238567 0.0119117 0.0477134 0.0018001649630082388
1 0.452916 0.456487 0.06443899999999997 0.049182800000000026 0.1419987198240937
