0 0.835898 0.447782 0.02197910000000003 0.07321460000000002 0.3885475285895779
0 0.353484 0.440589 0.010613700000000004 0.055366499999999985 0.3840221051326368
0 0.855662 0.454627 0.021710600000000024 0.08615400000000001 0.3130082264506179
0 0.856918 0.45882 0.015189600000000025 0.09917819999999994 0.11695827652109546
0 0.353093 0.44051 0.009119480000000013 0.05337639999999999 0.32693320356269184
0 0.8346929999999999 0.448499 0.020505499999999954 0.07302399999999998 0.33214878439106144
1 0.433727 0.443355 0.04178559999999998 0.06427890000000003 0.41263496291967744
1 0.45331 0.4401999999999999 0.030389 0.03945599999999999 0.3833382694810406
1 0.469751 0.465802 0.01616709999999999 0.015722499999999973 0.07740740970087105
1 0.987442 0.406084 0.0244259 0.11369699999999999 0.05380571278462331
1 0.45624 0.4384239999999999 0.023995199999999994 0.036160499999999984 0.2897172502208408
2 0.49773500000000004 0.527323 0.07488630000000002 0.27459500000000003 0.4374745706023038
