0 0.269553 0.463373 0.010670999999999986 0.05699909999999997 0.3041673113153598
1 0.202342 0.442195 0.042182 0.04640250000000001 0.4312365768414995
1 0.44014700000000007 0.443567 0.03588540000000001 0.057857099999999995 0.42072266102849465
1 0.256171 0.438206 0.03731989999999999 0.05366359999999998 0.4129936211889921
1 0.0154764 0.450191 0.0308922 0.09522550000000002 0.3127227072659708
1 0.459325 0.433817 0.02511629999999998 0.03771239999999998 0.29923776095304144
1 0.234522 0.436811 0.07967360000000001 0.057114200000000004 0.2106383958456726
1 0.463503 0.43411900000000003 0.017307899999999987 0.03500120000000001 0.12840145205961742
1 0.440029 0.439329 0.03428619999999999 0.05091760000000001 0.3428781642301151
1 0.203117 0.44572 0.042381100000000005 0.04026259999999998 0.1469976296997531
