1 0.499107 0.541001 0.12314499999999995 0.17702100000000004 0.4430929386318497
1 0.87752 0.450308 0.09548029999999996 0.050583900000000015 0.4234052597717448
1 0.758946 0.436468 0.08724989999999999 0.04904629999999999 0.4144892536905716
1 0.499878 0.437698 0.02818580000000004 0.038766999999999996 0.4126294592122199
1 0.964229 0.449117 0.07142409999999999 0.07969110000000001 0.358378038876637
1 0.678707 0.43157199999999996 0.04303760000000001 0.03271649999999998 0.35658474753006364
1 0.565952 0.430798 0.019519399999999965 0.029278899999999997 0.32898416769010314
1 0.811966 0.4431280000000001 0.06721460000000001 0.04385990000000001 0.41089028765564534
1 0.534421 0.42410099999999995 0.02053079999999996 0.011775099999999983 0.18872450113836267
1 0.724745 0.433924 0.07892350000000004 0.04356129999999997 0.4085126860339992
1 0.980524 0.439105 0.03895150000000003 0.05005680000000001 0.10312521856239937
1 0.6986920000000001 0.43532 0.0514559 0.032313099999999984 0.25933331947120963
1 0.855977 0.44784499999999994 0.08570610000000001 0.04206199999999999 0.40325847998122555
1 0.805725 0.44713400000000003 0.054151199999999955 0.03990670000000002 0.14019120616698155
1 0.676158 0.43181 0.030846799999999952 0.030459000000000014 0.11572824142508736
1 0.7205700000000002 0.4339120000000001 0.04988570000000003 0.0402556 0.09787514923583826
1 0.564677 0.428655 0.020416800000000013 0.025785700000000022 0.13144350730127116
1 0.750672 0.43671799999999994 0.062432299999999996 0.04281289999999999 0.1351992204251296
1 0.49948000000000004 0.438658 0.026272600000000035 0.03974749999999999 0.34369588381814703
2 0.964252 0.452978 0.07094610000000001 0.06604179999999998 0.08309353985692478
