1 0.41315099999999993 0.482436 0.114539 0.14619199999999993 0.4436589032153974
1 0.548197 0.46419600000000005 0.12430000000000002 0.08810100000000004 0.4405011510616486
1 0.183512 0.45083400000000007 0.05335139999999999 0.0507842 0.425103612164676
1 0.292687 0.452307 0.05341980000000002 0.04493560000000002 0.4199489314884258
1 0.340082 0.45218400000000003 0.05805199999999999 0.05680970000000002 0.41695078685094483
1 0.4396570000000001 0.46340800000000004 0.07367560000000001 0.06052770000000002 0.3274222356777515
1 0.390012 0.453396 0.054999399999999976 0.060768900000000015 0.26942051311520004
1 0.08791559999999998 0.43721200000000005 0.046915899999999996 0.032232800000000006 0.12371900657229616
1 0.250173 0.448763 0.021232999999999974 0.011665199999999987 0.07205647056777127
1 0.29134100000000007 0.45195399999999997 0.04923850000000002 0.0409137 0.1410785968610835
