0 0.45632700000000004 0.43528500000000003 0.011447700000000005 0.04442600000000002 0.1581540788568429
1 0.601932 0.47751 0.08106400000000002 0.09544710000000006 0.43924126069616587
1 0.3691209999999999 0.433114 0.022999099999999995 0.03455560000000002 0.4103825706426897
1 0.478015 0.448601 0.04005009999999998 0.0505409 0.3956197926724838
1 0.32045900000000005 0.427318 0.022633300000000023 0.02145229999999998 0.39098200185495174
1 0.441414 0.4426089999999999 0.0409718 0.046552399999999994 0.3906655386761447
1 0.350537 0.425964 0.015477799999999986 0.020020399999999994 0.27127837811306676
1 0.41840199999999994 0.43113 0.020232399999999984 0.02481929999999999 0.27040619466798377
1 0.394672 0.421269 0.020623100000000005 0.014616399999999974 0.20720069812719266
1 0.296876 0.427771 0.0171848 0.014346000000000025 0.07768437505317102
1 0.443612 0.4398540000000001 0.031658200000000025 0.03612860000000001 0.2917171782864001
1 0.31721200000000005 0.429209 0.01673960000000002 0.015177400000000008 0.04846138305197613
1 0.41697000000000006 0.432416 0.01976810000000001 0.018259899999999996 0.08801014696028142
1 0.47751 0.450351 0.03931060000000003 0.03805320000000001 0.1365668942187881
1 0.351236 0.4270729999999999 0.015759999999999996 0.021859499999999976 0.2626158223273288
1 0.370187 0.433233 0.022799400000000025 0.03711369999999997 0.33435361843629524
