1 0.25105 0.4697140000000001 0.0674903 0.06692740000000003 0.4313283052991247
1 0.318561 0.449632 0.04606080000000001 0.06026500000000001 0.41233225900951415
1 0.568825 0.44334300000000004 0.040849899999999995 0.05765110000000001 0.40837325877840885
1 0.17887 0.441002 0.07286710000000002 0.045079499999999995 0.404205117663918
1 0.379004 0.439997 0.028079599999999982 0.03259069999999997 0.36701656637349384
1 0.431382 0.427721 0.018123600000000017 0.02330979999999999 0.3620471771816466
1 0.281224 0.45264400000000005 0.07515649999999999 0.0802099 0.4224095473642228
1 0.388266 0.436929 0.04473719999999998 0.034069300000000025 0.3484874179331957
1 0.42937900000000007 0.430444 0.024716400000000027 0.022037399999999985 0.2044493211807824
1 0.323459 0.451848 0.03747630000000002 0.052781299999999975 0.13283997919690174
1 0.18423899999999999 0.44052900000000006 0.0584876 0.040657200000000004 0.10695268865746954
1 0.568974 0.439938 0.039009700000000036 0.04965629999999999 0.12727045774883342
1 0.287172 0.45319 0.06281029999999999 0.07424209999999998 0.14543733909290416
