1 0.792737 0.552402 0.176821 0.21564999999999995 0.4445344513434303
1 0.0636001 0.45667 0.107798 0.10458900000000004 0.44046491832088663
1 0.563868 0.448268 0.10197299999999998 0.0701718 0.4350685331587938
1 0.247031 0.47133900000000006 0.117977 0.08317380000000002 0.43141636461844496
1 0.37441500000000005 0.454182 0.0945107 0.0616681 0.4254164062051781
1 0.954721 0.502076 0.09055729999999995 0.14583900000000005 0.41937746319742053
1 0.120992 0.449857 0.0668349 0.05958269999999999 0.4168774040848447
1 0.24006 0.441112 0.09088770000000002 0.06522499999999998 0.3288626713936047
1 0.905109 0.47445099999999996 0.03693279999999999 0.012906099999999976 0.04118285948687508
1 0.134604 0.453826 0.0409755 0.05288179999999998 0.14439997795519888
1 0.381875 0.44564 0.07704129999999998 0.0542899 0.37428054293283647
1 0.23094399999999998 0.432531 0.06875899999999999 0.042327000000000004 0.04392639014141913
