1 0.465311 0.45981400000000006 0.05758200000000002 0.0684826 0.43447734324939924
1 0.369798 0.44514300000000007 0.0319526 0.03658670000000003 0.39313853789372116
1 0.333584 0.439214 0.03335250000000001 0.037089399999999995 0.39286197659398103
1 0.273918 0.432261 0.027966500000000005 0.042118199999999995 0.3512438580848341
1 0.24010000000000004 0.425097 0.020344500000000015 0.02092050000000001 0.27225720407545245
1 0.210182 0.4255340000000001 0.023084400000000005 0.019540100000000005 0.27015215695712336
1 0.307224 0.430747 0.025385400000000002 0.025041099999999983 0.24220761643257763
1 0.268474 0.44492 0.01773720000000001 0.017365200000000025 0.0625282329819428
1 0.334913 0.43579 0.027905599999999975 0.030504399999999987 0.2779785751287436
1 0.308521 0.43007800000000007 0.019187500000000024 0.022932600000000025 0.23016844942513343
1 0.208976 0.428658 0.02309839999999999 0.018096600000000018 0.11449212617377134
1 0.239216 0.426999 0.018593799999999994 0.02327659999999998 0.26152104318557157
1 0.370876 0.444522 0.028015400000000024 0.033059000000000005 0.3234977910410113
1 0.465398 0.462339 0.05694959999999999 0.058093700000000026 0.1462844439175807
