1 0.476692 0.461486 0.059328999999999965 0.07241209999999998 0.4351203597373521
1 0.34006900000000007 0.439361 0.03495520000000002 0.0395645 0.3896037817791325
1 0.375644 0.443804 0.037154200000000026 0.036928300000000025 0.3778212613971707
1 0.252316 0.425925 0.02363350000000003 0.018429099999999976 0.2239546184615837
1 0.218833 0.426573 0.022722800000000015 0.021074800000000005 0.219946002409401
1 0.279379 0.4369620000000001 0.030228299999999986 0.03671180000000002 0.13617363489185766
1 0.31981399999999993 0.43376100000000006 0.023383199999999993 0.02634160000000002 0.07108142663433345
1 0.249087 0.42759899999999995 0.016704799999999992 0.0182851 0.09113419024088304
1 0.218422 0.4282119999999999 0.025884500000000005 0.01759329999999998 0.12940450726164013
1 0.282489 0.43517700000000004 0.029629300000000025 0.036518400000000006 0.09649167312003679
1 0.477206 0.46535399999999993 0.05936570000000002 0.06038539999999998 0.14552404813217537
1 0.375915 0.446413 0.036605600000000016 0.03165830000000003 0.13899679308518798
