1 0.0800006 0.49951900000000005 0.158292 0.13321100000000002 0.44134734608324144
1 0.83151 0.450427 0.06514589999999998 0.07187140000000003 0.4306490560704099
1 0.723557 0.441736 0.05279849999999997 0.05131629999999998 0.41068389862598853
1 0.8874299999999999 0.44609999999999994 0.04809779999999997 0.03730729999999999 0.39002940182251367
1 0.323864 0.429756 0.02109329999999998 0.025083899999999992 0.3297596773821389
1 0.977605 0.45767 0.04478979999999999 0.05894840000000001 0.1321573166812741
1 0.372522 0.44018899999999994 0.01697019999999999 0.019856299999999993 0.11140207409549746
1 0.963742 0.467753 0.01921649999999997 0.03225129999999998 0.06718990606784155
1 0.367722 0.43397299999999994 0.02458539999999998 0.02208519999999997 0.08593416575145127
1 0.8399749999999999 0.44662 0.08070659999999996 0.062336400000000014 0.10085906506971654
1 0.885246 0.446112 0.04182090000000005 0.032917399999999986 0.10970109767901431
1 0.32477899999999993 0.431574 0.019543299999999986 0.024423000000000028 0.1108003039209548
