1 0.643045 0.552174 0.14738600000000002 0.181176 0.4444005277952975
1 0.374384 0.457936 0.04212640000000001 0.06286920000000001 0.42304843607158266
1 0.548881 0.45404 0.03892309999999999 0.05476439999999999 0.40912084570805457
1 0.402616 0.454013 0.039410800000000024 0.045284500000000005 0.40256271963013807
1 0.591172 0.5064649999999999 0.0884296 0.14018699999999995 0.42845903914460726
1 0.533704 0.438737 0.031814099999999956 0.04664950000000001 0.3923083953522127
1 0.466056 0.43303 0.025511600000000023 0.02989130000000001 0.20544262005623062
1 0.44677 0.44921200000000006 0.014577799999999974 0.025897400000000015 0.06342506567669136
1 0.583118 0.516306 0.06578039999999996 0.11684699999999998 0.13871935563285565
1 0.547794 0.44849300000000003 0.03760300000000005 0.0342305 0.08796246485701617
1 0.46802 0.4320109999999999 0.02415830000000002 0.025177799999999972 0.10239487757868326
1 0.40687300000000004 0.452922 0.03330470000000002 0.042257199999999995 0.12850263883321336
1 0.5327 0.437072 0.024685100000000015 0.0423384 0.10944191476126545
