1 0.49868300000000004 0.450986 0.053160500000000055 0.09517880000000001 0.4200791858982536
1 0.224353 0.43923100000000004 0.040401999999999993 0.04625410000000002 0.4081654938218877
1 0.474302 0.42924000000000007 0.017063300000000003 0.025061900000000026 0.29619852794850476
1 0.167155 0.44331600000000004 0.0445276 0.03647220000000001 0.21929476500236927
1 0.598066 0.429832 0.03673269999999995 0.02204440000000002 0.21051004395877612
1 0.44269099999999995 0.43135099999999993 0.023247399999999974 0.028399699999999972 0.1247396868421925
1 0.0872872 0.4500799999999999 0.021789799999999998 0.023137499999999978 0.049647613066542674
1 0.0271196 0.484839 0.026774099999999995 0.010083200000000014 0.043923085441192826
1 0.220645 0.422542 0.026473999999999998 0.010247100000000009 0.047140289794840806
1 0.473151 0.42830100000000004 0.010869899999999988 0.026351100000000016 0.058253839289231675
1 0.22257299999999997 0.43714 0.0387371 0.042139800000000005 0.3362453805200189
