1 0.889899 0.449322 0.08492200000000005 0.055937000000000014 0.4231241120491234
1 0.764797 0.437411 0.08462539999999996 0.046315300000000004 0.40214122736735014
1 0.604998 0.446141 0.029161299999999946 0.043026200000000014 0.3974034525310065
1 0.586241 0.408362 0.04803729999999995 0.10710400000000003 0.3931174403484673
1 0.9653509999999998 0.460012 0.06929799999999997 0.06351620000000002 0.3063272031568732
1 0.5595029999999999 0.432057 0.01765709999999998 0.023880000000000012 0.21572410132261283
1 0.818468 0.43966399999999994 0.10821599999999998 0.058422699999999994 0.4207368789394266
1 0.708575 0.43645199999999995 0.04973720000000004 0.03737269999999998 0.12040244896384021
1 0.7428650000000001 0.4393210000000001 0.056016900000000036 0.0322655 0.3164847349946144
1 0.510473 0.4227679999999999 0.012289600000000012 0.029711199999999993 0.051649474570297116
1 0.6958309999999999 0.43204299999999995 0.028408499999999948 0.03314719999999999 0.09883933486853251
1 0.755899 0.44787 0.042723999999999984 0.02386539999999998 0.045273448900332594
1 0.949778 0.458291 0.10011700000000001 0.0572916 0.3421301431444631
1 0.5845610000000001 0.39878 0.03596710000000003 0.08961839999999999 0.12252577765656407
1 0.803338 0.439073 0.07505260000000002 0.05395099999999997 0.13848613821688488
1 0.882052 0.452793 0.0715405 0.04795280000000002 0.13833758407337854
1 0.605343 0.443855 0.02710760000000001 0.03956080000000001 0.3431744780817633
1 0.5586800000000001 0.43186499999999994 0.015101900000000001 0.022732299999999983 0.08135731330469438
