1 0.399808 0.45555100000000004 0.07622830000000003 0.07131530000000003 0.42909884513654334
1 0.0561589 0.488612 0.1123178 0.11549200000000004 0.4275536792678462
1 0.250436 0.44503500000000007 0.06749040000000003 0.045296100000000006 0.40604656645074466
1 0.641864 0.43728599999999995 0.025333599999999956 0.026346499999999995 0.38229256506411297
1 0.588443 0.440018 0.025402099999999983 0.037434599999999985 0.3820696649120836
1 0.45155200000000006 0.443855 0.0658319 0.037729100000000015 0.40849021256188095
1 0.6013580000000001 0.4283 0.024403300000000017 0.02399770000000001 0.3408354299980983
1 0.941241 0.62698 0.11668900000000004 0.40461199999999997 0.14735721255771075
1 0.6383480000000001 0.434046 0.02805420000000003 0.03192010000000001 0.29875482269611336
1 0.5880619999999999 0.44619200000000003 0.02411719999999995 0.0214646 0.04828277187307815
1 0.458941 0.44419999999999993 0.049671699999999985 0.03479769999999999 0.14042379411624253
1 0.25128 0.442005 0.0698915 0.047433999999999976 0.3010285935114607
1 0.6024420000000001 0.42952100000000004 0.022831500000000005 0.026021200000000022 0.2562893914400358
