1 0.607367 0.467295 0.05612320000000004 0.07844049999999997 0.4327592692380785
1 0.502602 0.433836 0.04848879999999994 0.03131909999999999 0.4069051448141169
1 0.376613 0.436781 0.042596999999999996 0.04069469999999997 0.3350041377918418
1 0.555116 0.44728500000000004 0.02648870000000003 0.036586300000000016 0.31961067128532705
1 0.41996999999999995 0.439366 0.034052099999999974 0.030499900000000024 0.2802588206683557
1 0.582854 0.43462899999999993 0.02951859999999995 0.030347599999999975 0.2964929762974818
1 0.555299 0.445298 0.02070099999999997 0.025979399999999986 0.04121685068920279
1 0.5830119999999999 0.43604 0.020479299999999978 0.03411750000000002 0.1118161058238504
1 0.505727 0.43408 0.033758399999999966 0.026980899999999974 0.045975461648406525
1 0.37272799999999995 0.434982 0.04895719999999998 0.03540890000000002 0.33347697312740165
1 0.419944 0.441137 0.0338562 0.023563 0.130357205126881
2 0.5840830000000001 0.439372 0.01874790000000004 0.04451749999999999 0.2008608004735458
