1 0.483491 0.497385 0.11684000000000005 0.206214 0.4408419222817263
1 0.591472 0.47483699999999995 0.07998850000000002 0.09420069999999997 0.4374502625610332
1 0.436955 0.442128 0.04120459999999998 0.04445460000000001 0.373446731253023
1 0.31494599999999995 0.42686599999999997 0.022440599999999977 0.02150829999999998 0.2538814385922536
1 0.40693099999999993 0.425972 0.02563589999999999 0.0239414 0.245899744191818
1 0.346202 0.425332 0.018890200000000024 0.022895600000000016 0.1934297213482121
1 0.291013 0.427036 0.02122360000000001 0.017624399999999985 0.14436921212922754
1 0.43087999999999993 0.4534020000000001 0.012001399999999995 0.060936500000000005 0.04295937190853091
1 0.410875 0.43061000000000005 0.029991199999999996 0.01867740000000001 0.09612491704931544
1 0.426418 0.440204 0.035958500000000004 0.04373830000000001 0.2276732423218586
1 0.3466159999999999 0.427741 0.0169609 0.019550599999999974 0.07691642566724839
1 0.291405 0.43014700000000006 0.021871299999999982 0.01665040000000001 0.04068023031912162
1 0.314642 0.428863 0.02398149999999999 0.019550699999999976 0.112683825683272
1 0.592536 0.479789 0.07719900000000002 0.08015930000000004 0.14842699123096936
