1 0.131067 0.490659 0.10083600000000001 0.11541199999999996 0.4407368931977454
1 0.36183 0.440979 0.03281909999999999 0.04344579999999998 0.42442115243994427
1 0.5755540000000001 0.453471 0.03943730000000001 0.0508383 0.4223710214120202
1 0.499195 0.442789 0.028165899999999966 0.03712530000000003 0.40936942982821894
1 0.05287139999999999 0.515243 0.10558199999999998 0.17277000000000003 0.38029059147644206
1 0.5482660000000001 0.44108 0.021511100000000005 0.016808099999999992 0.0511276466678956
1 0.5501479999999999 0.444794 0.023102999999999985 0.013759999999999994 0.049863992248027025
1 0.141176 0.495194 0.08274540000000001 0.10170300000000004 0.14845893666649032
1 0.576883 0.45297 0.03799129999999995 0.04539589999999999 0.3416654864619298
1 0.500377 0.442858 0.028378199999999965 0.03474949999999999 0.34027989546926085
1 0.36241900000000005 0.440326 0.03353820000000002 0.04681970000000002 0.35035380469303595
