1 0.8943320000000001 0.475925 0.14057200000000003 0.11023499999999997 0.442548988878132
1 0.17960399999999999 0.483113 0.0808903 0.10600699999999996 0.440008569244201
1 0.243028 0.46251299999999995 0.0510158 0.06950059999999997 0.426775363304896
1 0.303018 0.444747 0.03815000000000002 0.0536161 0.42204217489143375
1 0.555623 0.436034 0.04943620000000004 0.029119600000000023 0.3821068149374218
1 0.33855 0.4298120000000001 0.0246865 0.022654200000000013 0.27919201462919524
1 0.33194 0.441566 0.022300299999999995 0.021426400000000012 0.09135890985627187
1 0.5528039999999999 0.43535599999999997 0.04493709999999995 0.02734209999999998 0.2928216900727497
1 0.179924 0.483931 0.08017760000000002 0.08718010000000004 0.13919507509876633
1 0.241967 0.460229 0.049421999999999994 0.06403920000000002 0.35000112265367056
