1 0.856657 0.470285 0.126371 0.09742700000000004 0.4408084413946931
1 0.199124 0.478626 0.07266699999999998 0.09610929999999995 0.4358381349182696
1 0.306062 0.445723 0.036463899999999994 0.047512900000000025 0.4190169703589534
1 0.25328 0.459507 0.046654100000000004 0.06549860000000002 0.420127801980795
1 0.367454 0.4405800000000001 0.031084600000000018 0.04464030000000002 0.41150807881775137
1 0.335059 0.433523 0.020754300000000003 0.025194700000000014 0.2673701082860449
1 0.5473540000000001 0.428264 0.04739400000000005 0.028622900000000007 0.22956287227330727
1 0.9832270000000001 0.452623 0.0318659 0.0173219 0.05399958853123327
1 0.304938 0.44174500000000005 0.03609459999999998 0.04635050000000002 0.2848791077304962
1 0.332881 0.434933 0.023102999999999985 0.024769299999999994 0.10671333394107849
1 0.253126 0.459766 0.04967440000000001 0.06852540000000001 0.3447596429282417
1 0.367201 0.438243 0.030006199999999983 0.03923359999999998 0.135602393852739
