1 0.897663 0.509736 0.10495900000000002 0.12607199999999996 0.4408162383135913
1 0.116964 0.45184099999999994 0.116642 0.09467379999999997 0.4381662031727981
1 0.4895999999999999 0.443559 0.09272169999999996 0.06035259999999998 0.4369787782888394
1 0.29781 0.463528 0.11890099999999998 0.06910669999999997 0.4259475139748283
1 0.7318120000000001 0.451009 0.07925400000000005 0.0463479 0.41341694802093254
1 0.854123 0.448123 0.0714245 0.06882080000000002 0.4141640763082901
1 0.07154930000000001 0.45015700000000003 0.07693340000000001 0.055690300000000026 0.4172649568183113
1 0.169264 0.440783 0.098752 0.06291950000000002 0.42777245163928235
1 0.276425 0.442726 0.08172939999999998 0.0500178 0.4055310525188908
1 0.331151 0.449732 0.09390100000000001 0.05459839999999999 0.40761466443384814
1 0.275883 0.43739 0.04646309999999998 0.03529939999999998 0.12272098710395164
1 0.191981 0.4424870000000001 0.051660999999999985 0.059120000000000006 0.1364655500785147
1 0.0614773 0.452152 0.05403240000000001 0.0471722 0.10955962503599292
1 0.852597 0.44654499999999997 0.06277500000000003 0.06261909999999998 0.14017893156614097
