1 0.7279675900936127 0.4985470026731491 0.09614652395248413 0.12152114510536194 0.20287306606769562
1 0.87884721159935 0.5603848695755005 0.21892160177230835 0.2303016185760498 0.18105950206518173
2 0.0932852141559124 0.467872679233551 0.034334905445575714 0.10222029685974121 0.16814174875617027
1 0.01708193906233646 0.4472126215696335 0.03401399328140542 0.06426987051963806 0.16469543427228928
1 0.9489724636077881 0.4626048058271408 0.10154426097869873 0.09703627228736877 0.10177724808454514
1 0.49997667968273163 0.4328598231077194 0.052645355463027954 0.03430953621864319 0.10026275366544724
0 0.7371794581413269 0.4552375227212906 0.01631033420562744 0.08349147439002991 0.08927156031131744
0 0.6511691212654114 0.442337229847908 0.012469768524169922 0.053491801023483276 0.08639893680810928
1 0.6645519137382507 0.4379667788743973 0.03724944591522217 0.03361526131629944 0.08626487851142883
0 0.7544400990009308 0.4650278240442276 0.025050580501556396 0.1041615903377533 0.08367331326007843
1 0.021566900000000003 0.437663 0.042001800000000006 0.0309392 0.0475250625
1 0.07326580000000002 0.43672 0.03695230000000001 0.0297172 0.0455194375
1 0.0865025 0.435794 0.052877299999999995 0.03501710000000002 0.027260875
0 0.456714 0.434036 0.010625800000000019 0.03739100000000001 0.02698025
1 0.0358009 0.439292 0.013639199999999997 0.01840130000000001 0.0235471875
