1 0.2628811225295067 0.43214426934719086 0.053751662373542786 0.03302833437919617 0.22137287259101868
1 0.19867964833974838 0.43849828839302063 0.06433497369289398 0.03553414344787598 0.2153521031141281
1 0.4104461967945099 0.46105335652828217 0.07316607236862183 0.08407559990882874 0.20259493589401245
1 0.9488027989864349 0.45519307255744934 0.09241431951522827 0.06239950656890869 0.16513612121343613
1 0.5056827515363693 0.4654618352651596 0.059302955865859985 0.0855129063129425 0.11241994053125381
1 0.4305386543273926 0.44908101856708527 0.05630314350128174 0.08037522435188293 0.10851268470287323
2 0.5088021904230118 0.4752306193113327 0.04012581706047058 0.13997676968574524 0.09704418480396271
1 0.11619599999999998 0.689735 0.23239099999999996 0.5295320000000001 0.059703875
1 0.447153 0.45296800000000004 0.03499059999999998 0.051933300000000016 0.044231875
1 0.401069 0.47858199999999995 0.03903260000000003 0.029323299999999997 0.0371119375
1 0.482622 0.437876 0.06159939999999997 0.047180200000000005 0.0314604375
2 0.505875 0.440317 0.02259140000000004 0.069295 0.0156479375
