1 0.4105338454246521 0.44386205077171326 0.03592514991760254 0.05198371410369873 0.2195901870727539
1 0.5630549490451813 0.47245775163173676 0.08725982904434204 0.12033286690711975 0.17923224717378616
1 0.5166867077350616 0.43241913616657257 0.020044028759002686 0.025278359651565552 0.10606493800878525
1 0.5430926084518433 0.45246995985507965 0.04819166660308838 0.07239493727684021 0.07216224819421768
1 0.42740070819854736 0.43711984157562256 0.02898252010345459 0.03957778215408325 0.06928731501102448
1 0.433798 0.446936 0.01659630000000001 0.022664899999999988 0.0487151875
1 0.469865 0.426611 0.01224160000000002 0.018744399999999994 0.0435384375
1 0.443804 0.438857 0.015025899999999981 0.023372700000000024 0.0392908125
1 0.522445 0.43983 0.01610659999999997 0.02791189999999999 0.0300836875
1 0.450067 0.430075 0.026498999999999995 0.022504599999999986 0.0194164375
1 0.438637 0.432413 0.027813399999999988 0.02975430000000001 0.017539125
