1 0.036412078712601215 0.4437834322452545 0.07014266436453909 0.058010637760162354 0.21809910237789154
1 0.14474187046289444 0.4395419657230377 0.04454369843006134 0.045965492725372314 0.19008025527000427
1 0.4792020320892334 0.4322594553232193 0.02338200807571411 0.025332123041152954 0.16524536907672882
0 0.1740386039018631 0.44030122458934784 0.011172324419021606 0.05272439122200012 0.09277594089508057
1 0.5077891498804092 0.4309017211198807 0.01577576994895935 0.01694527268409729 0.07903499901294708
1 0.054469505324959755 0.44354452192783356 0.04578825458884239 0.036374062299728394 0.05851775035262108
1 0.44875115156173706 0.43347279727458954 0.0194777250289917 0.02133890986442566 0.04794156178832054
0 0.288893 0.426547 0.008318040000000027 0.036402900000000016 0.0471698125
1 0.611414 0.424432 0.02220080000000002 0.01842189999999999 0.0352856875
1 0.0682089 0.44545899999999994 0.019552299999999995 0.03238849999999999 0.028815375
