1 0.5606639683246613 0.44813740253448486 0.04146009683609009 0.05842965841293335 0.2279518097639084
1 0.14130250737071037 0.5107318013906479 0.12561220675706863 0.1525609791278839 0.18029549717903137
1 0.27663060277700424 0.4699585884809494 0.09919233620166779 0.11187401413917542 0.1775747537612915
1 0.3579087406396866 0.4547439217567444 0.043960899114608765 0.05787765979766846 0.1617298722267151
1 0.43060140311717987 0.4347192347049713 0.026650041341781616 0.03576713800430298 0.1598176248371601
0 0.05687140300869942 0.5028487890958786 0.02288060635328293 0.10797777771949768 0.11487980931997299
2 0.5445696115493774 0.4338594675064087 0.020661234855651855 0.054837167263031006 0.08079393580555916
1 0.5235470831394196 0.42691805958747864 0.01641637086868286 0.021433711051940918 0.07527156174182892
1 0.470006 0.429514 0.018368700000000016 0.02348450000000002 0.049147
1 0.5461660000000002 0.435872 0.024730800000000053 0.05276930000000002 0.028305375
