1 0.9008348286151886 0.5900011360645294 0.1981012225151062 0.24376314878463745 0.1794663704931736
1 0.5313791930675507 0.4404193013906479 0.0465359091758728 0.05074766278266907 0.15730856359004974
1 0.014053734416847874 0.43847014009952545 0.02805793578409066 0.037811487913131714 0.13158399984240532
0 0.7893870770931244 0.4627801924943924 0.02672356367111206 0.11163339018821716 0.1119915023446083
0 0.7320001125335693 0.45951955020427704 0.015974998474121094 0.07884731888771057 0.10275062173604965
0 0.6638025045394897 0.44753818213939667 0.01600658893585205 0.06910178065299988 0.1011795625090599
0 0.696155309677124 0.4393794983625412 0.009955167770385742 0.04827490448951721 0.08011193573474884
1 0.342936 0.440431 0.0828953 0.05273800000000001 0.053163
1 0.67126 0.443387 0.032878900000000044 0.03630129999999998 0.0387490625
1 0.0821081 0.43952099999999994 0.018807400000000002 0.015192499999999998 0.035278625
1 0.445463 0.425141 0.0228796 0.012285199999999996 0.0256548125
0 0.36680899999999994 0.42171 0.008405209999999996 0.03767609999999999 0.025545
1 0.368896 0.425196 0.021038 0.012186699999999995 0.019501375
