1 0.36394792795181274 0.4517037272453308 0.0514712929725647 0.07444489002227783 0.2344231903553009
2 0.22056730091571808 0.5239498615264893 0.08264365792274475 0.22142243385314941 0.1653449982404709
1 0.42930081486701965 0.4379403591156006 0.031336426734924316 0.042734503746032715 0.15199312940239906
0 0.1835118979215622 0.6696628630161285 0.1376599371433258 0.4957738518714905 0.10799787193536758
1 0.5011804550886154 0.4409720450639725 0.023278623819351196 0.031049340963363647 0.10347387939691544
1 0.5195325016975403 0.43167975544929504 0.02937459945678711 0.029169678688049316 0.10042344033718109
1 0.480607 0.433303 0.024193599999999982 0.03876459999999998 0.051659875
1 0.4034440219402313 0.43369609117507935 0.02408498525619507 0.02327096462249756 0.03355743736028671
1 0.449306 0.425056 0.03570770000000001 0.01890900000000001 0.0255514375
1 0.458816 0.4218970000000001 0.021999099999999994 0.01575500000000002 0.0242476875
1 0.379057 0.430418 0.021154600000000023 0.024609199999999998 0.0212490625
1 0.459321 0.427832 0.02015290000000003 0.018437399999999993 0.0161214375
