1 0.26406218856573105 0.5417016893625259 0.16289259493350983 0.18365511298179626 0.18107162788510323
1 0.3569022864103317 0.4394264221191406 0.03851398825645447 0.043112993240356445 0.16389499604701996
1 0.2543468400835991 0.42909395694732666 0.015706494450569153 0.01920914649963379 0.13529975339770317
1 0.4057023525238037 0.4413626492023468 0.0323939323425293 0.033669471740722656 0.13149262592196465
1 0.32314321398735046 0.4368083029985428 0.023977696895599365 0.023564249277114868 0.12000712752342224
0 0.829020082950592 0.5089704692363739 0.023670196533203125 0.0943945050239563 0.11288462579250336
1 0.29747529327869415 0.44442231953144073 0.02805832028388977 0.03858521580696106 0.11021993681788445
0 0.4360474646091461 0.43651343882083893 0.0080832839012146 0.0400560200214386 0.10094056278467178
1 0.2326967641711235 0.42371411621570587 0.01844380795955658 0.011797577142715454 0.06354974955320358
0 0.20705737173557281 0.4344397485256195 0.010709166526794434 0.04578357934951782 0.05021100118756294
2 0.967141 0.491251 0.06472719999999998 0.07943600000000006 0.0490868125
0 0.086336 0.45910800000000007 0.0189869 0.10059800000000002 0.0489259375
1 0.29695000000000005 0.441646 0.025381700000000007 0.020162300000000022 0.03756925
1 0.288424 0.434459 0.02857949999999998 0.0299296 0.0362535625
1 0.967188 0.491021 0.06483970000000006 0.08011800000000002 0.0215741875
2 0.207121 0.4314779999999999 0.011984099999999998 0.03235729999999998 0.0197546875
1 0.192468 0.424659 0.017160200000000014 0.014770799999999973 0.015681875
