1 0.7038544714450836 0.5174443274736404 0.13642364740371704 0.19111213088035583 0.18053699657320976
1 0.16786283627152443 0.49916814267635345 0.1620812937617302 0.17962542176246643 0.17924606055021286
1 0.07504868546675425 0.5560334771871567 0.1494321815262083 0.19020786881446838 0.17179400101304054
1 0.558377206325531 0.4454643577337265 0.039025068283081055 0.06052151322364807 0.16465656459331512
1 0.4074612110853195 0.4387515038251877 0.030874818563461304 0.03876975178718567 0.15399299561977386
1 0.6413438022136688 0.4790772497653961 0.0842248797416687 0.12084060907363892 0.15191955864429474
1 0.5932943522930145 0.4618508815765381 0.058425962924957275 0.08945667743682861 0.14727900177240372
1 0.4279176741838455 0.4376119524240494 0.02829006314277649 0.03654196858406067 0.05603725090622902
1 0.501145 0.42190099999999997 0.014313299999999973 0.026145099999999977 0.0357558125
1 0.531432 0.43834700000000004 0.017059500000000005 0.03204570000000001 0.0313141875
1 0.5221800000000001 0.427866 0.016647100000000026 0.020113099999999995 0.0265985
1 0.465866 0.426058 0.01239990000000002 0.01367649999999998 0.02653725
