1 0.49883314967155457 0.4838983416557312 0.0844927430152893 0.13445687294006348 0.17934724688529968
1 0.8786664009094238 0.4551668018102646 0.08363556861877441 0.053722530603408813 0.1715841293334961
1 0.48287369310855865 0.44703471660614014 0.08221456408500671 0.07447052001953125 0.1236918494105339
0 0.7033107280731201 0.46915076673030853 0.027350544929504395 0.12586477398872375 0.11429949849843979
0 0.628398597240448 0.44827598333358765 0.016989707946777344 0.08010441064834595 0.1086333766579628
0 0.25770002603530884 0.44665035605430603 0.013261616230010986 0.07001161575317383 0.08978668600320816
1 0.44401633739471436 0.4458068311214447 0.032655417919158936 0.04356813430786133 0.08103381097316742
1 0.436964 0.451719 0.015108100000000013 0.03212550000000003 0.0406478125
1 0.5398150000000002 0.464617 0.015529400000000027 0.04353079999999998 0.040370625
0 0.6518379999999999 0.46080200000000004 0.010952799999999985 0.044225000000000014 0.0367759375
1 0.434825 0.428246 0.024947700000000017 0.027099800000000007 0.01869775
0 0.33254300000000003 0.434412 0.005946920000000022 0.02976869999999998 0.0177573125
0 0.41501999999999994 0.428718 0.006789019999999979 0.030215199999999998 0.0166728125
