1 0.5633116364479065 0.471961185336113 0.07379567623138428 0.08152428269386292 0.23544800281524658
1 0.45303504168987274 0.44896699488162994 0.03417012095451355 0.04267820715904236 0.22205668687820435
1 0.4146525412797928 0.4417094588279724 0.03586426377296448 0.039695024490356445 0.21867124736309052
1 0.30207599699497223 0.4397038221359253 0.025867968797683716 0.03529047966003418 0.16191355884075165
1 0.39157916605472565 0.43446996808052063 0.01930585503578186 0.025234520435333252 0.13797993957996368
0 0.7543150782585144 0.48659272491931915 0.023994803428649902 0.13193568587303162 0.1123051866889
1 0.3248749375343323 0.4268941730260849 0.017898976802825928 0.019997864961624146 0.051099810749292374
1 0.2696826010942459 0.4286168962717056 0.023444384336471558 0.01656094193458557 0.0503697507083416
1 0.3534514456987381 0.4326752871274948 0.019703835248947144 0.020044177770614624 0.04437531158328056
1 0.342078 0.427659 0.024645699999999993 0.018962900000000005 0.0291276875
1 0.29195899999999997 0.428193 0.01352239999999999 0.017876000000000003 0.026335625
0 0.438418 0.430434 0.005762099999999992 0.028616299999999983 0.017255625
