1 0.22684121504426003 0.5389387458562851 0.21963565796613693 0.27841153740882874 0.1819651834666729
1 0.4550214409828186 0.43823403120040894 0.024216115474700928 0.0358394980430603 0.11174424737691879
0 0.6645350456237793 0.4754566252231598 0.021836161613464355 0.10755282640457153 0.11163824796676636
0 0.5800005793571472 0.4431998282670975 0.010122895240783691 0.051116734743118286 0.10467900335788727
0 0.4047294110059738 0.4309190511703491 0.007281512022018433 0.0332069993019104 0.09884124994277954
0 0.37770991027355194 0.4368772357702255 0.007879465818405151 0.04098954796791077 0.07067625224590302
1 0.455399 0.444578 0.01947270000000001 0.02029320000000001 0.05278625
0 0.55794 0.43324000000000007 0.006502910000000028 0.03141290000000002 0.0340544375
1 0.49990900000000005 0.428157 0.014253200000000021 0.01994659999999998 0.028452875
1 0.456254 0.42978400000000005 0.01672499999999999 0.022351100000000013 0.0275765625
1 0.46867000000000003 0.427721 0.01704040000000001 0.022658100000000014 0.01867725
