1 0.7403044700622559 0.4896452724933624 0.07745003700256348 0.1139879822731018 0.1765567548573017
1 0.814850926399231 0.4546126425266266 0.05749952793121338 0.08272445201873779 0.17437543720006943
1 0.869410365819931 0.44375282526016235 0.031021296977996826 0.035394251346588135 0.15985894203186035
1 0.6925095319747925 0.4329417496919632 0.034766197204589844 0.032161444425582886 0.15949781611561775
1 0.01199090061163588 0.4844227731227875 0.023959604102856247 0.13543111085891724 0.12894337624311447
1 0.9866468012332916 0.46067698299884796 0.026362717151641846 0.07807716727256775 0.09966693818569183
1 0.7414858937263489 0.44117045402526855 0.03250002861022949 0.04633122682571411 0.09649243950843811
1 0.8469948172569275 0.4401494860649109 0.031162261962890625 0.035172343254089355 0.08614356070756912
1 0.741564 0.427433 0.023405099999999956 0.013770500000000019 0.044719875
1 0.7303308248519897 0.46416039764881134 0.05170297622680664 0.07387182116508484 0.03687981143593788
1 0.79801 0.430094 0.02680210000000005 0.029209600000000002 0.0262850625
1 0.84969 0.437501 0.02061500000000005 0.02605780000000002 0.022846
1 0.7155389999999999 0.43595 0.012874799999999964 0.013110999999999984 0.017968625
