1 0.7812408804893494 0.4434405565261841 0.10506641864776611 0.06274056434631348 0.21107780933380127
1 0.3488950580358505 0.4590880572795868 0.04775473475456238 0.05322682857513428 0.16862187534570694
1 0.8355218768119812 0.45612791180610657 0.10879981517791748 0.06762057542800903 0.16528837010264397
1 0.4992699921131134 0.44015975296497345 0.028192579746246338 0.03723916411399841 0.16429999843239784
1 0.4299609810113907 0.4117663949728012 0.03881630301475525 0.07035931944847107 0.1455736868083477
1 0.8824424743652344 0.4369412511587143 0.0672224760055542 0.046447545289993286 0.10306424647569656
1 0.9502557218074799 0.4450006037950516 0.06798726320266724 0.042953819036483765 0.10272481292486191
1 0.9846064746379852 0.450478196144104 0.03065711259841919 0.037727296352386475 0.07949418760836124
1 0.4794161319732666 0.42554473876953125 0.012975752353668213 0.01840829849243164 0.05194393917918205
1 0.500095 0.41594 0.018734500000000043 0.024092800000000025 0.0328065625
1 0.58567 0.428353 0.02170939999999999 0.0215669 0.0325496875
1 0.666644 0.432516 0.02276100000000003 0.025778699999999988 0.0205335625
