1 0.10101623460650444 0.5197687745094299 0.16519669443368912 0.16538774967193604 0.19927549362182617
1 0.4102563112974167 0.46573100984096527 0.05718734860420227 0.06519892811775208 0.17371118813753128
2 0.36010564863681793 0.4837540537118912 0.034324437379837036 0.12416943907737732 0.14817693829536438
1 0.6688375473022461 0.4354342818260193 0.05737602710723877 0.036549925804138184 0.11091712862253189
1 0.6484456956386566 0.43261073529720306 0.05850309133529663 0.033462852239608765 0.1061079353094101
1 0.7407845556735992 0.4308076351881027 0.04887157678604126 0.026865273714065552 0.10290031135082245
1 0.7765280902385712 0.4350585639476776 0.049221932888031006 0.027050495147705078 0.10058137774467468
1 0.499227 0.4184300000000001 0.016219699999999948 0.027472400000000008 0.0444469375
1 0.571006178855896 0.42814701795578003 0.027399301528930664 0.019394397735595703 0.0408991239964962
1 0.130057 0.87049775 0.260114 0.25900449999999997 0.0268810625
1 0.5583370000000001 0.427426 0.020775600000000005 0.015550100000000011 0.0177089375
1 0.733057 0.43294199999999994 0.029418399999999956 0.020810099999999998 0.0171328125
