1 0.3829140067100525 0.48236241936683655 0.07168459892272949 0.08816343545913696 0.22892062366008759
1 0.653481513261795 0.4397527426481247 0.036050498485565186 0.03184768557548523 0.2198527455329895
1 0.5268815755844116 0.43811890482902527 0.06467187404632568 0.04053753614425659 0.16591568291187286
1 0.4605570286512375 0.43406349420547485 0.02461192011833191 0.034242987632751465 0.16244981065392494
1 0.8352917730808258 0.4380524307489395 0.06580919027328491 0.038201481103897095 0.13046744093298912
1 0.213200144469738 0.4466755837202072 0.05856753885746002 0.03989008069038391 0.10049893707036972
1 0.30421 0.439982 0.07138240000000001 0.04777100000000001 0.044855125
1 0.331399 0.440489 0.040206699999999984 0.026641000000000026 0.04123825
1 0.483965 0.42496899999999993 0.010448500000000027 0.016255799999999987 0.023375625
2 0.357932 0.505457 0.019932100000000008 0.04001159999999998 0.020678125
