1 0.30749091506004333 0.46047481894493103 0.07258617877960205 0.0800066590309143 0.1781735010445118
1 0.9229985177516937 0.49243244528770447 0.09718888998031616 0.11766320466995239 0.17801793292164803
1 0.6612928807735443 0.46370673179626465 0.05272465944290161 0.05919516086578369 0.1736990623176098
1 0.8766838908195496 0.47225436568260193 0.05608069896697998 0.0779452919960022 0.16479481011629105
1 0.3424273878335953 0.4378773719072342 0.03128787875175476 0.04420432448387146 0.14940844103693962
1 0.3737645894289017 0.4336218684911728 0.038595765829086304 0.02752402424812317 0.14770637825131416
0 0.19489184767007828 0.46484072506427765 0.016488775610923767 0.08742496371269226 0.09695862233638763
0 0.9142593145370483 0.4460402876138687 0.014859795570373535 0.0726754367351532 0.08272162824869156
0 0.9545669999999999 0.452121 0.013050099999999953 0.061156900000000014 0.042485875
1 0.880865 0.444072 0.04753879999999999 0.05025869999999999 0.031746125
1 0.7000710000000001 0.424711 0.024117300000000008 0.011424400000000001 0.0252185
0 0.6224050000000001 0.434216 0.009117130000000029 0.04321140000000001 0.0191665
1 0.981033 0.47728799999999993 0.026492700000000036 0.011271199999999981 0.0160379375
1 0.715522 0.456287 0.023212800000000033 0.009820639999999992 0.015675125
