1 0.5222873538732529 0.46801047027111053 0.06673040986061096 0.07392707467079163 0.20783093571662903
1 0.3797309249639511 0.4406422972679138 0.031052500009536743 0.039807915687561035 0.19955287873744965
1 0.43464119732379913 0.5000765472650528 0.09632542729377747 0.16600820422172546 0.1791822463274002
1 0.29544612765312195 0.4291142672300339 0.022398948669433594 0.022875934839248657 0.1337766833603382
1 0.27305181324481964 0.4391634464263916 0.02069416642189026 0.027487337589263916 0.12011818215250969
2 0.34595735371112823 0.4453520178794861 0.011612743139266968 0.044071197509765625 0.11216568946838379
0 0.698518842458725 0.4780759811401367 0.024960458278656006 0.11886942386627197 0.11192143708467484
1 0.2600671052932739 0.42765453457832336 0.022970378398895264 0.01866292953491211 0.1107383742928505
1 0.3594392091035843 0.43311141431331635 0.02450081706047058 0.027058929204940796 0.10290137678384781
1 0.4076560139656067 0.46239592134952545 0.05245041847229004 0.07476481795310974 0.10095775127410889
0 0.9461694359779358 0.534167155623436 0.10766112804412842 0.2670116722583771 0.0991729348897934
1 0.2352161779999733 0.42820359766483307 0.018827125430107117 0.016640573740005493 0.07358443737030029
1 0.33801475167274475 0.42975573241710663 0.018084466457366943 0.01897910237312317 0.06776237487792969
1 0.390384 0.464702 0.018006999999999995 0.06831730000000003 0.0458148125
