1 0.7279388904571533 0.45600326359272003 0.08529770374298096 0.05070999264717102 0.22605668008327484
1 0.4449472874403 0.44130298495292664 0.03794106841087341 0.05268758535385132 0.1715477518737316
1 0.4992719739675522 0.430223286151886 0.01871529221534729 0.031807005405426025 0.16029812023043633
1 0.47275885939598083 0.4287642538547516 0.02026200294494629 0.022296786308288574 0.1130889393389225
1 0.047908056527376175 0.45163218677043915 0.09581611305475235 0.06954297423362732 0.11173762381076813
2 0.8764592707157135 0.4471059590578079 0.038954198360443115 0.0596257746219635 0.1113959401845932
0 0.2670697271823883 0.4629463851451874 0.01466357707977295 0.07283520698547363 0.10623518377542496
0 0.5886547565460205 0.445060670375824 0.009093046188354492 0.048848092555999756 0.10486306250095367
1 0.9730166792869568 0.4430316239595413 0.05388486385345459 0.059288591146469116 0.09075818955898285
0 0.40446726977825165 0.4322340041399002 0.006230682134628296 0.03447440266609192 0.08391156047582626
0 0.564955860376358 0.43700110912323 0.007277548313140869 0.038236021995544434 0.06417124718427658
1 0.6910510000000001 0.461175 0.02195720000000001 0.022648500000000016 0.03931725
1 0.6237950000000001 0.444149 0.025313800000000053 0.020249799999999984 0.0352618125
2 0.87541 0.46453900000000004 0.038458299999999945 0.026483800000000002 0.0312091875
1 0.292653 0.462443 0.010960999999999999 0.011199999999999988 0.0231441875
1 0.763707 0.457707 0.015526499999999999 0.028779100000000002 0.0172115625
