1 0.4986579865217209 0.4966958910226822 0.0761517584323883 0.12197384238243103 0.17791131511330605
1 0.4645356833934784 0.4338955283164978 0.023070216178894043 0.03038156032562256 0.12923256307840347
0 0.7738660871982574 0.4887608736753464 0.03434175252914429 0.17015185952186584 0.11846931278705597
0 0.6390133500099182 0.4574897289276123 0.017772316932678223 0.08837628364562988 0.11169537156820297
1 0.499247282743454 0.45114174485206604 0.04853266477584839 0.08656489849090576 0.11013062298297882
2 0.4364178329706192 0.44463150203227997 0.017717212438583374 0.06435957551002502 0.10997950285673141
0 0.3248628079891205 0.4524906873703003 0.011073410511016846 0.060937345027923584 0.10191812366247177
0 0.3353416621685028 0.4514235556125641 0.012267112731933594 0.06173986196517944 0.10181750357151031
1 0.499475 0.42553 0.03569620000000001 0.030576900000000018 0.03973475
1 0.475716 0.427259 0.015381199999999984 0.02409870000000003 0.0356339375
1 0.9894349999999998 0.535175 0.02019749999999998 0.11899799999999999 0.0309665
2 0.437898 0.455468 0.01353399999999999 0.03873389999999999 0.0248413125
