1 0.4988704174757004 0.4422105699777603 0.038778096437454224 0.05311855673789978 0.18603980541229248
1 0.497980535030365 0.5473385602235794 0.12253952026367188 0.19848176836967468 0.18189437314867973
1 0.12538201626284717 0.6297419369220734 0.2507067120841384 0.3541322350502014 0.18034149706363678
1 0.43282122910022736 0.4438135623931885 0.04121103882789612 0.06727039813995361 0.1712755635380745
1 0.3724564015865326 0.43409769237041473 0.03581690788269043 0.020276039838790894 0.13922825083136559
1 0.23941245675086975 0.4369243234395981 0.034137189388275146 0.041303664445877075 0.10994012653827667
1 0.48399844765663147 0.4323738217353821 0.022469818592071533 0.028421998023986816 0.08280250243842602
1 0.18727499999999997 0.454763 0.04639869999999999 0.015658700000000025 0.032834625
1 0.594641 0.4306420000000001 0.03395769999999998 0.020631200000000016 0.0273303125
1 0.237968 0.422214 0.024572200000000016 0.008236520000000025 0.02420925
1 0.105166 0.448055 0.027511499999999994 0.01264670000000001 0.0210711875
1 0.312253 0.4294 0.04000809999999999 0.02194879999999999 0.01945575
1 0.655777 0.43111599999999994 0.040523100000000034 0.02307039999999999 0.0166280625
