1 0.49931827187538147 0.43721306324005127 0.023819148540496826 0.040344059467315674 0.15644168481230736
0 0.8374297022819519 0.5414509922266006 0.03615844249725342 0.1512649953365326 0.11813368648290634
0 0.7855682373046875 0.4966655522584915 0.03749048709869385 0.17882022261619568 0.11717425286769867
1 0.42952680587768555 0.4526275098323822 0.037419021129608154 0.05572885274887085 0.11436837166547775
1 0.47725895047187805 0.43164418637752533 0.023007512092590332 0.02971521019935608 0.08497325330972672
1 0.42932100000000006 0.466616 0.0337114 0.0275088 0.0516771875
1 0.6535089999999999 0.434247 0.047426599999999985 0.03550229999999999 0.0472586875
0 0.33548 0.438508 0.008604429999999996 0.048898 0.0392950625
1 0.428959 0.443576 0.0326979 0.030587299999999984 0.0370018125
1 0.455354 0.45557900000000007 0.026436400000000027 0.042842800000000014 0.030367875
0 0.380389 0.430984 0.009249400000000019 0.045160599999999995 0.01759775
