1 0.42460696399211884 0.4585137367248535 0.0404755175113678 0.05850481986999512 0.17004431784152985
1 0.8364145755767822 0.43823832273483276 0.06755030155181885 0.04005950689315796 0.10956456512212753
1 0.9243197739124298 0.4453399330377579 0.07407647371292114 0.038923412561416626 0.10697031021118164
2 0.49791668355464935 0.4347385913133621 0.012885838747024536 0.04925468564033508 0.07903331518173218
1 0.90238 0.444275 0.06983130000000004 0.03476400000000002 0.0536573125
1 0.697757 0.436556 0.06489409999999995 0.04248810000000003 0.05343025
1 0.497877 0.416497 0.019361399999999973 0.034178700000000006 0.0519053125
1 0.5648790000000001 0.425887 0.020115400000000005 0.016552400000000023 0.0374965625
1 0.8666720000000001 0.4403619999999999 0.051601600000000025 0.034487199999999996 0.0303759375
1 0.458176 0.427847 0.012452300000000027 0.014202500000000007 0.0288085
