1 0.8511966168880463 0.460215762257576 0.1900767683982849 0.11063167452812195 0.17312612012028694
1 0.7599169313907623 0.4501981735229492 0.1284077763557434 0.08089238405227661 0.1673063077032566
0 0.5839662551879883 0.44732634723186493 0.014163851737976074 0.06980201601982117 0.11134406179189682
0 0.5438772439956665 0.43317289650440216 0.00691068172454834 0.034347981214523315 0.07898394018411636
1 0.9616909623146057 0.4835069924592972 0.07560610771179199 0.11032530665397644 0.06800037622451782
1 0.721177 0.448616 0.09011449999999999 0.050488299999999986 0.0537261875
2 0.947364 0.494158 0.06325570000000003 0.08922509999999995 0.0535911875
1 0.6773720000000001 0.4379080000000001 0.06882500000000003 0.04961080000000001 0.053128625
0 0.357352 0.432084 0.008414939999999982 0.0419929 0.038272
1 0.388056 0.44125899999999996 0.02305170000000001 0.01912799999999998 0.02989375
1 0.667115 0.439365 0.03559420000000002 0.04891240000000002 0.0291555
