1 0.5418942868709564 0.4365936815738678 0.019068658351898193 0.028273820877075195 0.1527990661561489
1 0.3203216791152954 0.44340553879737854 0.04336726665496826 0.055789053440093994 0.10511893779039383
1 0.5286292433738708 0.4293132722377777 0.016928672790527344 0.023253440856933594 0.1027718111872673
0 0.045001741498708725 0.4630240350961685 0.021377839148044586 0.10054180026054382 0.09675362706184387
1 0.3502475768327713 0.4461037218570709 0.028196483850479126 0.03473776578903198 0.06927606463432312
0 0.685288 0.454007 0.019803400000000027 0.09162170000000003 0.0544029375
0 0.0826827 0.456321 0.0195298 0.10191299999999998 0.0543948125
0 0.750723 0.515489 0.0462688 0.16423699999999997 0.05334725
0 0.628709 0.443805 0.01120869999999996 0.06353249999999999 0.041933875
0 0.7642439999999999 0.48958199999999996 0.018589999999999995 0.09072059999999998 0.0215285625
2 0.535417 0.46577499999999994 0.010034499999999946 0.02687679999999998 0.0156793125
