1 0.41163673996925354 0.47074149549007416 0.051346659660339355 0.07612600922584534 0.1832156926393509
0 0.8879491686820984 0.6492090225219727 0.05623304843902588 0.295459508895874 0.11913175135850906
0 0.6711922883987427 0.4900015890598297 0.0388866662979126 0.17895609140396118 0.11817874759435654
0 0.2669261693954468 0.47246435284614563 0.02302652597427368 0.12379258871078491 0.10580581426620483
0 0.49918171763420105 0.4753222018480301 0.02029520273208618 0.08480677008628845 0.10572518408298492
0 0.5583184659481049 0.44956156611442566 0.013160645961761475 0.06184554100036621 0.09097912162542343
0 0.347287 0.459352 0.022233999999999976 0.09454220000000002 0.0517990625
1 0.419449 0.456797 0.03291630000000001 0.05163610000000002 0.04366825
1 0.76828 0.5008487500000001 0.460966 0.9983025000000001 0.0431519375
0 0.380185 0.437307 0.015144500000000005 0.07266729999999999 0.03098725
