1 0.41437438130378723 0.4690113067626953 0.0852399468421936 0.08968484401702881 0.23229287564754486
1 0.21057555824518204 0.4336392879486084 0.06383980810642242 0.03877764940261841 0.22958993911743164
1 0.12043730542063713 0.44197310507297516 0.073773093521595 0.03902444243431091 0.22529862821102142
1 0.0279771905625239 0.43791428208351135 0.050763898296281695 0.04905045032501221 0.2166847437620163
1 0.4975442737340927 0.5564372390508652 0.13003578782081604 0.20722070336341858 0.1792341247200966
1 0.5028548985719681 0.4422726482152939 0.03134855628013611 0.04655304551124573 0.15673718601465225
0 0.8988545536994934 0.49845418334007263 0.04334867000579834 0.19879692792892456 0.11636330932378769
0 0.99265 0.521031 0.01452690000000001 0.25018500000000005 0.0245073125
1 0.28485 0.442021 0.03589819999999999 0.013650800000000018 0.0237445625
0 0.9707619000000001 0.528711 0.05847619999999998 0.28196 0.0236398125
