1 0.8014050722122192 0.5637314766645432 0.39653706550598145 0.3229497969150543 0.17927081510424614
1 0.00800958001140506 0.4475797116756439 0.016019144931957108 0.053403258323669434 0.17804262042045593
1 0.24442429095506668 0.4730197936296463 0.07402662932872772 0.11363920569419861 0.16769500449299812
1 0.051574649289250374 0.4365450590848923 0.04939078912138939 0.02452942728996277 0.16465799510478973
1 0.18645282834768295 0.4453132599592209 0.030493691563606262 0.04122021794319153 0.1522090584039688
1 0.014855291577987373 0.44419442117214203 0.023966063046827912 0.035172611474990845 0.14209668338298798
1 0.17430424690246582 0.4416847378015518 0.029975533485412598 0.0350969135761261 0.1262361891567707
0 0.1430928260087967 0.43202240765094757 0.005212932825088501 0.026132851839065552 0.07821287214756012
0 0.28832899999999995 0.441382 0.013080099999999983 0.06139220000000001 0.05001025
1 0.221831 0.45726600000000006 0.04801259999999999 0.06494850000000002 0.0483759375
2 0.27539099999999994 0.506977 0.013846799999999992 0.041539999999999966 0.027106125
0 0.11923899999999998 0.430901 0.006151699999999996 0.026876999999999984 0.02142725
