1 0.4864406883716583 0.4800821989774704 0.06339555978775024 0.09112444519996643 0.17589624971151352
1 0.2871367186307907 0.4323710799217224 0.02884182333946228 0.026684999465942383 0.15565450116991997
1 0.40410158038139343 0.4415004402399063 0.03387194871902466 0.032440632581710815 0.15110055729746819
1 0.2536839470267296 0.42896874248981476 0.015579715371131897 0.020401984453201294 0.14231524989008904
0 0.8949454426765442 0.498392790555954 0.0324782133102417 0.16133230924606323 0.11516381055116653
1 0.32057616114616394 0.4343874454498291 0.023259878158569336 0.026952028274536133 0.10270136967301369
0 0.6176431775093079 0.4599137008190155 0.009575843811035156 0.049007952213287354 0.10006118565797806
0 0.4892953634262085 0.44493353366851807 0.011472582817077637 0.05612450838088989 0.09497775137424469
0 0.43311165273189545 0.43652719259262085 0.007901281118392944 0.03769636154174805 0.09004650264978409
0 0.4199202358722687 0.4336465299129486 0.007098257541656494 0.03852111101150513 0.07597893476486206
0 0.5514025986194611 0.4423075318336487 0.014257729053497314 0.05709373950958252 0.07468756288290024
1 0.970086 0.49418699999999993 0.05904200000000004 0.07704039999999995 0.05536625
2 0.486483 0.48304600000000003 0.064365 0.08342780000000005 0.027960625
1 0.21794400000000003 0.426486 0.022539400000000015 0.014999399999999996 0.01613575
