1 0.5498233139514923 0.4515381455421448 0.0610615611076355 0.0495334267616272 0.2209256887435913
1 0.6591852605342865 0.4449862837791443 0.05094724893569946 0.042432427406311035 0.2163441926240921
1 0.7700296640396118 0.45012620091438293 0.05237102508544922 0.04698270559310913 0.19111225008964539
1 0.8179346919059753 0.4407671391963959 0.04709053039550781 0.03860819339752197 0.1691378764808178
1 0.945477306842804 0.5423782765865326 0.10846924781799316 0.2719973921775818 0.13424668461084366
1 0.3513895124197006 0.43996818363666534 0.06306597590446472 0.048492223024368286 0.10983793437480927
1 0.935853898525238 0.4583013653755188 0.06298696994781494 0.07622659206390381 0.10837837308645248
1 0.888371080160141 0.4378325045108795 0.04264277219772339 0.025247037410736084 0.09759156405925751
1 0.7246967256069183 0.4357568919658661 0.04379791021347046 0.028479158878326416 0.0933830589056015
1 0.36621000000000004 0.443557 0.032760100000000014 0.04460989999999998 0.0290754375
0 0.681675 0.43818 0.007428300000000054 0.04386269999999998 0.0176935625
