1 0.3579680323600769 0.4485502988100052 0.04585295915603638 0.05816677212715149 0.17289488017559052
1 0.38933856785297394 0.44650547206401825 0.03978726267814636 0.04153439402580261 0.16649837046861649
1 0.2655026912689209 0.4347142428159714 0.028098762035369873 0.028345316648483276 0.16170568764209747
1 0.23424659669399261 0.4299768954515457 0.016897767782211304 0.019863039255142212 0.12479512766003609
0 0.597131997346878 0.4858391284942627 0.03027254343032837 0.1289968490600586 0.11327162384986877
1 0.3029017448425293 0.4380760192871094 0.024629712104797363 0.02767270803451538 0.11073724925518036
0 0.14109177887439728 0.436833992600441 0.0076446533203125 0.03934118151664734 0.059505563229322433
1 0.20084208250045776 0.42888064682483673 0.014012902975082397 0.01582840085029602 0.05078606307506561
0 0.4624210000000001 0.4449930000000001 0.012326000000000004 0.05228070000000001 0.0507025625
1 0.2220338061451912 0.42723700404167175 0.021726533770561218 0.016641855239868164 0.04933137446641922
1 0.18469799999999997 0.423415 0.01973549999999999 0.014730799999999988 0.043987375
1 0.242967 0.42718500000000004 0.01190540000000001 0.01726460000000002 0.0176975
