1 0.4320271462202072 0.44811536371707916 0.05231788754463196 0.06732776761054993 0.233013316988945
1 0.5304021537303925 0.4452381879091263 0.03615647554397583 0.040413230657577515 0.18266506493091583
1 0.8612876534461975 0.5201016664505005 0.11294341087341309 0.1530073881149292 0.18106787279248238
1 0.3650359809398651 0.44178852438926697 0.03437197208404541 0.03530341386795044 0.12282337993383408
0 0.3384599983692169 0.45425334572792053 0.02023899555206299 0.09080857038497925 0.11235243827104568
0 0.38463185727596283 0.44410669803619385 0.011733382940292358 0.05715286731719971 0.09842462837696075
1 0.603829 0.43572 0.031124999999999958 0.020689999999999986 0.043879625
1 0.923506 0.428098 0.0303852 0.016875399999999985 0.0307834375
1 0.889351 0.43296899999999994 0.03954239999999998 0.01968209999999998 0.0196226875
1 0.501343 0.428055 0.03593479999999999 0.025804500000000008 0.0191286875
