1 0.49949710071086884 0.4533286392688751 0.036286383867263794 0.05691462755203247 0.2241411805152893
1 0.5735040307044983 0.43624137341976166 0.020374059677124023 0.02764555811882019 0.1640555039048195
1 0.9623692631721497 0.4596486985683441 0.07497286796569824 0.06784147024154663 0.14145325496792793
1 0.8770359754562378 0.4492702931165695 0.09024965763092041 0.0682496726512909 0.1121683120727539
0 0.6915141642093658 0.4439123123884201 0.01131981611251831 0.05030593276023865 0.10496275126934052
1 0.903794 0.458855 0.030420699999999967 0.03753400000000001 0.052672625
0 0.6034913063049316 0.43045978248119354 0.006439089775085449 0.03176268935203552 0.05175168812274933
1 0.8543903827667236 0.4548330157995224 0.028679966926574707 0.04551556706428528 0.04502974823117256
1 0.501275 0.422347 0.01644019999999996 0.011956999999999995 0.020775125
1 0.878309 0.4512010000000001 0.020288799999999996 0.02514440000000001 0.0196538125
