1 0.29067908972501755 0.4845401644706726 0.09957088530063629 0.13168704509735107 0.2396618127822876
1 0.3976392298936844 0.4498862475156784 0.04402884840965271 0.05960080027580261 0.23143987357616425
1 0.5681862235069275 0.47432340681552887 0.056622862815856934 0.08240029215812683 0.22645162045955658
1 0.5373094975948334 0.4462733566761017 0.036325275897979736 0.04957014322280884 0.2016703486442566
1 0.4422508627176285 0.4432332366704941 0.03602680563926697 0.05371692776679993 0.19727256894111633
1 0.49925146996974945 0.4422367364168167 0.02545681595802307 0.03908237814903259 0.164493877440691
1 0.33064375817775726 0.4698450267314911 0.07052621245384216 0.09085220098495483 0.14091243222355843
1 0.5227048993110657 0.43384337425231934 0.026454925537109375 0.03488731384277344 0.11625555902719498
1 0.3507330000000001 0.470123 0.03003070000000002 0.08618329999999996 0.054639625
1 0.0561711 0.607104 0.112342 0.36703700000000006 0.0522480625
1 0.3213980000000001 0.431224 0.02879320000000002 0.04086719999999999 0.0518076875
2 0.250455 0.523093 0.019145999999999996 0.05417160000000004 0.0485739375
2 0.548463 0.477761 0.014365799999999984 0.07122819999999996 0.0287115625
1 0.4533769999999999 0.43075399999999997 0.038818399999999975 0.026581699999999986 0.025454625
2 0.412629 0.457536 0.01343939999999999 0.043947599999999976 0.024716
1 0.41741400000000006 0.445592 0.02347260000000001 0.03787849999999998 0.0226
1 0.532515 0.43605799999999995 0.028650300000000017 0.037112599999999996 0.0194653125
1 0.462278 0.42805099999999996 0.012764200000000003 0.01538489999999998 0.0186706875
1 0.516356 0.444642 0.013846000000000025 0.02891100000000002 0.01710825
