1 0.8884162604808807 0.49125149846076965 0.2225664258003235 0.16615933179855347 0.23312611877918243
1 0.3979099839925766 0.44421784579753876 0.036942631006240845 0.036533504724502563 0.20676769316196442
1 0.49843254685401917 0.506760761141777 0.08613985776901245 0.13534465432167053 0.18033093586564064
1 0.32605552673339844 0.4435361921787262 0.028276443481445312 0.03390300273895264 0.16811025515198708
1 0.2771603614091873 0.43377596139907837 0.026695579290390015 0.02654719352722168 0.1585637480020523
1 0.21606393158435822 0.43051430583000183 0.022567659616470337 0.02452486753463745 0.1255277507007122
1 0.31444838643074036 0.436579629778862 0.024843335151672363 0.02907600998878479 0.09894450008869171
1 0.23319507390260696 0.42953893542289734 0.017313286662101746 0.021670401096343994 0.0871099978685379
1 0.24497800000000003 0.430321 0.016888900000000012 0.022495900000000013 0.0479341875
1 0.309416 0.44058 0.015166400000000024 0.01885530000000002 0.0388834375
1 0.16035334765911102 0.4254853129386902 0.02448815107345581 0.01723003387451172 0.03658825159072876
0 0.908625 0.46473899999999996 0.025785100000000005 0.11545799999999995 0.0206308125
