1 0.9579387009143829 0.44808606803417206 0.0836610198020935 0.08313748240470886 0.23035737872123718
1 0.5743494927883148 0.44307830929756165 0.030998408794403076 0.042751848697662354 0.1720455028116703
1 0.8705487549304962 0.4419468641281128 0.06408387422561646 0.06084704399108887 0.1605553776025772
1 0.8102571964263916 0.43907320499420166 0.07414829730987549 0.07086604833602905 0.1517968699336052
1 0.5572112798690796 0.43915829062461853 0.020578503608703613 0.030987143516540527 0.13812743872404099
1 0.5314369201660156 0.43321675062179565 0.022986888885498047 0.03128087520599365 0.10760731250047684
1 0.5136173069477081 0.43317969143390656 0.020886242389678955 0.025682657957077026 0.0904887467622757
1 0.523273 0.4307909999999999 0.040200400000000025 0.034701499999999996 0.0484755
0 0.6297540000000001 0.426447 0.008177760000000034 0.03997909999999999 0.0308235
1 0.5490739999999998 0.43224 0.017908499999999994 0.025756200000000007 0.0183650625
