1 0.293543741106987 0.4728763550519943 0.06317362189292908 0.08010032773017883 0.23392118513584137
1 0.3908146917819977 0.44873227179050446 0.04568129777908325 0.05989798903465271 0.2294503152370453
1 0.3688467741012573 0.437189519405365 0.03981298208236694 0.04367321729660034 0.2206517457962036
1 0.05657274638360832 0.5436524003744125 0.11301646401989274 0.2135482132434845 0.20874474942684174
1 0.5631976425647736 0.4510961025953293 0.03555256128311157 0.04573795199394226 0.1931171864271164
1 0.6690942645072937 0.4991438239812851 0.11472594738006592 0.1556256115436554 0.1815229430794716
1 0.5017514377832413 0.44275014102458954 0.023407191038131714 0.034648627042770386 0.165156751871109
1 0.5510942339897156 0.44452039897441864 0.027730345726013184 0.0400981605052948 0.15262949466705322
1 0.9367900490760803 0.4741826355457306 0.12641966342926025 0.10553914308547974 0.07983875274658203
1 0.9499119222164154 0.7806236743927002 0.09920662641525269 0.4377814531326294 0.07934081554412842
