1 0.04447288852679776 0.46916623413562775 0.08876365340256598 0.09764799475669861 0.2372913807630539
1 0.6852799355983734 0.4763116091489792 0.06358832120895386 0.08733788132667542 0.2309408187866211
1 0.7417895495891571 0.5003569424152374 0.10798650979995728 0.13241654634475708 0.18021618202328682
1 0.10113981738686562 0.44179660081863403 0.04079020768404007 0.05219978094100952 0.16138100624084473
1 0.2971406579017639 0.44117288291454315 0.05686551332473755 0.06160929799079895 0.16115281730890274
1 0.14282608777284622 0.4350633770227432 0.04896219074726105 0.03200915455818176 0.1538848802447319
1 0.8845078349113464 0.4492156058549881 0.10637962818145752 0.07473483681678772 0.11535618454217911
1 0.296534 0.456809 0.0569887 0.03257389999999999 0.04519475
1 0.672164 0.437272 0.033011400000000024 0.02765449999999997 0.0328206875
0 0.417133 0.43125199999999997 0.00912476000000001 0.04499049999999999 0.01882425
