1 0.5776625573635101 0.6518756300210953 0.24393600225448608 0.41570135951042175 0.1815813146531582
2 0.43221864104270935 0.4585973173379898 0.05347740650177002 0.08312520384788513 0.17361943423748016
1 0.926956832408905 0.4587925672531128 0.06375789642333984 0.07452392578125 0.17105000093579292
1 0.800716370344162 0.43988026678562164 0.046159565448760986 0.03701946139335632 0.16857756301760674
1 0.8648641705513 0.4424644559621811 0.04167580604553223 0.053056687116622925 0.16263212263584137
1 0.32695671916007996 0.44080743193626404 0.06294935941696167 0.05079376697540283 0.15469687432050705
1 0.5278066694736481 0.4535447210073471 0.05980151891708374 0.050730496644973755 0.15085799619555473
1 0.6157105267047882 0.4494117945432663 0.08249717950820923 0.07375499606132507 0.10959737747907639
1 0.9554576873779297 0.531641274690628 0.08859515190124512 0.36457306146621704 0.09707393497228622
1 0.6448582410812378 0.44676290452480316 0.04413866996765137 0.04097941517829895 0.08453087508678436
1 0.34054000000000006 0.443646 0.0342963 0.04653970000000002 0.0566336875
1 0.7072209999999999 0.434811 0.0431608 0.02885110000000002 0.051837875
