1 0.1467492002993822 0.539501890540123 0.17311077937483788 0.16840198636054993 0.23975825309753418
1 0.49935193359851837 0.5157421678304672 0.09553918242454529 0.15149345993995667 0.23930524289608002
1 0.23943345993757248 0.49038806557655334 0.1356770545244217 0.16168206930160522 0.23870162665843964
1 0.3905804306268692 0.44943974912166595 0.050421327352523804 0.06808850169181824 0.23212644457817078
1 0.42517198622226715 0.4381306320428848 0.02830323576927185 0.03852108120918274 0.20672674477100372
1 0.5366056561470032 0.44903454184532166 0.04883158206939697 0.06420791149139404 0.12528731301426888
1 0.8413416743278503 0.7144780606031418 0.3171333074569702 0.5644406378269196 0.12067306041717529
1 0.7892948687076569 0.4529762268066406 0.11760050058364868 0.08214277029037476 0.1150188148021698
1 0.572159618139267 0.4722936600446701 0.06556695699691772 0.11155000329017639 0.10978180915117264
1 0.49992163479328156 0.463706910610199 0.045106858015060425 0.0664481520652771 0.1004418134689331
1 0.44238317012786865 0.43586090207099915 0.019384801387786865 0.027565062046051025 0.10043081268668175
1 0.05184671250935935 0.6072147041559219 0.10362957481629564 0.2830927073955536 0.09872162342071533
0 0.603417843580246 0.44595038890838623 0.011709153652191162 0.0562443733215332 0.06609118729829788
1 0.499092 0.441704 0.032669599999999965 0.017556799999999984 0.0465416875
1 0.477853 0.426342 0.016372700000000018 0.015494600000000025 0.0405948125
1 0.457483 0.433176 0.014973300000000023 0.017917000000000016 0.0374025625
1 0.5134670000000001 0.427797 0.019354500000000052 0.0181558 0.0201696875
1 0.5422579999999999 0.495763 0.018079199999999962 0.06467349999999994 0.019726625
1 0.5178499999999999 0.439099 0.02607689999999996 0.03893380000000002 0.01884925
