1 0.3750210106372833 0.4245774745941162 0.11538445949554443 0.2186872959136963 0.17833787575364113
1 0.5525155961513519 0.44442227482795715 0.02773994207382202 0.042023539543151855 0.17161325365304947
1 0.7275656759738922 0.434360533952713 0.08091646432876587 0.043919384479522705 0.10500212758779526
1 0.8238878548145294 0.43285077810287476 0.06118804216384888 0.0347214937210083 0.09848462790250778
1 0.755917 0.43777200000000005 0.06984840000000003 0.0449329 0.0515379375
1 0.8603719999999999 0.437591 0.04701999999999995 0.02986739999999999 0.049805875
1 0.8858630000000001 0.44097 0.04459080000000004 0.0326843 0.044507625
1 0.9115820000000001 0.442947 0.06108250000000004 0.03666649999999999 0.037161875
1 0.664123 0.431278 0.020843900000000026 0.019756600000000013 0.025375125
1 0.914292 0.443386 0.0326206 0.02392050000000001 0.0252660625
