1 0.23734138533473015 0.5890931636095047 0.25297830253839493 0.2672756612300873 0.17730143666267395
0 0.6876255571842194 0.508403867483139 0.03016561269760132 0.18532449007034302 0.11486562341451645
1 0.5053432732820511 0.4537671059370041 0.03764590620994568 0.052493661642074585 0.10286218672990799
1 0.2895873114466667 0.5209816545248032 0.28051771223545074 0.23832395672798157 0.10105281323194504
0 0.573458731174469 0.4537547826766968 0.011048436164855957 0.056144893169403076 0.049807123839855194
1 0.790904 0.50675275 0.417631 0.9864945 0.04328575
0 0.5601294040679932 0.4473685473203659 0.007446408271789551 0.041550785303115845 0.034097813069820404
2 0.504364 0.465466 0.027120199999999983 0.08254269999999997 0.0290788125
1 0.6096699999999999 0.43139099999999997 0.015471499999999971 0.03861189999999998 0.0286013125
0 0.436589 0.43952 0.005912399999999984 0.030818999999999985 0.0221669375
