1 0.40518660843372345 0.46538108587265015 0.06441667675971985 0.08981955051422119 0.23650124669075012
1 0.03503344865521285 0.4853144437074661 0.0700380968673926 0.10885998606681824 0.22823043167591095
1 0.1398473158478737 0.4586583822965622 0.04605908691883087 0.06174740195274353 0.21870006620883942
1 0.504656583070755 0.5198438465595245 0.11625403165817261 0.15352874994277954 0.19726838171482086
1 0.21916593611240387 0.4550056457519531 0.04170197248458862 0.060222327709198 0.18615011870861053
1 0.34768982231616974 0.4447416067123413 0.029940873384475708 0.03738278150558472 0.15335437282919884
1 0.17748437821865082 0.4360765814781189 0.034460604190826416 0.0410541296005249 0.136063814163208
1 0.597316712141037 0.4516299217939377 0.11050301790237427 0.06518557667732239 0.11160530894994736
0 0.5532313287258148 0.48140278458595276 0.028303325176239014 0.11902254819869995 0.10802680999040604
1 0.20547526329755783 0.44344307482242584 0.03820158541202545 0.050489455461502075 0.10488150268793106
1 0.3387933224439621 0.4400550276041031 0.020983129739761353 0.03216758370399475 0.08244974911212921
