1 0.63724684715271 0.4726766347885132 0.07049250602722168 0.10541045665740967 0.17322612181305885
1 0.598221480846405 0.4362972229719162 0.023242950439453125 0.03078100085258484 0.11187143996357918
1 0.529193252325058 0.4683022201061249 0.06747323274612427 0.1040467619895935 0.108668252825737
0 0.9647128283977509 0.5062616914510727 0.035398662090301514 0.18174567818641663 0.10862112790346146
0 0.5775737464427948 0.49881355464458466 0.02910548448562622 0.1063714325428009 0.10854468494653702
1 0.5663130879402161 0.44879046082496643 0.0443798303604126 0.06343483924865723 0.0955694392323494
1 0.5481759309768677 0.45905251801013947 0.05531203746795654 0.07667306065559387 0.08722569048404694
1 0.6623781025409698 0.43262284994125366 0.028560936450958252 0.03053373098373413 0.08618118613958359
1 0.6042547523975372 0.43259356915950775 0.026315271854400635 0.02760729193687439 0.060327187180519104
0 0.704659 0.428868 0.005455399999999999 0.027603600000000006 0.0197965625
1 0.663126 0.42641000000000007 0.022222500000000034 0.018479100000000026 0.0166238125
