1 0.5541570484638214 0.44384676218032837 0.0951349139213562 0.061248719692230225 0.23529180884361267
1 0.1809864491224289 0.4516479820013046 0.11817044019699097 0.09411951899528503 0.23051637411117554
1 0.025644832909165416 0.44763094186782837 0.05118700551975053 0.07556009292602539 0.22242550551891327
1 0.360730916261673 0.46368247270584106 0.1169310212135315 0.06921505928039551 0.16983025521039963
1 0.13720763474702835 0.44965633749961853 0.0678517073392868 0.05494505167007446 0.16154275462031364
1 0.9653814733028412 0.5017665773630142 0.06887537240982056 0.14700374007225037 0.15030137076973915
1 0.23670616745948792 0.43938760459423065 0.09387713670730591 0.06344065070152283 0.1348813734948635
0 0.6509178876876831 0.5420843660831451 0.02693474292755127 0.1490076184272766 0.11325587332248688
1 0.33981120586395264 0.44291211664676666 0.08026307821273804 0.04927918314933777 0.09400299936532974
1 0.3944219946861267 0.4502023160457611 0.09261351823806763 0.054351985454559326 0.07942181080579758
1 0.9779321849346161 0.4570026248693466 0.04398447275161743 0.08932533860206604 0.07097931206226349
1 0.256732 0.440987 0.05189030000000003 0.05689499999999997 0.0553670625
1 0.9839340000000001 0.423226 0.031213000000000046 0.01530609999999999 0.0281055625
