1 0.8192630112171173 0.5159464925527573 0.11956995725631714 0.1405370533466339 0.18046575039625168
1 0.1760968454182148 0.47275759279727936 0.16618867963552475 0.13161346316337585 0.1774967461824417
1 0.8392687141895294 0.44925232231616974 0.055183470249176025 0.07194319367408752 0.15675538033246994
1 0.9372415542602539 0.4345580190420151 0.033310651779174805 0.03354284167289734 0.12153437733650208
0 0.8921829164028168 0.4697858691215515 0.0323910117149353 0.13363182544708252 0.11488543450832367
0 0.872212 0.460579 0.02486109999999997 0.10546299999999997 0.0477071875
1 0.511783 0.424569 0.02545430000000004 0.017171099999999995 0.0430964375
1 0.8208030462265015 0.4426746964454651 0.041979193687438965 0.036903440952301025 0.03964250162243843
1 0.145287 0.42335200000000006 0.025917899999999994 0.014666200000000018 0.0340175625
1 0.806095 0.44164100000000006 0.022197699999999987 0.013629700000000022 0.0265119375
