1 0.3899938315153122 0.44784708321094513 0.040868669748306274 0.04237136244773865 0.17308375239372253
1 0.30216050148010254 0.4395601153373718 0.02537328004837036 0.025078415870666504 0.1628219336271286
1 0.26577289402484894 0.4345419108867645 0.030490785837173462 0.030276834964752197 0.15965693816542625
1 0.23379090428352356 0.42961879074573517 0.01672905683517456 0.021606534719467163 0.1468038707971573
1 0.15361350774765015 0.4233907610177994 0.01963910460472107 0.01810958981513977 0.08578749746084213
1 0.125111 0.427434 0.019905800000000015 0.01694810000000002 0.0390905625
1 0.220143 0.423858 0.017374 0.010873299999999975 0.0362995
0 0.107918 0.427799 0.008083389999999996 0.04171619999999998 0.03450875
0 0.11222300000000002 0.427166 0.009682750000000004 0.0417748 0.02411025
1 0.211386 0.42319000000000007 0.018783400000000006 0.010602500000000015 0.0182248125
0 0.28007099999999996 0.429012 0.007853889999999975 0.029281 0.016543875
