1 0.49601884186267853 0.6562872380018234 0.2588571012020111 0.3763231337070465 0.16598868370056152
0 0.6318243145942688 0.4566156268119812 0.01707291603088379 0.07544863224029541 0.1092834398150444
0 0.4170607477426529 0.43108224868774414 0.00525858998298645 0.029152750968933105 0.06979537755250931
1 0.656743735074997 0.4380759298801422 0.06718617677688599 0.042783915996551514 0.06915968656539917
1 0.5004020631313324 0.43091847002506256 0.01898092031478882 0.029475301504135132 0.06670337170362473
1 0.283349 0.43699 0.07506639999999998 0.04877029999999999 0.0456628125
0 0.59226 0.43236399999999997 0.010900200000000027 0.048720299999999994 0.043664
1 0.468085 0.43591 0.017425000000000024 0.023316100000000006 0.0367039375
1 0.0988739 0.47312599999999994 0.03171589999999999 0.025243799999999983 0.0294015625
1 0.194813 0.442888 0.0681136 0.0457187 0.0243826875
0 0.323859 0.435543 0.009217639999999971 0.04381489999999999 0.023039875
1 0.478555 0.428097 0.019592500000000013 0.02185959999999998 0.016666625
