1 0.7980501353740692 0.5286997705698013 0.13666492700576782 0.1670266091823578 0.18015800043940544
1 0.04984025098383427 0.4379982203245163 0.05955810472369194 0.037303417921066284 0.16580956801772118
1 0.6646803617477417 0.4377875030040741 0.05200469493865967 0.03270155191421509 0.09854231029748917
0 0.7265653908252716 0.4531181752681732 0.015917956829071045 0.07324302196502686 0.09683387726545334
0 0.667203 0.443138 0.014698600000000006 0.05931839999999999 0.0457665
1 0.964794 0.634852 0.0695173 0.284446 0.0408941875
0 0.976918 0.507093 0.0461319 0.18537599999999999 0.0295144375
0 0.988813 0.506602 0.022373999999999894 0.18137200000000003 0.0259484375
1 0.129008 0.43766800000000006 0.020060700000000015 0.013847200000000004 0.023330875
1 0.382542 0.42423500000000003 0.0234027 0.013322400000000012 0.0189776875
1 0.0036158699999999998 0.436971 0.007139889999999999 0.03012969999999998 0.0170155625
1 0.463539 0.424235 0.020414700000000008 0.0109823 0.0158529375
