1 0.15872027855948545 0.608696773648262 0.3167599562439136 0.38984236121177673 0.18138131126761436
1 0.72077676653862 0.479829341173172 0.09571105241775513 0.12023359537124634 0.1505296267569065
1 0.676633358001709 0.4541662633419037 0.04791843891143799 0.062014758586883545 0.14996187016367912
1 0.8040591180324554 0.4397170692682266 0.06938499212265015 0.04816409945487976 0.11023443937301636
1 0.2959231585264206 0.444145143032074 0.04791155457496643 0.05518144369125366 0.09691162407398224
0 0.7730915546417236 0.4595052897930145 0.015677928924560547 0.08260506391525269 0.08708155900239944
0 0.8029173314571381 0.46212778985500336 0.022327721118927002 0.09474053978919983 0.07873131334781647
0 0.692698 0.43741300000000005 0.009278490000000028 0.04901070000000002 0.0294423125
1 0.699225 0.436859 0.026471699999999987 0.029809099999999977 0.02069225
1 0.307314 0.44467599999999996 0.024484600000000023 0.05021789999999998 0.017190625
1 0.556146 0.425651 0.022764600000000024 0.013810099999999992 0.01609
