1 0.8860985636711121 0.43726058304309845 0.04198336601257324 0.03422173857688904 0.17861893773078918
1 0.6258119642734528 0.44908639788627625 0.05484050512313843 0.04535329341888428 0.17077605798840523
1 0.7319880723953247 0.44130854308605194 0.05058860778808594 0.03584066033363342 0.16333099454641342
1 0.9389400780200958 0.5018036365509033 0.12195807695388794 0.21258890628814697 0.1608181893825531
1 0.4453781396150589 0.4372194707393646 0.05469021201133728 0.04393422603607178 0.11341950297355652
1 0.7987750172615051 0.4352603703737259 0.0410538911819458 0.02654990553855896 0.09379812330007553
0 0.6846399903297424 0.4366413652896881 0.008812546730041504 0.04278838634490967 0.09131306409835815
1 0.457717 0.44148199999999993 0.029183999999999988 0.04162389999999999 0.0526041875
1 0.892367 0.44747499999999996 0.02039279999999999 0.05681059999999999 0.0309663125
2 0.682755 0.447623 0.011862799999999951 0.020206900000000028 0.0261188125
