1 0.8825128972530365 0.4613942503929138 0.06545454263687134 0.08332562446594238 0.19285805523395538
1 0.4525398761034012 0.4554370939731598 0.06662806868553162 0.0541532039642334 0.17269275337457657
1 0.5723420977592468 0.4476619213819504 0.05410408973693848 0.04525044560432434 0.17245593667030334
1 0.7348994612693787 0.43979576230049133 0.046433091163635254 0.038201868534088135 0.17017512023448944
1 0.22760749608278275 0.44242554903030396 0.07040689885616302 0.05537134408950806 0.11409600079059601
0 0.1434294953942299 0.45277947187423706 0.011917605996131897 0.07289892435073853 0.10598599910736084
1 0.6364098489284515 0.43595683574676514 0.04544895887374878 0.029382288455963135 0.07822155952453613
1 0.6216030000000001 0.434907 0.041534300000000024 0.026586200000000004 0.04318525
1 0.00596634 0.0238567 0.0119117 0.0477134 0.0360044375
1 0.985404 0.682375 0.027991499999999947 0.274628 0.0266046875
1 0.243079 0.44633 0.04036859999999998 0.05177729999999997 0.025591625
