1 0.22377195209264755 0.4679630398750305 0.060315802693367004 0.08027732372283936 0.22532562911510468
1 0.4810585677623749 0.5320551246404648 0.11304360628128052 0.15504339337348938 0.17996593192219734
1 0.9423020482063293 0.4843153804540634 0.11513137817382812 0.12729457020759583 0.17642681300640106
1 0.29853472113609314 0.4472960829734802 0.04263567924499512 0.05714857578277588 0.17055237293243408
1 0.13518059253692627 0.49448107182979584 0.10025891661643982 0.11707332730293274 0.16733749955892563
1 0.3412770479917526 0.43155544996261597 0.016631513833999634 0.01898592710494995 0.09295393712818623
0 0.516826 0.439191 0.006727700000000003 0.038214899999999996 0.0301914375
0 0.246846 0.439855 0.010710299999999978 0.049537300000000006 0.02501425
0 0.45306899999999994 0.4337059999999999 0.007616809999999974 0.0360048 0.0209888125
2 0.246809 0.44223200000000007 0.014223399999999997 0.06151040000000002 0.0192614375
