1 0.1393543742597103 0.5092660486698151 0.1707257404923439 0.17754250764846802 0.17966169118881226
1 0.6480007767677307 0.4906036853790283 0.1302551031112671 0.16213929653167725 0.17944768443703651
1 0.22354790568351746 0.4856075942516327 0.11314833164215088 0.12742465734481812 0.17021530866622925
1 0.3971342295408249 0.4397609680891037 0.034199267625808716 0.048743754625320435 0.16656644269824028
1 0.44529208540916443 0.4448443204164505 0.0309562087059021 0.04301682114601135 0.1481785587966442
1 0.4993211179971695 0.46656928956508636 0.06183859705924988 0.09242931008338928 0.11276493966579437
2 0.49875737726688385 0.4737718105316162 0.03052040934562683 0.1173774003982544 0.1072763130068779
1 0.610929 0.47565 0.06206469999999997 0.07759889999999997 0.055033875
1 0.534764 0.436562 0.038217500000000015 0.026779900000000023 0.04154825
2 0.5463339999999999 0.437964 0.013263499999999984 0.03911999999999999 0.038025125
0 0.27299699999999993 0.446452 0.01078119999999999 0.0515371 0.0302529375
1 0.48627100000000006 0.470099 0.032083900000000054 0.08549580000000001 0.0261988125
1 0.507531 0.445684 0.04024120000000003 0.04887560000000002 0.0219364375
1 0.544767 0.44612700000000005 0.01308560000000003 0.019192700000000007 0.021446875
