1 0.354587584733963 0.44382134079933167 0.032776057720184326 0.0453529953956604 0.21687287092208862
1 0.3303225040435791 0.44596560299396515 0.05361592769622803 0.06013861298561096 0.15454862639307976
1 0.5570909976959229 0.43729719519615173 0.03284955024719238 0.04527163505554199 0.14718524739146233
1 0.39484623074531555 0.43750619888305664 0.024837493896484375 0.029510974884033203 0.14648493379354477
1 0.4020819514989853 0.4356739968061447 0.03267297148704529 0.030151158571243286 0.14252012595534325
1 0.3135240972042084 0.45570410788059235 0.05115914344787598 0.05135735869407654 0.1303071230649948
1 0.234142504632473 0.43844617903232574 0.05022425949573517 0.03937438130378723 0.10792668908834457
1 0.4358188211917877 0.4290877878665924 0.017103135585784912 0.023278117179870605 0.07068625092506409
0 0.2918359488248825 0.4377247542142868 0.009172886610031128 0.042775124311447144 0.06493362784385681
1 0.531895 0.4328850000000001 0.01639579999999996 0.018511600000000017 0.035603875
