1 0.285398468375206 0.4515628218650818 0.052762895822525024 0.06528067588806152 0.22316356003284454
1 0.1611354723572731 0.4855780005455017 0.08812914788722992 0.1064990758895874 0.17843269184231758
1 0.43993382155895233 0.45022162795066833 0.03981265425682068 0.05073195695877075 0.17069518938660622
1 0.03523169284017058 0.5411002784967422 0.07017758836445864 0.17633172869682312 0.12106430903077126
1 0.5929806530475616 0.4389272928237915 0.04876989126205444 0.03569287061691284 0.10731899738311768
0 0.4296081215143204 0.43432965874671936 0.007722288370132446 0.03692471981048584 0.06633662432432175
0 0.4081673175096512 0.4291202574968338 0.005991429090499878 0.02758154273033142 0.059361062943935394
0 0.5034715831279755 0.4375888258218765 0.006725013256072998 0.035672396421432495 0.04962562397122383
2 0.034992199999999994 0.539324 0.06978309999999999 0.16857699999999998 0.03732
0 0.6294500000000001 0.4397960000000001 0.0110209 0.044754000000000016 0.0244903125
