1 0.4694136381149292 0.42972317337989807 0.01856940984725952 0.02828449010848999 0.14769025146961212
2 0.4985140711069107 0.48768121004104614 0.048189371824264526 0.17367804050445557 0.11798637360334396
0 0.5789377689361572 0.4386683702468872 0.009424209594726562 0.04808622598648071 0.09910593926906586
1 0.112599 0.44636700000000007 0.06619710000000001 0.06143470000000001 0.0557383125
1 0.037715900000000004 0.45363999999999993 0.06329950000000001 0.0456317 0.052772625
1 0.479776 0.448291 0.011554300000000017 0.013683400000000012 0.035683625
0 0.603362 0.425589 0.008699039999999991 0.04586420000000002 0.030710875
1 0.283528 0.446956 0.014870099999999997 0.012556500000000026 0.02606725
0 0.428126 0.425586 0.007046600000000014 0.030364999999999975 0.0241929375
1 0.498348 0.444012 0.026409499999999975 0.04146709999999998 0.023027375
