1 0.7098685801029205 0.45620889961719513 0.12344926595687866 0.07143834233283997 0.17496031522750854
1 0.2741856798529625 0.4533463269472122 0.11785419285297394 0.07595780491828918 0.17338437214493752
1 0.4358511418104172 0.4445207864046097 0.05082014203071594 0.06132754683494568 0.1586177945137024
1 0.4988187700510025 0.43754787743091583 0.030684441328048706 0.043552130460739136 0.15427462756633759
0 0.7293004095554352 0.4822481572628021 0.0286979079246521 0.13664096593856812 0.11284781247377396
0 0.2469809502363205 0.45917779207229614 0.02036389708518982 0.0860135555267334 0.1088368147611618
0 0.38875648379325867 0.4331449270248413 0.008063077926635742 0.04331547021865845 0.10489493608474731
0 0.5698383152484894 0.4384286403656006 0.008902013301849365 0.044303715229034424 0.1032186895608902
1 0.0934995 0.465646 0.110125 0.0632797 0.0513314375
1 0.524002 0.464722 0.11224199999999995 0.03828140000000002 0.0414605625
1 0.9860930000000001 0.470177 0.027054800000000045 0.0342247 0.041204625
1 0.474048 0.43210799999999994 0.020197299999999974 0.02816869999999999 0.040054375
1 0.98596475 0.45453600000000005 0.028070499999999998 0.05192530000000001 0.0350141875
2 0.453398 0.432161 0.018866700000000014 0.05245899999999998 0.019110125
