1 0.6023347675800323 0.47937193512916565 0.08355075120925903 0.09262746572494507 0.2358417510986328
1 0.4418334811925888 0.4416074752807617 0.03740158677101135 0.041921138763427734 0.18645575642585754
1 0.3696611076593399 0.4338018447160721 0.022425740957260132 0.035522788763046265 0.1649641916155815
1 0.4780914932489395 0.4483855068683624 0.040734440088272095 0.04483085870742798 0.15535449609160423
1 0.3205796331167221 0.4275490939617157 0.021025806665420532 0.01958024501800537 0.14653712511062622
1 0.35090792179107666 0.42671455442905426 0.014931559562683105 0.020157426595687866 0.11670850217342377
1 0.41777099668979645 0.43169666826725006 0.02002778649330139 0.021928995847702026 0.07932781428098679
1 0.394672 0.421269 0.020623100000000005 0.014616399999999974 0.0340015625
1 0.296876 0.427771 0.0171848 0.014346000000000025 0.03085325
0 0.45632700000000004 0.43528500000000003 0.011447700000000005 0.04442600000000002 0.0215519375
