1 0.5638815462589264 0.44797277450561523 0.10301989316940308 0.07083386182785034 0.23545199632644653
1 0.3760911226272583 0.45174340903759 0.0939415693283081 0.06370165944099426 0.22737374901771545
1 0.24717482179403305 0.47143974900245667 0.1199227124452591 0.0851479172706604 0.22600486874580383
1 0.06372743099927902 0.4568500518798828 0.10883374512195587 0.10503530502319336 0.20660500228405
1 0.7930166125297546 0.5532910227775574 0.17698335647583008 0.2139066457748413 0.18142875283956528
1 0.12102950364351273 0.45017020404338837 0.07053397595882416 0.06084665656089783 0.17268731072545052
1 0.9541254341602325 0.5051422715187073 0.09155529737472534 0.14251220226287842 0.16701043769717216
1 0.24163255840539932 0.442106232047081 0.092108353972435 0.0671440064907074 0.11063912510871887
1 0.134604 0.453826 0.0409755 0.05288179999999998 0.057350125
1 0.23094399999999998 0.432531 0.06875899999999999 0.042327000000000004 0.017445875
1 0.905109 0.47445099999999996 0.03693279999999999 0.012906099999999976 0.01635625
