1 0.8871472775936127 0.45057952404022217 0.08139008283615112 0.05438321828842163 0.22812919318675995
1 0.9577679336071014 0.45921677350997925 0.0839725136756897 0.06311219930648804 0.2088398039340973
1 0.8139715492725372 0.4396643191576004 0.09775429964065552 0.057353466749191284 0.16995256394147873
1 0.6054497361183167 0.44541992247104645 0.028587698936462402 0.04113820195198059 0.16505175456404686
1 0.7665224075317383 0.43747778236866 0.0857992172241211 0.04815337061882019 0.11092862486839294
1 0.585782527923584 0.40574710071086884 0.04474329948425293 0.102332204580307 0.07367724925279617
1 0.5591102838516235 0.4319653958082199 0.016437768936157227 0.023332327604293823 0.06771224737167358
1 0.7428650000000001 0.4393210000000001 0.056016900000000036 0.0322655 0.0431279375
1 0.6958309999999999 0.43204299999999995 0.028408499999999948 0.03314719999999999 0.0392551875
1 0.510473 0.4227679999999999 0.012289600000000012 0.029711199999999993 0.0205131875
1 0.708575 0.43645199999999995 0.04973720000000004 0.03737269999999998 0.019758
1 0.755899 0.44787 0.042723999999999984 0.02386539999999998 0.017980875
