1 0.263783 0.540584 0.162267 0.184862 0.965354
0 0.829048 0.509253 0.023484 0.09456 0.906166
1 0.356558 0.439016 0.0393621 0.0438804 0.883394
1 0.404935 0.440704 0.0339512 0.0356116 0.869619
0 0.43624 0.436301 0.0076622 0.0380925 0.849222
0 0.086336 0.459108 0.0189869 0.100598 0.782815
1 0.298892 0.44565 0.0274131 0.0380246 0.773776
1 0.322168 0.437926 0.0269419 0.0248328 0.714713
1 0.254066 0.429823 0.0164501 0.0205106 0.621945
1 0.288424 0.434459 0.0285795 0.0299296 0.580057
1 0.293341 0.441664 0.0339912 0.0369576 0.317758
2 0.207121 0.431478 0.0119841 0.0323573 0.316075
1 0.232923 0.425412 0.0179874 0.0125327 0.262572
0 0.206602 0.434095 0.0116694 0.0410366 0.254898
1 0.192468 0.424659 0.0171602 0.0147708 0.25091
