1 0.879059 0.561044 0.219185 0.23373 0.968553
1 0.727768 0.496794 0.0956606 0.127024 0.957759
2 0.0925757 0.462054 0.0349969 0.113969 0.928865
1 0.0173828 0.446908 0.0347116 0.0655931 0.922417
1 0.949179 0.45997 0.100879 0.0963081 0.906728
1 0.499768 0.432441 0.0527123 0.033993 0.838058
0 0.650885 0.442054 0.0133478 0.0514904 0.745787
0 0.736726 0.451697 0.0147135 0.0763884 0.727434
0 0.756709 0.467302 0.0273216 0.110065 0.634333
1 0.664539 0.439233 0.0369705 0.0331702 0.568893
0 0.456714 0.434036 0.0106258 0.037391 0.431684
