1 0.555059 0.437069 0.0325535 0.0384413 0.901179
0 0.977601 0.533985 0.0368858 0.146114 0.8706
1 0.074373 0.539793 0.148746 0.233882 0.866982
0 0.773682 0.453402 0.0135815 0.0596008 0.855275
0 0.877257 0.472467 0.0167778 0.093252 0.834783
0 0.611444 0.432007 0.00668799 0.0328557 0.725983
0 0.915571 0.45857 0.0228014 0.0877687 0.722416
0 0.644734 0.432286 0.00728887 0.0318709 0.716907
1 0.474812 0.428566 0.0212223 0.0218861 0.67803
0 0.362151 0.447786 0.00885801 0.0477097 0.62944
0 0.627609 0.433954 0.00897357 0.0344716 0.454246
