1 0.817562 0.442323 0.0815853 0.0602297 0.918929
1 0.546492 0.436429 0.0304779 0.0531496 0.898865
1 0.700007 0.434059 0.0703434 0.0385072 0.882232
1 0.499969 0.407303 0.034185 0.0822366 0.844582
1 0.755964 0.443421 0.0780104 0.0409965 0.831882
1 0.472849 0.41752 0.0254167 0.0398324 0.798834
1 0.719548 0.438995 0.0518283 0.0363837 0.762727
1 0.527444 0.405871 0.0313032 0.0590525 0.756225
1 0.633758 0.429209 0.035422 0.0285787 0.739832
1 0.655812 0.433679 0.048704 0.0237361 0.697626
1 0.681423 0.433675 0.0566326 0.0342989 0.546272
1 0.710255 0.435569 0.0584532 0.03927 0.2747
