1 0.432756 0.501061 0.100188 0.170758 0.958005
1 0.521915 0.466446 0.0662668 0.0763073 0.95674
0 0.698281 0.477214 0.0251009 0.121661 0.901564
0 0.947994 0.532551 0.104012 0.264574 0.875596
1 0.380224 0.440125 0.035948 0.0435111 0.86052
1 0.404995 0.462594 0.0499277 0.0736367 0.857224
1 0.294789 0.428298 0.0213065 0.0231052 0.756232
1 0.259361 0.427103 0.0213529 0.0195935 0.609359
1 0.23656 0.427644 0.0162718 0.0168076 0.527167
2 0.346194 0.443805 0.0112752 0.0464615 0.463796
1 0.362414 0.433423 0.0319571 0.0311876 0.430127
1 0.273033 0.438358 0.0199854 0.0295097 0.428505
