1 0.726082 0.456737 0.0930399 0.0510649 0.929203
2 0.876266 0.448165 0.0396122 0.0651767 0.927454
1 0.445015 0.441722 0.0398794 0.0539116 0.909441
1 0.0504508 0.451528 0.100902 0.0707407 0.874655
0 0.266964 0.462648 0.0142378 0.0731375 0.860093
1 0.499039 0.429209 0.0198235 0.0307775 0.85349
0 0.588909 0.445235 0.00915947 0.048582 0.839696
1 0.97234 0.443147 0.0551666 0.0622591 0.771174
0 0.404355 0.43201 0.00648947 0.0343113 0.693031
0 0.565031 0.437006 0.00762939 0.0397805 0.52218
1 0.473644 0.427816 0.0198927 0.020491 0.446925
