0 0.778999 0.550833 0.0377201 0.16558 0.940708
1 0.356601 0.456408 0.0480657 0.0564471 0.932224
1 0.41473 0.436605 0.0300223 0.0383333 0.908239
1 0.750052 0.442581 0.0793735 0.062609 0.907845
1 0.905464 0.453568 0.0587093 0.0585639 0.888075
1 0.446676 0.413613 0.0280064 0.0519216 0.878846
1 0.498796 0.430784 0.0184618 0.0248806 0.867729
1 0.697095 0.444289 0.0757336 0.0386659 0.866721
1 0.644917 0.433239 0.0774347 0.0426448 0.814746
0 0.547038 0.433251 0.00852337 0.038017 0.751856
1 0.468049 0.434131 0.0210156 0.024684 0.718909
1 0.679787 0.442047 0.0651175 0.0371574 0.65804
1 0.662363 0.435036 0.0550975 0.03988 0.643236
1 0.668359 0.438349 0.0522598 0.0384754 0.531854
