1 0.486769 0.478906 0.0631871 0.0965113 0.946109
0 0.894691 0.499196 0.0329357 0.160584 0.923352
1 0.286726 0.432106 0.0273296 0.0271342 0.867855
0 0.617431 0.460384 0.00826054 0.0471098 0.81663
1 0.321172 0.434968 0.0219015 0.0246509 0.807511
0 0.489478 0.446078 0.0116049 0.0577357 0.79317
1 0.253585 0.429152 0.0159605 0.0208574 0.790701
0 0.433292 0.435536 0.00830059 0.0372996 0.736574
1 0.403969 0.440136 0.0346807 0.0339812 0.691184
0 0.419908 0.433835 0.0072835 0.0374669 0.68517
0 0.549506 0.443668 0.0124753 0.0599092 0.350884
1 0.217944 0.426486 0.0225394 0.0149994 0.258172
