1 0.498055 0.505335 0.0886387 0.140216 0.963243
1 0.888521 0.489955 0.222852 0.165103 0.948744
1 0.398107 0.444315 0.0358748 0.0377444 0.91756
1 0.325573 0.442275 0.0285994 0.0369722 0.907168
1 0.277134 0.433398 0.0272523 0.0277113 0.879435
1 0.314302 0.436933 0.0246014 0.0296307 0.802857
1 0.217164 0.431047 0.0224786 0.0246465 0.781979
1 0.244978 0.430321 0.0168889 0.0224959 0.766947
1 0.232606 0.42969 0.0165854 0.0227766 0.707861
1 0.213765 0.430456 0.0202713 0.0252426 0.51656
0 0.908625 0.464739 0.0257851 0.115458 0.330093
