1 0.841986 0.714041 0.316028 0.560161 0.96862
1 0.237552 0.491285 0.137111 0.165485 0.962961
1 0.14326 0.538808 0.177553 0.164677 0.96114
1 0.500365 0.512443 0.0975624 0.1562 0.958943
1 0.390671 0.448514 0.049893 0.0674432 0.927823
1 0.789715 0.452141 0.117957 0.0808009 0.917682
1 0.424939 0.438397 0.0284697 0.0393842 0.856964
1 0.57318 0.471101 0.0641064 0.109928 0.836886
1 0.539165 0.450448 0.0527997 0.0672126 0.812653
1 0.500173 0.46574 0.0461582 0.0691277 0.758416
1 0.0519973 0.602546 0.103995 0.289999 0.680666
0 0.603534 0.447304 0.0128862 0.0568886 0.427444
