1 0.18436 0.452311 0.112399 0.0928281 0.955623
1 0.554049 0.443646 0.0937969 0.0609889 0.95124
1 0.0250688 0.448157 0.0500916 0.0754527 0.93968
1 0.361075 0.463517 0.115755 0.0682417 0.925365
1 0.234614 0.440044 0.0981084 0.0634808 0.919093
1 0.964865 0.501075 0.0699951 0.14464 0.913361
0 0.650757 0.541307 0.0262907 0.148576 0.906787
1 0.140131 0.448152 0.0741712 0.0585535 0.905139
1 0.339426 0.442145 0.0798142 0.0481914 0.885075
1 0.395356 0.450661 0.0936044 0.0557295 0.879031
1 0.976311 0.456725 0.0470793 0.0890411 0.551726
