1 0.636625 0.473407 0.07327 0.10836 0.947259
1 0.525713 0.472438 0.0678934 0.109684 0.903133
0 0.577878 0.498141 0.0294497 0.108793 0.874732
0 0.96551 0.506151 0.0355024 0.185833 0.855518
1 0.547803 0.458434 0.0516233 0.0744557 0.786851
1 0.598394 0.436835 0.0232323 0.0302002 0.736182
1 0.56656 0.44836 0.0454791 0.0630705 0.722449
1 0.666253 0.431117 0.0353079 0.0292967 0.686107
1 0.603057 0.432804 0.0300659 0.027303 0.477
0 0.704659 0.428868 0.0054554 0.0276036 0.316745
1 0.595852 0.432531 0.0242785 0.0302784 0.315735
