1 0.499107 0.541001 0.123145 0.177021 0.966097
1 0.87752 0.450308 0.0954803 0.0505839 0.923171
1 0.758946 0.436468 0.0872499 0.0490463 0.903731
1 0.499878 0.437698 0.0281858 0.038767 0.899676
1 0.811966 0.443128 0.0672146 0.0438599 0.895884
1 0.724745 0.433924 0.0789235 0.0435613 0.8907
1 0.855977 0.447845 0.0857061 0.042062 0.879244
1 0.964229 0.449117 0.0714241 0.0796911 0.781389
1 0.678707 0.431572 0.0430376 0.0327165 0.777479
1 0.565822 0.43144 0.0203183 0.0314583 0.695417
1 0.698692 0.43532 0.0514559 0.0323131 0.565437
1 0.716005 0.434432 0.0739677 0.0374575 0.429179
