1 0.562285 0.472072 0.08916729999999995 0.12220200000000003 0.4391123822132024
1 0.41037199999999996 0.44372 0.036340399999999995 0.05347479999999999 0.39922747291088445
1 0.5161119999999999 0.430475 0.020575099999999957 0.02324219999999999 0.2932692077792879
1 0.5438640000000001 0.453352 0.052064 0.0774146 0.28840757140010514
1 0.42774100000000004 0.4374 0.02673350000000002 0.0384757 0.2763701774481386
1 0.433798 0.446936 0.01659630000000001 0.022664899999999988 0.12265835516632928
1 0.450067 0.430075 0.026498999999999995 0.022504599999999986 0.118321015545771
1 0.469865 0.426611 0.01224160000000002 0.018744399999999994 0.10962398800706717
1 0.438637 0.432413 0.027813399999999988 0.02975430000000001 0.10688093950212135
1 0.443804 0.438857 0.015025899999999981 0.023372700000000024 0.09892903387467511
1 0.522445 0.43983 0.01610659999999997 0.02791189999999999 0.07574671915381338
