0 0.829048 0.509253 0.02348399999999995 0.09455999999999998 0.4156060476621589
0 0.43624000000000007 0.436301 0.007662200000000008 0.038092499999999974 0.38948912120710105
0 0.086336 0.45910800000000007 0.0189869 0.10059800000000002 0.359032062779505
0 0.20726899999999998 0.4346 0.010262899999999991 0.047989700000000024 0.2088966950184392
1 0.263783 0.540584 0.16226699999999997 0.18486200000000003 0.442752167411772
1 0.35655800000000004 0.43901599999999996 0.03936210000000001 0.043880399999999986 0.4051618454769492
1 0.40493500000000004 0.440704 0.033951200000000015 0.03561160000000002 0.398844047958011
1 0.29889200000000005 0.44565 0.027413100000000024 0.03802460000000002 0.3548863951371323
1 0.322168 0.437926 0.02694190000000002 0.024832799999999988 0.32779760567353505
1 0.254972 0.428207 0.014808900000000014 0.01914929999999998 0.2894887305409064
1 0.232618 0.423123 0.0186027 0.011541699999999988 0.28725837846474656
1 0.288424 0.434459 0.02857949999999998 0.0299296 0.26603866972361456
1 0.192468 0.424659 0.017160200000000014 0.014770799999999973 0.11507793651374283
1 0.29695000000000005 0.441646 0.025381700000000007 0.020162300000000022 0.09459436874450325
1 0.967188 0.491021 0.06483970000000006 0.08011800000000002 0.05432093128657222
2 0.207121 0.4314779999999999 0.011984099999999998 0.03235729999999998 0.1449653612194861
2 0.967141 0.491251 0.06472719999999998 0.07943600000000006 0.1235940574304063
