1 0.703592 0.517871 0.137139 0.19191499999999995 0.4430420293378677
1 0.16375100000000004 0.499544 0.16939500000000002 0.18177899999999997 0.4386615368439744
1 0.595996 0.461622 0.06389429999999996 0.09524880000000002 0.4234038838448804
1 0.0757084 0.5477559999999999 0.149599 0.17708899999999994 0.4192100587622545
1 0.643121 0.484383 0.08942360000000005 0.13375200000000004 0.41242490475171556
1 0.559753 0.445176 0.041682600000000014 0.06147370000000002 0.40484813415187093
1 0.407135 0.438603 0.029644400000000015 0.039295599999999986 0.3983189025381064
1 0.427215 0.436327 0.02929090000000001 0.03918050000000001 0.24888132036710184
1 0.501145 0.42190099999999997 0.014313299999999973 0.026145099999999977 0.09002837459848996
1 0.531432 0.43834700000000004 0.017059500000000005 0.03204570000000001 0.07884495429931432
1 0.5221800000000001 0.427866 0.016647100000000026 0.020113099999999995 0.06697148111955044
1 0.465866 0.426058 0.01239990000000002 0.01367649999999998 0.06681726177565613
