1 0.523733 0.449064 0.05657010000000001 0.06917980000000001 0.4255705100139886
1 0.287802 0.463863 0.05043510000000001 0.06794149999999999 0.4205107682913804
1 0.346862 0.443157 0.030272299999999974 0.047970100000000016 0.4198035418830898
1 0.06016609999999999 0.552746 0.12013499999999999 0.18533500000000003 0.4142039781873571
1 0.379053 0.437063 0.02100780000000002 0.02445170000000002 0.4084649872360341
1 0.625105 0.438852 0.07619480000000001 0.047713899999999976 0.3419473274005156
1 0.4738859999999999 0.431952 0.0298968 0.023076700000000006 0.30959271733094207
1 0.512132 0.444448 0.04083600000000004 0.05227740000000003 0.281782666067385
1 0.458049 0.431393 0.01840249999999999 0.020126199999999983 0.11509926892482905
1 0.4972150000000001 0.446298 0.01517240000000003 0.04584929999999998 0.06045225177311263
