1 0.249967 0.470551 0.06777630000000001 0.06734739999999995 0.42745323660674656
1 0.279327 0.45320799999999994 0.07885120000000001 0.08058899999999997 0.4229741360209061
1 0.318644 0.44966 0.04510320000000001 0.0579113 0.4101504976448978
1 0.179364 0.440675 0.07081989999999999 0.04488639999999999 0.4084026118848489
1 0.437257 0.436983 0.05036069999999998 0.05127919999999997 0.4038565495249421
1 0.377714 0.441423 0.028349500000000027 0.031779500000000016 0.36917768883514446
1 0.38730299999999995 0.436379 0.04336319999999999 0.033465999999999996 0.2965351713879894
1 0.570163 0.44508899999999996 0.038694000000000006 0.06327509999999997 0.29626365515341874
1 0.48306400000000005 0.440439 0.038174100000000044 0.017098700000000022 0.07553773620616887
1 0.534595 0.432225 0.01881580000000005 0.013443800000000006 0.06571899973378031
