0 0.7556399999999999 0.461836 0.020451499999999956 0.10162099999999996 0.3824714355564821
0 0.631138 0.433278 0.006882480000000024 0.036739100000000025 0.3414899125432544
0 0.674985 0.441013 0.011696099999999987 0.05696869999999998 0.2911640115517436
1 0.8821729999999999 0.61016 0.23562099999999997 0.36937400000000004 0.4384276292770301
1 0.14444099999999999 0.455765 0.06372059999999999 0.07300499999999999 0.4327656902301122
1 0.667972 0.474013 0.06672250000000002 0.09077029999999997 0.422871858790654
1 0.8095160000000001 0.443685 0.08582100000000004 0.06030390000000002 0.420767607972731
1 0.643374 0.460568 0.05085139999999999 0.07075500000000001 0.4021857156692984
1 0.518564 0.429851 0.04453290000000004 0.029930999999999985 0.36570989449462227
1 0.176141 0.431949 0.041951199999999994 0.02862920000000002 0.30384928809411776
1 0.123862 0.44104 0.03622560000000001 0.0322634 0.20229857012646643
1 0.633093 0.46512699999999996 0.029046099999999964 0.05783569999999999 0.07369937868027787
2 0.266848 0.4516530000000001 0.02792460000000002 0.0874029 0.4209148321472196
2 0.2660969999999999 0.45920099999999997 0.021728499999999984 0.05360599999999999 0.12390643028513097
