0 0.7031670000000001 0.468811 0.027881900000000015 0.12725699999999995 0.42451884324731515
0 0.628959 0.448032 0.018375299999999983 0.08041989999999999 0.4018330197497294
0 0.256883 0.44884899999999994 0.014322799999999997 0.07715929999999999 0.36080150472709577
0 0.6518379999999999 0.46080200000000004 0.010952799999999985 0.044225000000000014 0.2698720019677733
0 0.41501999999999994 0.428718 0.006789019999999979 0.030215199999999998 0.12234970999198358
0 0.33254300000000003 0.434412 0.005946920000000022 0.02976869999999998 0.10821054317320639
1 0.498549 0.48393300000000006 0.08720259999999996 0.13496800000000003 0.4389147073870201
1 0.878835 0.454415 0.08419270000000001 0.05719819999999998 0.4216000437256801
1 0.444058 0.445244 0.03228770000000003 0.044584400000000024 0.27021918939657075
1 0.478547 0.44286 0.07595150000000006 0.06934289999999999 0.26490648770422903
1 0.434825 0.428246 0.024947700000000017 0.027099800000000007 0.11394143587982807
1 0.436964 0.451719 0.015108100000000013 0.03212550000000003 0.102345779175321
1 0.5398150000000002 0.464617 0.015529400000000027 0.04353079999999998 0.1016478579608606
