0 0.694213 0.46377099999999993 0.02470070000000002 0.09873689999999996 0.37256063435236325
0 0.704637 0.448553 0.009518809999999989 0.05677890000000002 0.2757192324990941
1 0.5287109999999999 0.439952 0.037802299999999955 0.04262710000000003 0.40987256041829334
1 0.666641 0.448912 0.04158099999999998 0.04851479999999997 0.38976293065311235
1 0.747142 0.434738 0.03484419999999999 0.03533900000000001 0.32045695583335077
1 0.279354 0.42711699999999997 0.021852499999999997 0.01359539999999998 0.2913172688465149
1 0.307917 0.4267270000000001 0.021796900000000008 0.011953900000000017 0.2487695705056609
1 0.5762850000000002 0.423739 0.021747300000000025 0.01661459999999998 0.24740188022125348
1 0.399721 0.424948 0.02019120000000002 0.011912499999999993 0.18785307942554613
1 0.371915 0.425113 0.018281199999999997 0.012112000000000012 0.13387787362343895
