1 0.101007 0.519371 0.164291 0.165427 0.44489310961274503
1 0.41059 0.46607299999999996 0.05832900000000002 0.06693169999999998 0.4285879176275708
1 0.668496 0.43540499999999993 0.05806979999999995 0.03803709999999999 0.4098588011496495
1 0.648402 0.432452 0.059730700000000025 0.03389710000000001 0.405266415918642
1 0.742252 0.430836 0.05183179999999998 0.028523599999999982 0.37948659154535686
1 0.776476 0.434689 0.04855209999999999 0.026804400000000006 0.371945595043986
1 0.499227 0.4184300000000001 0.016219699999999948 0.027472400000000008 0.3261639218432295
1 0.57342 0.428642 0.026615399999999956 0.020447800000000016 0.14260465933400068
1 0.5583370000000001 0.427426 0.020775600000000005 0.015550100000000011 0.107915752786091
1 0.130057 0.87049775 0.260114 0.25900449999999997 0.06768293586827095
1 0.733057 0.43294199999999994 0.029418399999999956 0.020810099999999998 0.04313814045410634
2 0.3604010000000001 0.478866 0.0360723 0.13402200000000003 0.4266308909841363
