1 0.94752075 0.458079 0.10495850000000007 0.0572203 0.4269294671137064
1 0.823646 0.440192 0.10038499999999995 0.055945999999999996 0.4203387774333331
1 0.55561 0.409148 0.06314679999999995 0.11998799999999998 0.4173892488783935
1 0.862906 0.447963 0.08056719999999995 0.052334099999999995 0.41321697998330953
1 0.773139 0.437694 0.08102109999999996 0.045376499999999986 0.3984110896380198
1 0.734498 0.438302 0.056167999999999996 0.029942499999999983 0.36916714006251755
1 0.525558 0.41485099999999997 0.019447899999999962 0.051307099999999994 0.14919402430490933
1 0.686763 0.43040100000000003 0.02781469999999997 0.0348523 0.119163713360349
1 0.879184 0.4587629999999999 0.03066179999999996 0.03992279999999998 0.06980376658017243
1 0.5967549999999999 0.4490120000000001 0.020985799999999943 0.020679700000000023 0.060645498053012836
1 0.913325 0.437195 0.021810499999999955 0.014467899999999978 0.051616584934711496
