1 0.795948 0.484363 0.14490800000000004 0.15115100000000004 0.4461768493772102
1 0.498712 0.374205 0.229086 0.512051 0.4456861021289152
1 0.946494 0.449607 0.10701099999999997 0.07841739999999997 0.4300821742022859
1 0.6121299999999998 0.468995 0.08564629999999995 0.11262099999999997 0.41626053020731496
1 0.878387 0.439857 0.10667300000000002 0.057031900000000024 0.40420878680222294
1 0.8247500000000001 0.44120899999999996 0.0827173 0.048943899999999985 0.26320013260240155
1 0.633062 0.470339 0.0436029 0.11066100000000001 0.1464772180974486
1 0.846828 0.439219 0.024926000000000004 0.024052899999999988 0.052129285569821306
1 0.872633 0.435778 0.06824470000000005 0.0444349 0.04358049818439907
1 0.990613 0.45427399999999996 0.01813929999999997 0.09761879999999995 0.0012532103799094629
