1 0.817562 0.442323 0.08158529999999997 0.0602297 0.42145969918551346
1 0.546492 0.436429 0.030477899999999947 0.05314960000000002 0.41225750031654956
1 0.700007 0.434059 0.07034340000000006 0.03850720000000002 0.4046289031381466
1 0.499969 0.407303 0.034184999999999965 0.08223659999999999 0.3873610209901955
1 0.7559640000000001 0.443421 0.07801040000000004 0.04099649999999999 0.3815362639309928
1 0.4728490000000001 0.41752 0.025416700000000014 0.03983239999999999 0.36637905359299844
1 0.7195480000000001 0.438995 0.05182830000000005 0.03638370000000002 0.34981885649562605
1 0.527444 0.405871 0.031303199999999975 0.05905250000000001 0.3468367643382295
1 0.633758 0.42920900000000006 0.035421999999999954 0.028578700000000012 0.33931824130897686
1 0.6558119999999998 0.4336789999999999 0.04870399999999997 0.023736099999999982 0.3199607848963228
1 0.6814230000000001 0.433675 0.05663260000000003 0.03429890000000002 0.25054344001927115
1 0.7103269999999999 0.442987 0.031170299999999984 0.03375260000000002 0.10454324745913729
1 0.656517 0.4364279999999999 0.024996600000000035 0.025079699999999983 0.05279179928185702
1 0.791598 0.46416499999999994 0.019093499999999985 0.016441399999999995 0.04720984586627068
