1 0.240564 0.464117 0.14989600000000003 0.11377400000000004 0.4365802181404577
1 0.813274 0.471499 0.07083280000000003 0.10701000000000005 0.43573035398056
1 0.028112925 0.449557 0.05622585 0.0731618 0.4335146530866223
1 0.619251 0.44179099999999993 0.0492013 0.04391309999999998 0.43334633136687994
1 0.44079 0.452118 0.06327130000000003 0.05417830000000001 0.4279848030186848
1 0.510255 0.43743599999999994 0.04870740000000001 0.03249819999999998 0.39341876833176626
1 0.304666 0.4612339999999999 0.0651407 0.0641717 0.38760593597205484
1 0.768743 0.4371 0.027061800000000025 0.042998800000000004 0.38012914939102166
1 0.497154 0.44086 0.04424040000000001 0.029126399999999997 0.14449451708705824
1 0.673222 0.441745 0.022245100000000018 0.0177022 0.05468964141182153
1 0.32478699999999994 0.463503 0.02489659999999999 0.05801849999999997 0.053366030287847116
2 0.32407 0.463216 0.026920100000000002 0.05870900000000001 0.10117481372846647
