0 0.698281 0.477214 0.02510089999999998 0.12166100000000002 0.41349537585220214
0 0.947994 0.532551 0.104012 0.26457400000000003 0.40158535291414116
1 0.4327559999999999 0.501061 0.100188 0.17075799999999997 0.4393816052363326
1 0.521915 0.466446 0.06626679999999996 0.07630730000000002 0.4388014227418529
1 0.380224 0.440125 0.03594799999999998 0.04351109999999997 0.3946708617783507
1 0.404995 0.462594 0.04992770000000002 0.0736367 0.39315917679668677
1 0.294789 0.42829799999999996 0.021306500000000006 0.023105199999999992 0.34683997483424645
1 0.259361 0.427103 0.021352900000000008 0.019593499999999986 0.2794778060502882
1 0.273035 0.437574 0.022264700000000026 0.0318001 0.24508278633605246
1 0.23656 0.427644 0.016271800000000003 0.016807599999999978 0.24178107910462027
1 0.336211 0.429337 0.01624979999999998 0.019884000000000013 0.20435791330880862
1 0.362414 0.433423 0.031957100000000016 0.031187599999999982 0.19727443146485457
1 0.358946 0.43101 0.021011200000000008 0.022992699999999977 0.13955011294554415
1 0.390384 0.464702 0.018006999999999995 0.06831730000000003 0.11535559713290199
2 0.345948 0.443705 0.013162200000000013 0.047456900000000024 0.3138237912571214
