1 0.5902130000000001 0.422002 0.07880030000000005 0.15949299999999994 0.43387147678678445
1 0.926143 0.461867 0.13112400000000002 0.06763980000000003 0.4241569744819836
1 0.792369 0.441736 0.11027699999999996 0.06040679999999998 0.4206497369046826
1 0.441998 0.445986 0.03681590000000001 0.04921320000000001 0.4196361374479237
1 0.742447 0.439261 0.08701460000000005 0.04921209999999998 0.41834184891083165
1 0.82924 0.448321 0.08139390000000002 0.05644680000000002 0.41812124197024286
1 0.702326 0.439411 0.06625080000000005 0.0331592 0.40072539862390455
1 0.8902189999999999 0.459356 0.12148199999999998 0.05879260000000003 0.39085679251029326
1 0.522725 0.421315 0.023108200000000023 0.0424138 0.3056172686845436
1 0.19101800000000002 0.431939 0.028164600000000012 0.03122720000000001 0.1024194267803644
1 0.660502 0.43143999999999993 0.03266100000000005 0.03774179999999999 0.08370160469856514
1 0.333813 0.44248300000000007 0.018177 0.01170880000000002 0.08244849384608526
1 0.38281200000000004 0.447698 0.015474700000000008 0.015643399999999974 0.07859552811556691
1 0.497452 0.428747 0.019888300000000025 0.018928800000000023 0.04529359183504531
2 0.866258 0.4714 0.026446199999999975 0.04413699999999998 0.08921337257601183
