0 0.8883619999999999 0.648685 0.05697669999999999 0.296693 0.43625228890444756
0 0.671318 0.49023399999999995 0.039247299999999985 0.17944399999999994 0.43283173471960235
0 0.267182 0.472104 0.022803499999999977 0.12388900000000003 0.4058580644703248
0 0.558009 0.44733900000000004 0.014526599999999945 0.06747540000000002 0.38111844080650986
0 0.347287 0.459352 0.022233999999999976 0.09454220000000002 0.38011584876466603
0 0.49914400000000003 0.47570999999999997 0.02026460000000002 0.08516159999999995 0.375198286151377
0 0.380185 0.437307 0.015144500000000005 0.07266729999999999 0.22739301188381347
1 0.411707 0.472457 0.05255270000000001 0.07763830000000005 0.41721221295517685
1 0.419449 0.456797 0.03291630000000001 0.05163610000000002 0.2661081203545508
1 0.76828 0.5008487500000001 0.460966 0.9983025000000001 0.10865083247375869
