0 0.685288 0.454007 0.019803400000000027 0.09162170000000003 0.3992238037725794
0 0.0826827 0.456321 0.0195298 0.10191299999999998 0.399164180275123
0 0.750723 0.515489 0.0462688 0.16423699999999997 0.3914768768838399
0 0.0445286 0.46231199999999995 0.022637199999999996 0.09968839999999995 0.33773684269951776
0 0.628709 0.443805 0.01120869999999996 0.06353249999999999 0.30772237407996356
0 0.7642439999999999 0.48958199999999996 0.018589999999999995 0.09072059999999998 0.15798254664108372
1 0.320002 0.442868 0.042926699999999984 0.056742599999999976 0.4060653707845579
1 0.541145 0.43534700000000004 0.019862200000000052 0.026598100000000013 0.3515084946850829
1 0.52905 0.429506 0.017867199999999972 0.024685999999999986 0.23343018699006388
1 0.351667 0.445828 0.025169600000000014 0.03324640000000001 0.1318652499968188
2 0.535417 0.46577499999999994 0.010034499999999946 0.02687679999999998 0.03947842100348821
