0 0.338589 0.455087 0.0200477 0.0909487 0.40740231305444574
0 0.384834 0.444227 0.011402599999999985 0.05626540000000002 0.35726628997021914
1 0.8613850000000001 0.518111 0.112591 0.16012799999999994 0.442254540529155
1 0.431921 0.448423 0.05112840000000002 0.06872509999999998 0.43150579986462956
1 0.364431 0.441628 0.033009999999999984 0.03591840000000002 0.38505175706948014
1 0.530228 0.44356400000000007 0.036217500000000014 0.0449078 0.38329974352883805
1 0.923506 0.428098 0.0303852 0.016875399999999985 0.18758990092748834
1 0.501343 0.428055 0.03593479999999999 0.025804500000000008 0.1403716000616142
1 0.889351 0.43296899999999994 0.03954239999999998 0.01968209999999998 0.11957787378541022
1 0.603829 0.43572 0.031124999999999958 0.020689999999999986 0.11048305269922938
