0 0.8946910000000001 0.499196 0.03293570000000001 0.16058400000000006 0.4234882740258956
0 0.617431 0.460384 0.008260539999999983 0.04710979999999998 0.37454105175249214
0 0.48947799999999997 0.446078 0.011604899999999974 0.0577357 0.3637813036730517
0 0.433292 0.435536 0.008300589999999997 0.03729959999999999 0.33782398473426173
0 0.552191 0.4417420000000001 0.014998599999999973 0.05592340000000001 0.3214955777786526
0 0.419908 0.433835 0.007283499999999998 0.03746689999999997 0.31424793655542294
1 0.486769 0.47890600000000005 0.06318709999999994 0.09651130000000002 0.43392559657678337
1 0.28672600000000004 0.432106 0.02732960000000001 0.027134199999999997 0.39803500296175637
1 0.321172 0.434968 0.021901500000000018 0.024650899999999976 0.3703586927270694
1 0.253585 0.429152 0.015960500000000016 0.020857400000000026 0.3626489158636681
1 0.404673 0.441299 0.03346450000000001 0.032751399999999986 0.32239899224666
1 0.970086 0.49418699999999993 0.05904200000000004 0.07704039999999995 0.13940484487979807
1 0.21794400000000003 0.426486 0.022539400000000015 0.014999399999999996 0.11840859681011524
2 0.486483 0.48304600000000003 0.064365 0.08342780000000005 0.07040113048774667
