0 0.5702749999999999 0.4335399999999999 0.00893668999999997 0.04597659999999998 0.3517905596922805
0 0.581307 0.43811 0.009681130000000038 0.04847610000000002 0.3478476119412597
0 0.632202 0.44575700000000007 0.00774651000000004 0.054403900000000005 0.29726532991068627
1 0.49595900000000004 0.675358 0.27717400000000003 0.3867499999999999 0.4484897824362306
1 0.232574 0.44867 0.09812940000000003 0.06864910000000002 0.4293859552089103
1 0.438655 0.446102 0.043008800000000014 0.0641583 0.40778940714562417
1 0.498051 0.472312 0.08441800000000005 0.12665300000000002 0.4075981533114756
1 0.49758 0.50442 0.10914200000000002 0.135915 0.39445851039894825
1 0.932276 0.461058 0.11768500000000004 0.074762 0.21051084790017646
1 0.44779199999999997 0.434625 0.02970299999999998 0.036506099999999986 0.19514171461705404
1 0.34237700000000004 0.443608 0.01413700000000001 0.016013100000000002 0.06109950091743634
1 0.460016 0.436416 0.010869399999999974 0.020464099999999985 0.0572891815565051
1 0.32343200000000005 0.445301 0.018517300000000014 0.017357100000000014 0.048958819119373956
1 0.5371649999999999 0.43846700000000005 0.011704599999999954 0.01241730000000002 0.042417873171449
