0 0.454334 0.4359700000000001 0.010945199999999988 0.045860100000000015 0.3649095637018421
0 0.5603069999999999 0.432846 0.0067447699999999555 0.03733160000000002 0.2944634841725234
0 0.523118 0.446111 0.01214369999999998 0.050600599999999996 0.2856499807841416
1 0.8122320000000001 0.441812 0.08278620000000003 0.05296279999999998 0.2724567779292619
1 0.464226 0.436346 0.019046200000000013 0.028013999999999983 0.2625394046862418
1 0.691224 0.43942 0.06828670000000003 0.04641050000000002 0.207891589292861
1 0.517984 0.453572 0.0197214 0.027195299999999978 0.05580725955502286
1 0.486879 0.42764499999999994 0.011180199999999973 0.015247799999999978 0.051231193941653194
2 0.454278 0.436046 0.010047499999999987 0.041633299999999984 0.2635696475766127
2 0.455918 0.445199 0.008473869999999994 0.02599499999999999 0.09684565643200511
