0 0.6915980000000002 0.444596 0.011364400000000052 0.04873270000000002 0.38133033354362417
0 0.60353 0.430765 0.006309129999999996 0.032003899999999974 0.19212373137738695
1 0.499448 0.452977 0.039240600000000014 0.0561064 0.42276407785294434
1 0.573351 0.435866 0.020901599999999965 0.029164000000000023 0.4042766658608657
1 0.876965 0.447727 0.09249379999999996 0.06884299999999999 0.40290486677708026
1 0.962205 0.458036 0.07521650000000002 0.06719950000000002 0.297620319041696
1 0.903794 0.458855 0.030420699999999967 0.03753400000000001 0.13262265581535274
1 0.854378 0.4587840000000001 0.028193899999999994 0.0373908 0.06970525504009302
1 0.501275 0.422347 0.01644019999999996 0.011956999999999995 0.0523089983154614
1 0.878309 0.4512010000000001 0.020288799999999996 0.02514440000000001 0.04948568275545366
