0 0.908625 0.46473899999999996 0.025785100000000005 0.11545799999999995 0.15139460881443909
1 0.498055 0.505335 0.08863869999999996 0.14021599999999995 0.44178397354153753
1 0.8885209999999999 0.48995500000000003 0.22285199999999994 0.16510300000000006 0.43513411900599586
1 0.398107 0.444315 0.035874799999999984 0.03774440000000001 0.42083181789306867
1 0.325573 0.442275 0.028599399999999997 0.03697220000000001 0.4160656072348613
1 0.277134 0.433398 0.027252300000000007 0.027711299999999994 0.4033460806582576
1 0.314302 0.436933 0.024601399999999995 0.02963070000000001 0.36822417151813014
1 0.21716399999999997 0.431047 0.022478599999999987 0.024646500000000016 0.3586486378266315
1 0.24497800000000003 0.430321 0.016888900000000012 0.022495900000000013 0.35175432695151854
1 0.23260599999999998 0.42969 0.0165854 0.02277659999999998 0.32465498871529436
1 0.15841900000000003 0.425551 0.026267100000000015 0.01760250000000002 0.1212921522510515
1 0.309416 0.44058 0.015166400000000024 0.01885530000000002 0.0979033178711006
