0 0.235174 0.457974 0.012654699999999991 0.0597975 0.30075605636561475
1 0.0849909 0.525935 0.16959 0.22168300000000002 0.4415633666009488
1 0.332946 0.4575659999999999 0.04511480000000001 0.06876739999999998 0.4270698116538731
1 0.49878199999999995 0.444449 0.039474399999999965 0.06035879999999999 0.42047958061578783
1 0.3694160000000001 0.445699 0.04885440000000002 0.062332900000000024 0.41035780395913085
1 0.541557 0.438423 0.029784000000000033 0.043166399999999994 0.4092079877427985
1 0.398918 0.440503 0.028466800000000014 0.0395915 0.39570234828434653
1 0.443394 0.430212 0.020574399999999993 0.026987800000000006 0.30126549224632604
1 0.462423 0.427041 0.017270699999999972 0.020280799999999988 0.23307407715549944
1 0.454132 0.426992 0.020026199999999994 0.02191540000000003 0.13002084229227936
