1 0.116215 0.517327 0.145853 0.16264300000000004 0.445365511169515
1 0.628535 0.480051 0.0813351 0.12063299999999999 0.44084329820859075
1 0.271758 0.47002900000000003 0.09895290000000001 0.11902700000000005 0.43493323368379655
1 0.21968299999999996 0.49809100000000006 0.10960699999999998 0.10760200000000003 0.4327565173843496
1 0.547258 0.440987 0.030418399999999957 0.05040040000000001 0.3939264853447219
1 0.463495 0.431887 0.021101599999999998 0.031773300000000004 0.3665184808485888
1 0.601431 0.462032 0.05907550000000006 0.09031919999999999 0.36326945887950285
1 0.572233 0.451924 0.046156500000000045 0.07197100000000001 0.32260161302953516
1 0.41865 0.439961 0.025034200000000006 0.030658999999999992 0.1392926424387811
1 0.438574 0.436569 0.016611700000000007 0.02184720000000001 0.09546586540418349
1 0.478274 0.42791 0.010839700000000008 0.019663299999999995 0.08165772629193337
1 0.5218690000000001 0.42663700000000004 0.018727700000000014 0.017953300000000005 0.040105684579776646
2 0.555013 0.463461 0.014140900000000012 0.05124829999999997 0.0646517389273608
