1 0.29094 0.483917 0.09811740000000002 0.13163000000000002 0.44178580811069
1 0.5676030000000001 0.472696 0.057945400000000036 0.08699860000000004 0.43222862011071644
1 0.33032800000000007 0.469878 0.07024780000000003 0.09105729999999995 0.42402763735673205
1 0.39747600000000005 0.449182 0.04237770000000002 0.058715799999999985 0.42293515142641547
1 0.442067 0.442997 0.03701650000000001 0.055427899999999974 0.40713675916962067
1 0.499935 0.442055 0.027208799999999977 0.04059020000000002 0.3958702113618007
1 0.537449 0.447471 0.037521099999999974 0.047943100000000016 0.3793003827763777
1 0.3213980000000001 0.431224 0.02879320000000002 0.04086719999999999 0.31570869775044696
1 0.522102 0.43531 0.031228699999999998 0.040537900000000016 0.279640624062573
1 0.4533769999999999 0.43075399999999997 0.038818399999999975 0.026581699999999986 0.18679307925430672
1 0.41741400000000006 0.445592 0.02347260000000001 0.03787849999999998 0.13772119377380243
1 0.3507330000000001 0.470123 0.03003070000000002 0.08618329999999996 0.1375752998878439
1 0.0561711 0.607104 0.112342 0.36703700000000006 0.13155366397548135
1 0.532515 0.43605799999999995 0.028650300000000017 0.037112599999999996 0.11861885286195216
1 0.462278 0.42805099999999996 0.012764200000000003 0.01538489999999998 0.04701030491927276
1 0.516356 0.444642 0.013846000000000025 0.02891100000000002 0.04307629534987118
2 0.250455 0.523093 0.019145999999999996 0.05417160000000004 0.12230270647530773
2 0.548463 0.477761 0.014365799999999984 0.07122819999999996 0.07229189111722624
2 0.412629 0.457536 0.01343939999999999 0.043947599999999976 0.062231596794962436
