1 0.428078 0.577502 0.15868800000000005 0.2620140000000001 0.44331492149930274
1 0.504997 0.46548500000000004 0.06681129999999996 0.07475320000000002 0.4322721911280884
1 0.32062 0.443115 0.03531630000000002 0.04240909999999998 0.42091666671637207
1 0.36732600000000004 0.441529 0.035585900000000004 0.04006480000000001 0.41311791324907426
1 0.404058 0.446953 0.034893799999999975 0.04118359999999999 0.410263782290065
1 0.246615 0.42745 0.02281559999999999 0.02158969999999999 0.3851925602519348
1 0.299865 0.43776 0.021556200000000025 0.029095199999999988 0.3371296003100387
1 0.275443 0.427419 0.01744859999999998 0.020935099999999984 0.28127981160033605
1 0.336769 0.434752 0.039718299999999984 0.032334699999999994 0.27398785786141766
1 0.280504 0.44040899999999994 0.02212219999999998 0.020373299999999983 0.10082136817092911
