1 0.498058 0.516282 0.09912410000000005 0.15585099999999996 0.44109601010934824
1 0.434433 0.447163 0.043635199999999985 0.061350300000000024 0.41953752935597666
1 0.5940799999999999 0.437742 0.06320409999999999 0.04142489999999999 0.41678338241577884
1 0.2791779999999999 0.439798 0.07678259999999998 0.041188400000000014 0.388598896525848
1 0.497381 0.457297 0.0522918 0.08684539999999996 0.3587871477976456
1 0.451035 0.44004999999999994 0.04064279999999998 0.032380699999999984 0.3187554729631272
1 0.480882 0.435779 0.03169480000000002 0.039879300000000006 0.2537580638167476
1 0.6818440000000001 0.422728 0.043651100000000054 0.06886180000000003 0.08900911062869062
1 0.46043900000000004 0.432849 0.016478700000000013 0.018159900000000007 0.08032168320044093
1 0.49929000000000007 0.428815 0.04276500000000005 0.03148240000000002 0.07701509457400525
