0 0.6033389999999998 0.445032 0.010910599999999993 0.055807300000000004 0.23995137692312538
1 0.841986 0.7140410000000001 0.316028 0.5601610000000001 0.4442500931247921
1 0.23755199999999999 0.491285 0.13711099999999998 0.165485 0.4416546364162859
1 0.14326 0.538808 0.17755299999999996 0.16467699999999996 0.4408194488096081
1 0.500365 0.512443 0.09756240000000005 0.15620000000000006 0.4398118117025949
1 0.390671 0.44851399999999997 0.04989300000000002 0.06744319999999998 0.42553886369610777
1 0.789715 0.452141 0.11795699999999998 0.08080090000000001 0.42088777225222007
1 0.42493899999999996 0.438397 0.028469699999999987 0.03938419999999998 0.393039929801774
1 0.57318 0.471101 0.06410640000000001 0.10992800000000003 0.3838313099407763
1 0.539165 0.45044800000000007 0.052799700000000005 0.06721260000000001 0.37271703137261425
1 0.500173 0.46574 0.04615820000000004 0.06912770000000001 0.347841649591514
1 0.0519974 0.602546 0.1039948 0.28999899999999995 0.31218221168970256
1 0.439981 0.435239 0.023440400000000028 0.03264739999999999 0.17085388130135887
1 0.499092 0.441704 0.032669599999999965 0.017556799999999984 0.11718577159156593
1 0.5178499999999999 0.439099 0.02607689999999996 0.03893380000000002 0.11486465538676309
1 0.477853 0.426342 0.016372700000000018 0.015494600000000025 0.10221233223284922
1 0.457483 0.433176 0.014973300000000023 0.017917000000000016 0.09417467181576235
1 0.5134670000000001 0.427797 0.019354500000000052 0.0181558 0.05078458731106951
1 0.5422579999999999 0.495763 0.018079199999999962 0.06467349999999994 0.049669014934674946
