0 0.5362830000000001 0.448365 0.015329400000000049 0.07243470000000002 0.40860670770306506
0 0.587221 0.454383 0.021237199999999956 0.09109870000000003 0.40667215453174876
0 0.12032599999999999 0.450702 0.015187199999999998 0.07982800000000001 0.40230817316022804
0 0.442638 0.44084600000000007 0.010398899999999989 0.051475400000000004 0.31924530292684594
0 0.353233 0.432114 0.009579090000000012 0.046638100000000016 0.1737387438073709
1 0.456515 0.455418 0.05328299999999997 0.05904680000000001 0.4313076663961591
1 0.35645499999999997 0.4426709999999999 0.03427839999999999 0.035336599999999996 0.3810767043582904
1 0.29527000000000003 0.431421 0.018580600000000003 0.025834899999999994 0.23422907518833436
1 0.187475 0.426412 0.021833800000000014 0.020542000000000005 0.21698210216065172
1 0.55786 0.94679 0.09660879999999994 0.10582999999999998 0.08039013770512873
1 0.162303 0.43117 0.02130080000000001 0.019175700000000018 0.05765254121472136
2 0.387413 0.454761 0.0270301 0.09215289999999998 0.40892959187390593
