0 0.0232351 0.47848 0.0217826 0.11424600000000001 0.40771923487554085
0 0.0985509 0.44626 0.015072699999999994 0.06563659999999999 0.28285747029534314
1 0.31815799999999994 0.475475 0.0814008 0.11306600000000006 0.4366467212722361
1 0.16149999999999998 0.467458 0.08096699999999998 0.11222100000000002 0.43483646016100197
1 0.719892 0.437929 0.049207 0.024990400000000024 0.39203045812560827
1 0.42674899999999993 0.437829 0.0478557 0.0263158 0.3849994718486337
1 0.7724790000000001 0.437391 0.04033790000000004 0.025859100000000024 0.36651618763714816
1 0.314126 0.44006199999999995 0.0431165 0.052532599999999985 0.29922373248098516
1 0.110075 0.447867 0.041458700000000015 0.04838819999999999 0.2225364486948452
1 0.662556 0.434658 0.04199660000000005 0.027285300000000012 0.20609085421497791
2 0.276458 0.44357599999999997 0.01696979999999998 0.062325699999999984 0.26495866636448073
2 0.279046 0.4565389999999999 0.016533399999999976 0.043993899999999975 0.04860789142867571
