0 0.892206 0.470152 0.0326727 0.133046 0.42020852302350525
0 0.872212 0.460579 0.02486109999999997 0.10546299999999997 0.35008853816104424
1 0.818205 0.5159590000000001 0.12207900000000005 0.14316000000000006 0.4408905383642677
1 0.175829 0.47297 0.16666400000000003 0.13116799999999995 0.43821298468618697
1 0.83825 0.452119 0.05941700000000005 0.07725769999999998 0.40800405173646725
1 0.936153 0.435206 0.03135869999999996 0.033963699999999986 0.32687188411524276
1 0.511783 0.424569 0.02545430000000004 0.017171099999999995 0.2626235761016843
1 0.145287 0.42335200000000006 0.025917899999999994 0.014666200000000018 0.20729819985729803
1 0.820215 0.4425140000000001 0.04163399999999995 0.03469030000000001 0.14278595161341534
1 0.806095 0.44164100000000006 0.022197699999999987 0.013629700000000022 0.06675352827129166
