0 0.577878 0.498141 0.029449700000000023 0.10879300000000003 0.40118908597720015
0 0.9655100000000001 0.506151 0.035502400000000045 0.18583299999999997 0.3923767330531435
0 0.704659 0.428868 0.005455399999999999 0.027603600000000006 0.14527265155253066
1 0.636625 0.473407 0.07326999999999995 0.10836000000000001 0.4344530352081285
1 0.525713 0.472438 0.06789339999999999 0.10968399999999995 0.41421498560227216
1 0.547803 0.458434 0.05162330000000004 0.07445570000000001 0.36088314305438224
1 0.5983939999999999 0.436835 0.023232299999999984 0.03020020000000001 0.33764419695731623
1 0.56656 0.44836 0.045479099999999995 0.06307050000000003 0.33134566241447927
1 0.666253 0.431117 0.03530789999999995 0.02929670000000001 0.3146776843793972
1 0.6054250000000001 0.432388 0.02265090000000003 0.0279046 0.18595217655462506
1 0.6575769999999999 0.436405 0.02294739999999995 0.03590559999999998 0.10180780260757753
1 0.663126 0.42641000000000007 0.022222500000000034 0.018479100000000026 0.10130315498105573
