0 0.107918 0.427799 0.008083389999999996 0.04171619999999998 0.2532347529659956
0 0.11222300000000002 0.427166 0.009682750000000004 0.0417748 0.17692768363671232
0 0.28007099999999996 0.429012 0.007853889999999975 0.029281 0.12140353095157927
1 0.39009799999999994 0.446635 0.04051569999999999 0.0446163 0.42566911810593566
1 0.30243200000000003 0.43936 0.02560420000000002 0.026309199999999977 0.3987908454525883
1 0.265137 0.43419399999999997 0.03071489999999999 0.031417399999999984 0.39380907291896156
1 0.23372299999999996 0.429483 0.017558199999999996 0.02280660000000001 0.3579579225407134
1 0.153899 0.423847 0.019058099999999994 0.02112219999999998 0.2904223869718435
1 0.220143 0.423858 0.017374 0.010873299999999975 0.22120400324743986
1 0.211386 0.42319000000000007 0.018783400000000006 0.010602500000000015 0.11105942184972199
1 0.125111 0.427434 0.019905800000000015 0.01694810000000002 0.09842483104014724
