0 0.801 0.460192 0.023406000000000038 0.11596799999999996 0.38275762834427285
0 0.57456 0.439258 0.010565900000000017 0.050753099999999995 0.35183688256338125
0 0.73444 0.449628 0.011645899999999987 0.06566179999999999 0.23604667457617845
0 0.221197 0.427071 0.0068032299999999934 0.029727899999999974 0.1420405993481054
1 0.751314 0.504504 0.11535799999999996 0.142428 0.4453017598914654
1 0.687594 0.473955 0.0665867 0.09079970000000004 0.4287810060308718
1 0.05974645 0.568676 0.1194929 0.336303 0.4285356324067244
1 0.890206 0.449843 0.11390100000000003 0.080372 0.4212340471797554
1 0.13309100000000001 0.437217 0.055656100000000014 0.03769509999999998 0.3020523616775669
1 0.673322 0.44069500000000006 0.03537179999999995 0.0341012 0.2712898040970635
