0 0.6321129999999999 0.4556220000000001 0.017471499999999973 0.07763110000000001 0.39725576971422993
0 0.59226 0.43236399999999997 0.010900200000000027 0.048720299999999994 0.32041850989987275
0 0.417071 0.431079 0.005750079999999991 0.031976000000000004 0.30279380405175943
0 0.323859 0.435543 0.009217639999999971 0.04381489999999999 0.14040172961943304
1 0.496203 0.663386 0.2590180000000001 0.36683399999999994 0.4481769883957285
1 0.658641 0.437293 0.07241300000000006 0.042806200000000016 0.39207265321611584
1 0.500507 0.43237400000000004 0.020132600000000056 0.03202310000000003 0.3332792983012193
1 0.283349 0.43699 0.07506639999999998 0.04877029999999999 0.27826270126412866
1 0.468085 0.43591 0.017425000000000024 0.023316100000000006 0.22366858799553246
1 0.194813 0.442888 0.0681136 0.0457187 0.1485846384917509
1 0.478555 0.428097 0.019592500000000013 0.02185959999999998 0.10156404828231416
1 0.0988739 0.47312599999999994 0.03171589999999999 0.025243799999999983 0.07402921923619873
