0 0.27299699999999993 0.446452 0.01078119999999999 0.0515371 0.18435710918868295
1 0.647601 0.491166 0.131367 0.16625299999999998 0.4425063351453362
1 0.139161 0.510431 0.171008 0.17853800000000003 0.4422829763510188
1 0.218785 0.48613799999999996 0.12262300000000001 0.12889799999999996 0.43490342193506837
1 0.396161 0.441164 0.03311010000000003 0.05176649999999999 0.4209065765860332
1 0.49973500000000004 0.4674 0.06373520000000005 0.09694619999999998 0.4193054563581848
1 0.445295 0.44295299999999993 0.03206419999999999 0.04945539999999998 0.41019773780057484
1 0.610929 0.47565 0.06206469999999997 0.07759889999999997 0.33536862668133727
1 0.534764 0.436562 0.038217500000000015 0.026779900000000023 0.2531891411155924
1 0.507531 0.445684 0.04024120000000003 0.04887560000000002 0.1336775380373631
1 0.48627100000000006 0.470099 0.032083900000000054 0.08549580000000001 0.06596512121730141
1 0.544767 0.44612700000000005 0.01308560000000003 0.019192700000000007 0.0540003753646205
2 0.49919099999999994 0.47586799999999996 0.03094469999999999 0.11857599999999996 0.40752247733393476
2 0.5463339999999999 0.437964 0.013263499999999984 0.03911999999999999 0.27903888538055144
