0 0.729691 0.479322 0.02991330000000003 0.13966000000000006 0.4171177326438228
0 0.246745 0.459742 0.020524199999999992 0.08689070000000004 0.38900892273143284
0 0.38883599999999996 0.43339 0.008115959999999978 0.04302139999999999 0.3847476772324524
0 0.569923 0.4372480000000001 0.009771349999999956 0.04674240000000002 0.36862823537396927
1 0.708832 0.451661 0.11946999999999997 0.08216279999999998 0.43324221956747533
1 0.275033 0.453171 0.12059799999999998 0.07776939999999999 0.4292203853428967
1 0.498402 0.43952900000000006 0.03462610000000005 0.048956500000000014 0.4130046286039071
1 0.43457200000000007 0.44389600000000007 0.0518266 0.06475320000000001 0.38743486239858377
1 0.0934995 0.465646 0.110125 0.0632797 0.3766842871649058
1 0.474048 0.43210799999999994 0.020197299999999974 0.02816869999999999 0.24408567879927207
1 0.98596475 0.45453600000000005 0.028070499999999998 0.05192530000000001 0.21337149121768811
1 0.524002 0.464722 0.11224199999999995 0.03828140000000002 0.10439217544879188
1 0.9860930000000001 0.470177 0.027054800000000045 0.0342247 0.10374775890466215
2 0.453398 0.432161 0.018866700000000014 0.05245899999999998 0.1402353833020407
