0 0.45632700000000004 0.43528500000000003 0.011447700000000005 0.04442600000000002 0.1581540788568429
1 0.601932 0.47751 0.08106400000000002 0.09544710000000006 0.43924126069616587
1 0.3691209999999999 0.433114 0.022999099999999995 0.03455560000000002 0.4103825706426897
1 0.478015 0.448601 0.04005009999999998 0.0505409 0.3956197926724838
1 0.32045900000000005 0.427318 0.022633300000000023 0.02145229999999998 0.39098200185495174
1 0.441414 0.4426089999999999 0.0409718 0.046552399999999994 0.3906655386761447
1 0.350537 0.425964 0.015477799999999986 0.020020399999999994 0.27127837811306676
1 0.41840199999999994 0.43113 0.020232399999999984 0.02481929999999999 0.27040619466798377
1 0.394672 0.421269 0.020623100000000005 0.014616399999999974 0.20720069812719266
1 0.296876 0.427771 0.0171848 0.014346000000000025 0.07768437505317102
