1 0.5606639683246613 0.44813740253448486 0.04146009683609009 0.05842965841293335 0.9118072390556335
1 0.14130250737071037 0.5107318013906479 0.12561220675706863 0.1525609791278839 0.7211819887161255
1 0.27663060277700424 0.4699585884809494 0.09919233620166779 0.11187401413917542 0.710299015045166
1 0.3579087406396866 0.4547439217567444 0.043960899114608765 0.05787765979766846 0.6469194889068604
1 0.43060140311717987 0.4347192347049713 0.026650041341781616 0.03576713800430298 0.6392704993486404
0 0.05687140300869942 0.5028487890958786 0.02288060635328293 0.10797777771949768 0.45951923727989197
1 0.5235470831394196 0.42691805958747864 0.01641637086868286 0.021433711051940918 0.3010862469673157
2 0.5443545281887054 0.4334545135498047 0.01965254545211792 0.05427289009094238 0.25603899359703064
1 0.470006 0.429514 0.018368700000000016 0.02348450000000002 0.196588
1 0.5461660000000002 0.435872 0.024730800000000053 0.05276930000000002 0.1132215
