1 0.7038544714450836 0.5174443274736404 0.13642364740371704 0.19111213088035583 0.722147986292839
1 0.16786283627152443 0.49916814267635345 0.1620812937617302 0.17962542176246643 0.7169842422008514
1 0.07504868546675425 0.5560334771871567 0.1494321815262083 0.19020786881446838 0.6871760040521622
1 0.558377206325531 0.4454643577337265 0.039025068283081055 0.06052151322364807 0.6586262583732605
1 0.4074612110853195 0.4387515038251877 0.030874818563461304 0.03876975178718567 0.6159719824790955
1 0.6413438022136688 0.4790772497653961 0.0842248797416687 0.12084060907363892 0.607678234577179
1 0.5932943522930145 0.4618508815765381 0.058425962924957275 0.08945667743682861 0.5891160070896149
1 0.4279176741838455 0.4376119524240494 0.02829006314277649 0.03654196858406067 0.22414900362491608
1 0.501145 0.42190099999999997 0.014313299999999973 0.026145099999999977 0.14302325
1 0.531432 0.43834700000000004 0.017059500000000005 0.03204570000000001 0.12525675
1 0.5221800000000001 0.427866 0.016647100000000026 0.020113099999999995 0.106394
1 0.465866 0.426058 0.01239990000000002 0.01367649999999998 0.106149
