1 0.26406218856573105 0.5417016893625259 0.16289259493350983 0.18365511298179626 0.7242865115404129
1 0.3569022864103317 0.4394264221191406 0.03851398825645447 0.043112993240356445 0.6555799841880798
1 0.2543468400835991 0.42909395694732666 0.015706494450569153 0.01920914649963379 0.5411990135908127
1 0.4057023525238037 0.4413626492023468 0.0323939323425293 0.033669471740722656 0.5259705036878586
1 0.32314321398735046 0.4368083029985428 0.023977696895599365 0.023564249277114868 0.48002851009368896
0 0.829020082950592 0.5089704692363739 0.023670196533203125 0.0943945050239563 0.4515385031700134
1 0.29747529327869415 0.44442231953144073 0.02805832028388977 0.03858521580696106 0.4408797472715378
0 0.4360474646091461 0.43651343882083893 0.0080832839012146 0.0400560200214386 0.40376225113868713
2 0.967141 0.491251 0.06472719999999998 0.07943600000000006 0.19634725
0 0.086336 0.45910800000000007 0.0189869 0.10059800000000002 0.19570375
1 0.232618 0.423123 0.0186027 0.011541699999999988 0.188556
1 0.29695000000000005 0.441646 0.025381700000000007 0.020162300000000022 0.150277
1 0.288424 0.434459 0.02857949999999998 0.0299296 0.14501425
0 0.20726899999999998 0.4346 0.010262899999999991 0.047989700000000024 0.1371195
1 0.967188 0.491021 0.06483970000000006 0.08011800000000002 0.08629675
2 0.207121 0.4314779999999999 0.011984099999999998 0.03235729999999998 0.07901875
