1 0.036412078712601215 0.4437834322452545 0.07014266436453909 0.058010637760162354 0.8723964095115662
1 0.14474187046289444 0.4395419657230377 0.04454369843006134 0.045965492725372314 0.7603210210800171
1 0.4792020320892334 0.4322594553232193 0.02338200807571411 0.025332123041152954 0.6609814763069153
0 0.1740386039018631 0.44030122458934784 0.011172324419021606 0.05272439122200012 0.37110376358032227
1 0.5077891498804092 0.4309017211198807 0.01577576994895935 0.01694527268409729 0.31613999605178833
1 0.44875115156173706 0.43347279727458954 0.0194777250289917 0.02133890986442566 0.19176624715328217
0 0.288893 0.426547 0.008318040000000027 0.036402900000000016 0.18867925
1 0.0543298 0.443799 0.04651430000000001 0.03521249999999998 0.16007175
1 0.611414 0.424432 0.02220080000000002 0.01842189999999999 0.14114275
1 0.0682089 0.44545899999999994 0.019552299999999995 0.03238849999999999 0.1152615
