1 0.4105338454246521 0.44386205077171326 0.03592514991760254 0.05198371410369873 0.8783607482910156
1 0.5630549490451813 0.47245775163173676 0.08725982904434204 0.12033286690711975 0.7169289886951447
1 0.5166867077350616 0.43241913616657257 0.020044028759002686 0.025278359651565552 0.424259752035141
1 0.5430926084518433 0.45246995985507965 0.04819166660308838 0.07239493727684021 0.2886489927768707
1 0.42740070819854736 0.43711984157562256 0.02898252010345459 0.03957778215408325 0.2771492600440979
1 0.433798 0.446936 0.01659630000000001 0.022664899999999988 0.19486075
1 0.469865 0.426611 0.01224160000000002 0.018744399999999994 0.17415375
1 0.443804 0.438857 0.015025899999999981 0.023372700000000024 0.15716325
1 0.522445 0.43983 0.01610659999999997 0.02791189999999999 0.12033475
1 0.450067 0.430075 0.026498999999999995 0.022504599999999986 0.07766575
