1 0.25002674013376236 0.46907472610473633 0.07008843123912811 0.0680994987487793 0.9259369969367981
1 0.3194771409034729 0.44956187903881073 0.04501551389694214 0.055927664041519165 0.8033459782600403
1 0.3848600834608078 0.43973228335380554 0.040383487939834595 0.03410935401916504 0.7873340249061584
1 0.2820126935839653 0.4529756009578705 0.07340814173221588 0.07857751846313477 0.6857847422361374
1 0.5701294839382172 0.4429811090230942 0.03792160749435425 0.05798181891441345 0.4772307425737381
1 0.17793633788824081 0.4421521723270416 0.07467816770076752 0.04707539081573486 0.4452802538871765
1 0.43777479231357574 0.43695884943008423 0.05050894618034363 0.04922842979431152 0.4343147575855255
1 0.48306400000000005 0.440439 0.038174100000000044 0.017098700000000022 0.12000275
1 0.534595 0.432225 0.01881580000000005 0.013443800000000006 0.10440425
1 0.183844 0.433853 0.060598999999999986 0.027965000000000018 0.1006045
