1 0.14455218985676765 0.45676472783088684 0.06382554024457932 0.07331538200378418 0.7062849998474121
1 0.882203996181488 0.6197201162576675 0.23530888557434082 0.3885670602321625 0.6792854815721512
1 0.6645438373088837 0.47418563067913055 0.07333141565322876 0.08815637230873108 0.6601549834012985
1 0.8096631765365601 0.44382917881011963 0.08496212959289551 0.059612154960632324 0.45763999223709106
2 0.26720699667930603 0.45251980423927307 0.027655601501464844 0.08914661407470703 0.45084598660469055
0 0.7556934952735901 0.46339747309684753 0.020924925804138184 0.10287481546401978 0.40619200468063354
1 0.17856193333864212 0.4323805421590805 0.03691379725933075 0.026630908250808716 0.38199174404144287
1 0.5184860080480576 0.43009570240974426 0.04432752728462219 0.029280245304107666 0.348834753036499
1 0.6444286406040192 0.46058887243270874 0.05345386266708374 0.0700463056564331 0.32297849655151367
2 0.2660969999999999 0.45920099999999997 0.021728499999999984 0.05360599999999999 0.1968435
0 0.631138 0.433278 0.006882480000000024 0.036739100000000025 0.18614175
0 0.674985 0.441013 0.011696099999999987 0.05696869999999998 0.15870975
1 0.123862 0.44104 0.03622560000000001 0.0322634 0.1327885
1 0.633093 0.46512699999999996 0.029046099999999964 0.05783569999999999 0.11708225
