1 0.06026728354845545 0.5527502447366714 0.12044629647425609 0.18195340037345886 0.6933272480964661
1 0.5236126631498337 0.4501124620437622 0.056960731744766235 0.0692480206489563 0.6901527643203735
1 0.2885666787624359 0.4637402445077896 0.050702691078186035 0.061412304639816284 0.6661037653684616
1 0.34670010209083557 0.44233980774879456 0.03062528371810913 0.046536922454833984 0.6596417427062988
1 0.3792123645544052 0.4370898902416229 0.02135184407234192 0.02383732795715332 0.6430297493934631
1 0.625105 0.438852 0.07619480000000001 0.047713899999999976 0.22445375
1 0.4576113373041153 0.4322696179151535 0.016834288835525513 0.017371565103530884 0.19971349835395813
1 0.512132 0.444448 0.04083600000000004 0.05227740000000003 0.18496175
1 0.4738859999999999 0.431952 0.0298968 0.023076700000000006 0.168755
1 0.4972150000000001 0.446298 0.01517240000000003 0.04584929999999998 0.09603725
