1 0.49883314967155457 0.4838983416557312 0.0844927430152893 0.13445687294006348 0.7173889875411987
1 0.8786664009094238 0.4551668018102646 0.08363556861877441 0.053722530603408813 0.6863365173339844
1 0.4819454848766327 0.4453607201576233 0.08113116025924683 0.07155120372772217 0.5501829981803894
0 0.7033107280731201 0.46915076673030853 0.027350544929504395 0.12586477398872375 0.45719799399375916
0 0.628398597240448 0.44827598333358765 0.016989707946777344 0.08010441064834595 0.4345335066318512
0 0.25770002603530884 0.44665035605430603 0.013261616230010986 0.07001161575317383 0.35914674401283264
1 0.44401633739471436 0.4458068311214447 0.032655417919158936 0.04356813430786133 0.3241352438926697
1 0.436964 0.451719 0.015108100000000013 0.03212550000000003 0.16259125
1 0.5398150000000002 0.464617 0.015529400000000027 0.04353079999999998 0.1614825
0 0.6518379999999999 0.46080200000000004 0.010952799999999985 0.044225000000000014 0.14710375
