1 0.1268925480544567 0.44921940565109253 0.04006195813417435 0.043261170387268066 0.7501739859580994
1 0.8210830688476562 0.53559710085392 0.17026150226593018 0.191077321767807 0.7217250019311905
1 0.709563136100769 0.489880695939064 0.07929396629333496 0.1056201159954071 0.7030877619981766
1 0.04102421645075083 0.4449899047613144 0.04384307377040386 0.05713340640068054 0.657338485121727
1 0.6744492650032043 0.43775130808353424 0.03994190692901611 0.029913634061813354 0.6167845129966736
1 0.10202288627624512 0.436810240149498 0.05640453100204468 0.03488472104072571 0.5973037630319595
1 0.014315394924778957 0.44548292458057404 0.028274565454921685 0.038433462381362915 0.5593637377023697
1 0.9377715587615967 0.45577655732631683 0.12436056137084961 0.08917000889778137 0.4624137580394745
1 0.4750329999999999 0.455775 0.028691399999999978 0.016358399999999995 0.17380775
0 0.8085849999999999 0.462032 0.026838699999999993 0.10917200000000005 0.1665875
1 0.42264 0.425796 0.01570640000000001 0.009792330000000016 0.10727425
0 0.6089769999999999 0.430033 0.006900849999999958 0.027590700000000024 0.08867325
