1 0.5563609302043915 0.4379540681838989 0.03518611192703247 0.037878334522247314 0.628327265381813
1 0.07432270275057817 0.5366793274879456 0.14856823828813503 0.23262059688568115 0.5906602442264557
0 0.9746795892715454 0.5365945547819138 0.04607248306274414 0.14817801117897034 0.4986482709646225
0 0.773566484451294 0.45292988419532776 0.013571977615356445 0.05972796678543091 0.43720901012420654
0 0.8777098953723907 0.4683869630098343 0.01725083589553833 0.08289000391960144 0.33336374163627625
0 0.6449513733386993 0.43339622020721436 0.007019937038421631 0.03209632635116577 0.28972625732421875
0 0.6283715069293976 0.43514470756053925 0.007873475551605225 0.03572830557823181 0.2802317440509796
0 0.915732 0.45033499999999993 0.014419599999999977 0.06594939999999999 0.18442625
0 0.6114439999999999 0.4320069999999999 0.006687989999999977 0.03285569999999999 0.18149575
1 0.504321 0.43474499999999994 0.02097020000000005 0.016715199999999986 0.181447
0 0.9155709999999999 0.4585699999999999 0.02280139999999997 0.08776869999999998 0.180604
1 0.474812 0.428566 0.021222300000000027 0.02188610000000002 0.1695075
0 0.362151 0.447786 0.008858009999999972 0.04770970000000002 0.15736
1 0.95537 0.466323 0.08925629999999996 0.07326310000000003 0.15308625
1 0.44742899999999997 0.427747 0.019348199999999982 0.016372900000000024 0.148267
