1 0.5633116364479065 0.471961185336113 0.07379567623138428 0.08152428269386292 0.9417920112609863
1 0.45303504168987274 0.44896699488162994 0.03417012095451355 0.04267820715904236 0.8882267475128174
1 0.4146525412797928 0.4417094588279724 0.03586426377296448 0.039695024490356445 0.8746849894523621
1 0.30207599699497223 0.4397038221359253 0.025867968797683716 0.03529047966003418 0.6476542353630066
1 0.39157916605472565 0.43446996808052063 0.01930585503578186 0.025234520435333252 0.5519197583198547
0 0.7543150782585144 0.48659272491931915 0.023994803428649902 0.13193568587303162 0.4492207467556
1 0.3248749375343323 0.4268941730260849 0.017898976802825928 0.019997864961624146 0.2043992429971695
1 0.2696826010942459 0.4286168962717056 0.023444384336471558 0.01656094193458557 0.2014790028333664
1 0.342078 0.427659 0.024645699999999993 0.018962900000000005 0.11651075
1 0.29195899999999997 0.428193 0.01352239999999999 0.017876000000000003 0.1053425
1 0.353822 0.43329299999999993 0.018828100000000014 0.0177968 0.1040115
