1 0.6614478230476379 0.4602561742067337 0.055072665214538574 0.06371626257896423 0.9225429892539978
1 0.9334786534309387 0.5672742128372192 0.1324557065963745 0.2319563627243042 0.6692042648792267
1 0.784728467464447 0.44039933383464813 0.04664349555969238 0.034876495599746704 0.6538514792919159
1 0.6886116564273834 0.4464346617460251 0.04373592138290405 0.03968563675880432 0.6251877397298813
1 0.5242419242858887 0.43658366799354553 0.04064309597015381 0.03813427686691284 0.6219479888677597
1 0.8859293162822723 0.4872361570596695 0.08738762140274048 0.14286741614341736 0.4629657566547394
1 0.943709 0.439611 0.04881800000000003 0.0414427 0.196189
1 0.860354 0.435751 0.0449522 0.028893500000000016 0.14408025
1 0.847252 0.448005 0.012673399999999946 0.021011500000000016 0.0895045
0 0.736594 0.433633 0.009171869999999971 0.037231000000000014 0.0884475
