1 0.5285660028457642 0.44146324694156647 0.0374300479888916 0.038152605295181274 0.6696782559156418
1 0.6663540303707123 0.44989749789237976 0.04102224111557007 0.045767009258270264 0.6585080176591873
0 0.694481611251831 0.46321916580200195 0.023825764656066895 0.09875619411468506 0.42360925674438477
1 0.7484917938709259 0.4350869208574295 0.03855866193771362 0.0374961793422699 0.3607237637042999
0 0.7048818171024323 0.44674305617809296 0.00901263952255249 0.05483052134513855 0.3003247380256653
1 0.279354 0.42711699999999997 0.021852499999999997 0.01359539999999998 0.19122025
1 0.307917 0.4267270000000001 0.021796900000000008 0.011953900000000017 0.163292
1 0.5762850000000002 0.423739 0.021747300000000025 0.01661459999999998 0.16239425
1 0.399721 0.424948 0.02019120000000002 0.011912499999999993 0.1233065
1 0.371915 0.425113 0.018281199999999997 0.012112000000000012 0.08787725
