1 0.2143206000328064 0.4617387056350708 0.07658720016479492 0.07614713907241821 0.7128164917230606
1 0.34102004766464233 0.4501069486141205 0.050792396068573 0.0596308708190918 0.611930251121521
2 0.510933130979538 0.43522070348262787 0.013905942440032959 0.048150330781936646 0.4770517498254776
2 0.30200260877609253 0.4535714387893677 0.02917158603668213 0.09151726961135864 0.4496322572231293
0 0.7438060343265533 0.4520951807498932 0.021695196628570557 0.08029907941818237 0.42185723781585693
0 0.6195334196090698 0.4326011538505554 0.007241487503051758 0.036416709423065186 0.4015037417411804
1 0.5144142210483551 0.43072959780693054 0.02294546365737915 0.030753135681152344 0.3564414978027344
1 0.9807530641555786 0.4753754138946533 0.03804826736450195 0.09189915657043457 0.27738526463508606
2 0.30551399999999995 0.469375 0.026853599999999977 0.05675720000000001 0.207727
2 0.390448 0.432205 0.014408199999999982 0.03540359999999998 0.1417425
