1 0.3812236487865448 0.4801406115293503 0.06754136085510254 0.09371677041053772 0.8524414896965027
1 0.28227999061346054 0.4470089077949524 0.06660772860050201 0.06298321485519409 0.8518339991569519
1 0.10995632682170253 0.5560247004032135 0.21919720820733346 0.23463469743728638 0.7236092537641525
1 0.6560336649417877 0.6038237810134888 0.1788972020149231 0.2855803966522217 0.722364753484726
1 0.3824729025363922 0.44445188343524933 0.07775962352752686 0.06021496653556824 0.5588697642087936
1 0.4991743564605713 0.4665794223546982 0.06183826923370361 0.09314468502998352 0.45630499720573425
1 0.5490940809249878 0.4560049921274185 0.0911637544631958 0.06428250670433044 0.434237003326416
1 0.5998063385486603 0.45094530284404755 0.08066827058792114 0.07154044508934021 0.38389450311660767
2 0.499644 0.479109 0.03629389999999999 0.13190600000000002 0.21894375
1 0.620662 0.452034 0.042628 0.060402100000000014 0.078566
0 0.501474 0.480839 0.026448999999999945 0.13255900000000004 0.078167
