1 0.7403044700622559 0.4896452724933624 0.07745003700256348 0.1139879822731018 0.7062270194292068
1 0.814850926399231 0.4546126425266266 0.05749952793121338 0.08272445201873779 0.6975017488002777
1 0.869410365819931 0.44375282526016235 0.031021296977996826 0.035394251346588135 0.6394357681274414
1 0.6925095319747925 0.4329417496919632 0.034766197204589844 0.032161444425582886 0.637991264462471
1 0.01199090061163588 0.4844227731227875 0.023959604102856247 0.13543111085891724 0.5157735049724579
1 0.9866468012332916 0.46067698299884796 0.026362717151641846 0.07807716727256775 0.39866775274276733
1 0.7414858937263489 0.44117045402526855 0.03250002861022949 0.04633122682571411 0.38596975803375244
1 0.8469948172569275 0.4401494860649109 0.031162261962890625 0.035172343254089355 0.3445742428302765
1 0.741564 0.427433 0.023405099999999956 0.013770500000000019 0.1788795
1 0.79801 0.430094 0.02680210000000005 0.029209600000000002 0.10514025
1 0.84969 0.437501 0.02061500000000005 0.02605780000000002 0.091384
1 0.729067 0.465151 0.051412299999999966 0.07640549999999996 0.080792
