1 0.32947415113449097 0.4580633342266083 0.07787710428237915 0.06640326976776123 0.9318314790725708
1 0.7850666642189026 0.48594948649406433 0.0854344367980957 0.12903398275375366 0.7188557535409927
1 0.14486903324723244 0.4741888791322708 0.10920151323080063 0.08561214804649353 0.708272248506546
1 0.5344891250133514 0.44307155907154083 0.05342584848403931 0.047019749879837036 0.6884762495756149
1 0.6899404227733612 0.4374767988920212 0.024237334728240967 0.02770659327507019 0.5376152694225311
1 0.41490595042705536 0.4393386244773865 0.05437383055686951 0.03558385372161865 0.4061489999294281
2 0.48361 0.459507 0.0155304 0.02190960000000003 0.18694975
1 0.563543 0.438565 0.018483699999999992 0.024012900000000004 0.15241175
1 0.545256 0.43618100000000004 0.05459729999999996 0.0324412 0.10205475
1 0.990297 0.576427 0.018730000000000024 0.10246299999999997 0.09634675
