1 0.9386281371116638 0.45704254508018494 0.10253894329071045 0.05595552921295166 0.8883341550827026
1 0.817559540271759 0.44008538126945496 0.08731210231781006 0.05524677038192749 0.8857147693634033
1 0.8590341210365295 0.44908463954925537 0.07338035106658936 0.050557076930999756 0.8753277659416199
1 0.7707353830337524 0.43747611343860626 0.07262718677520752 0.04410305619239807 0.7490652203559875
1 0.5561405420303345 0.40906810760498047 0.06285727024078369 0.11704796552658081 0.6754277497529984
1 0.7297058999538422 0.43869858980178833 0.047813475131988525 0.028262734413146973 0.5968047380447388
1 0.686763 0.43040100000000003 0.02781469999999997 0.0348523 0.189309
1 0.879184 0.4587629999999999 0.03066179999999996 0.03992279999999998 0.1108935
1 0.525558 0.41485099999999997 0.019447899999999962 0.051307099999999994 0.09793075
1 0.5967549999999999 0.4490120000000001 0.020985799999999943 0.020679700000000023 0.09634425
1 0.913325 0.437195 0.021810499999999955 0.014467899999999978 0.0820005
