1 0.10115647874772549 0.519445151090622 0.16389377787709236 0.1641520857810974 0.7249065041542053
1 0.4102563112974167 0.46573100984096527 0.05718734860420227 0.06519892811775208 0.6948447525501251
2 0.36010564863681793 0.4837540537118912 0.034324437379837036 0.12416943907737732 0.5927077531814575
1 0.6688375473022461 0.4354342818260193 0.05737602710723877 0.036549925804138184 0.44366851449012756
1 0.6484456956386566 0.43261073529720306 0.05850309133529663 0.033462852239608765 0.4244317412376404
1 0.7407845556735992 0.4308076351881027 0.04887157678604126 0.026865273714065552 0.4116012454032898
1 0.7765280902385712 0.4350585639476776 0.049221932888031006 0.027050495147705078 0.40232551097869873
1 0.499227 0.4184300000000001 0.016219699999999948 0.027472400000000008 0.17778775
1 0.130057 0.87049775 0.260114 0.25900449999999997 0.10752425
1 0.57342 0.428642 0.026615399999999956 0.020447800000000016 0.0936055
