1 0.7812408804893494 0.4434405565261841 0.10506641864776611 0.06274056434631348 0.8443112373352051
1 0.3488950580358505 0.4590880572795868 0.04775473475456238 0.05322682857513428 0.6744875013828278
1 0.8355218768119812 0.45612791180610657 0.10879981517791748 0.06762057542800903 0.6611534804105759
1 0.4992699921131134 0.44015975296497345 0.028192579746246338 0.03723916411399841 0.6571999937295914
1 0.4299609810113907 0.4117663949728012 0.03881630301475525 0.07035931944847107 0.5822947472333908
1 0.8824424743652344 0.4369412511587143 0.0672224760055542 0.046447545289993286 0.41225698590278625
1 0.9502557218074799 0.4450006037950516 0.06798726320266724 0.042953819036483765 0.41089925169944763
1 0.9843704998493195 0.4504171162843704 0.03125101327896118 0.03954043984413147 0.2523665130138397
1 0.47918000000000005 0.42679 0.011878800000000023 0.016531000000000018 0.13857725
1 0.500095 0.41594 0.018734500000000043 0.024092800000000025 0.13122625
1 0.58567 0.428353 0.02170939999999999 0.0215669 0.13019875
1 0.666644 0.432516 0.02276100000000003 0.025778699999999988 0.08213425
