1 0.4215625673532486 0.45963259041309357 0.04633989930152893 0.05731639266014099 0.9199662208557129
1 0.6072000861167908 0.4777953773736954 0.06902873516082764 0.08958360552787781 0.91583651304245
1 0.5802243947982788 0.45895808935165405 0.053290486335754395 0.08184796571731567 0.8032932281494141
1 0.79129758477211 0.554438129067421 0.2877855896949768 0.3102010190486908 0.7299945205450058
1 0.39463265240192413 0.4418087750673294 0.03920301795005798 0.05121544003486633 0.6727079898118973
1 0.49942781031131744 0.4343579411506653 0.02288195490837097 0.03477102518081665 0.632855013012886
1 0.046933225 0.572098 0.09386645 0.20857199999999998 0.226613
1 0.5246650874614716 0.430313840508461 0.01733309030532837 0.024696022272109985 0.20565125346183777
2 0.445296 0.43866499999999997 0.011681400000000008 0.04205169999999997 0.124761
1 0.461666 0.426361 0.01357750000000002 0.01678639999999998 0.10974725
1 0.437628 0.438808 0.026439199999999996 0.0404158 0.094932
