1 0.75035160779953 0.4446594715118408 0.07486200332641602 0.039326250553131104 0.8501882553100586
1 0.5467926561832428 0.43611155450344086 0.029526174068450928 0.050736814737319946 0.6726172417402267
1 0.8174248933792114 0.44257304072380066 0.07960927486419678 0.06012052297592163 0.6630125194787979
1 0.6989553868770599 0.43543417751789093 0.06324046850204468 0.03946611285209656 0.6475119888782501
1 0.47213566303253174 0.4184035211801529 0.023244380950927734 0.042590707540512085 0.49589475989341736
1 0.4996778666973114 0.4065878987312317 0.03407317399978638 0.07824832201004028 0.37212875485420227
1 0.6572582423686981 0.43558469414711 0.048152387142181396 0.026926517486572266 0.33611273765563965
1 0.6312691867351532 0.42937934398651123 0.03215974569320679 0.028222203254699707 0.3290712535381317
1 0.7195480000000001 0.438995 0.05182830000000005 0.03638370000000002 0.19068175
1 0.527444 0.405871 0.031303199999999975 0.05905250000000001 0.18905625
1 0.7103269999999999 0.442987 0.031170299999999984 0.03375260000000002 0.16608225
1 0.6814230000000001 0.433675 0.05663260000000003 0.03429890000000002 0.136568
1 0.656517 0.4364279999999999 0.024996600000000035 0.025079699999999983 0.0838675
