1 0.30749091506004333 0.46047481894493103 0.07258617877960205 0.0800066590309143 0.7126940041780472
1 0.9229985177516937 0.49243244528770447 0.09718888998031616 0.11766320466995239 0.7120717316865921
1 0.6612928807735443 0.46370673179626465 0.05272465944290161 0.05919516086578369 0.6947962492704391
1 0.8766838908195496 0.47225436568260193 0.05608069896697998 0.0779452919960022 0.6591792404651642
1 0.3424273878335953 0.4378773719072342 0.03128787875175476 0.04420432448387146 0.5976337641477585
1 0.3737645894289017 0.4336218684911728 0.038595765829086304 0.02752402424812317 0.5908255130052567
0 0.19489184767007828 0.46484072506427765 0.016488775610923767 0.08742496371269226 0.38783448934555054
0 0.9142593145370483 0.4460402876138687 0.014859795570373535 0.0726754367351532 0.33088651299476624
0 0.9545669999999999 0.452121 0.013050099999999953 0.061156900000000014 0.1699435
1 0.880865 0.444072 0.04753879999999999 0.05025869999999999 0.1269845
1 0.7000710000000001 0.424711 0.024117300000000008 0.011424400000000001 0.100874
0 0.6224050000000001 0.434216 0.009117130000000029 0.04321140000000001 0.076666
