1 0.322213813662529 0.4454423040151596 0.03739681839942932 0.04514846205711365 0.7510697245597839
1 0.7104404866695404 0.4819035977125168 0.08252805471420288 0.12079301476478577 0.6966562718153
1 0.6796903908252716 0.45422181487083435 0.043905794620513916 0.06018650531768799 0.5319540202617645
2 0.5381663739681244 0.5439145714044571 0.06959635019302368 0.27239105105400085 0.47978276014328003
0 0.09371230378746986 0.5734803378582001 0.07324110716581345 0.2537098526954651 0.47158724069595337
1 0.8083944916725159 0.4394472986459732 0.06992316246032715 0.04867789149284363 0.44929349422454834
0 0.8493434488773346 0.46615228056907654 0.025567471981048584 0.12541180849075317 0.4394964873790741
1 0.3014727383852005 0.4360702633857727 0.03992179036140442 0.04271417856216431 0.2909570038318634
0 0.218882 0.453621 0.016242599999999996 0.08650659999999999 0.2149015
1 0.573817 0.424937 0.018752300000000055 0.011114000000000013 0.1530465
1 0.806929 0.492754 0.0339796 0.01040089999999999 0.11150575
