1 0.028724132185743656 0.449854776263237 0.05728494732466061 0.0727212131023407 0.930498480796814
1 0.619185209274292 0.44124677777290344 0.050409913063049316 0.04453533887863159 0.9279492497444153
1 0.4405452609062195 0.452022522687912 0.06490546464920044 0.05588275194168091 0.9084494709968567
1 0.8132257759571075 0.47147560119628906 0.07033902406692505 0.10486912727355957 0.8065282702445984
1 0.24115055054426193 0.46312499046325684 0.15033365786075592 0.11400187015533447 0.7112744897603989
1 0.7701205611228943 0.4379813075065613 0.029135465621948242 0.04182922840118408 0.5996000021696091
1 0.3059771806001663 0.4616631418466568 0.06347641348838806 0.06474301218986511 0.41742125153541565
1 0.5102371871471405 0.43841588497161865 0.05023378133773804 0.03293037414550781 0.4137917459011078
1 0.4968929588794708 0.4381151348352432 0.04349547624588013 0.029888778924942017 0.2578519880771637
2 0.32407 0.463216 0.026920100000000002 0.05870900000000001 0.160731
1 0.673222 0.441745 0.022245100000000018 0.0177022 0.0868825
1 0.32478699999999994 0.463503 0.02489659999999999 0.05801849999999997 0.08477975
