1 0.49931827187538147 0.43721306324005127 0.023819148540496826 0.040344059467315674 0.6257667392492294
0 0.8374297022819519 0.5414509922266006 0.03615844249725342 0.1512649953365326 0.47253474593162537
0 0.7855682373046875 0.4966655522584915 0.03749048709869385 0.17882022261619568 0.4686970114707947
1 0.42952680587768555 0.4526275098323822 0.037419021129608154 0.05572885274887085 0.457473486661911
1 0.47738756239414215 0.431965172290802 0.023459166288375854 0.030982136726379395 0.2741435095667839
1 0.42932100000000006 0.466616 0.0337114 0.0275088 0.20670875
1 0.6535089999999999 0.434247 0.047426599999999985 0.03550229999999999 0.18903475
0 0.33548 0.438508 0.008604429999999996 0.048898 0.15718025
1 0.428959 0.443576 0.0326979 0.030587299999999984 0.14800725
1 0.455354 0.45557900000000007 0.026436400000000027 0.042842800000000014 0.1214715
