1 0.4986579865217209 0.4966958910226822 0.0761517584323883 0.12197384238243103 0.7116452604532242
1 0.4645356833934784 0.4338955283164978 0.023070216178894043 0.03038156032562256 0.5169302523136139
0 0.7738660871982574 0.4887608736753464 0.03434175252914429 0.17015185952186584 0.4738772511482239
0 0.6390133500099182 0.4574897289276123 0.017772316932678223 0.08837628364562988 0.4467814862728119
1 0.499247282743454 0.45114174485206604 0.04853266477584839 0.08656489849090576 0.4405224919319153
2 0.4364178329706192 0.44463150203227997 0.017717212438583374 0.06435957551002502 0.43991801142692566
0 0.3248628079891205 0.4524906873703003 0.011073410511016846 0.060937345027923584 0.4076724946498871
0 0.3353416621685028 0.4514235556125641 0.012267112731933594 0.06173986196517944 0.40727001428604126
1 0.499475 0.42553 0.03569620000000001 0.030576900000000018 0.158939
1 0.475716 0.427259 0.015381199999999984 0.02409870000000003 0.14253575
1 0.9894349999999998 0.535175 0.02019749999999998 0.11899799999999999 0.123866
2 0.437898 0.455468 0.01353399999999999 0.03873389999999999 0.09936525
