1 0.35628296434879303 0.455936074256897 0.04851648211479187 0.05467909574508667 0.9314407706260681
1 0.6921124458312988 0.44405652582645416 0.07265579700469971 0.03851315379142761 0.7813335061073303
1 0.7490921318531036 0.44252796471118927 0.07864469289779663 0.06042566895484924 0.6784842610359192
1 0.4143114537000656 0.4366334527730942 0.028735071420669556 0.036797791719436646 0.6638875007629395
1 0.49906210601329803 0.43101219832897186 0.017549902200698853 0.024599701166152954 0.6021137684583664
1 0.6516709625720978 0.43472225964069366 0.07203954458236694 0.04249611496925354 0.5792824923992157
0 0.7790596783161163 0.5505792796611786 0.036955296993255615 0.16557294130325317 0.47174298763275146
1 0.09204585176166802 0.6997908055782318 0.1840783492434639 0.4550536274909973 0.47165149450302124
1 0.46764419972896576 0.4332589954137802 0.018626362085342407 0.023059934377670288 0.4548009932041168
1 0.9064808785915375 0.4537274092435837 0.05552941560745239 0.05727002024650574 0.43969500064849854
1 0.4470583200454712 0.4144901782274246 0.02686762809753418 0.05112317204475403 0.43200424313545227
0 0.5470375418663025 0.43418239057064056 0.008231520652770996 0.03776267170906067 0.3473089933395386
1 0.905245 0.455159 0.02627299999999999 0.04649370000000003 0.176504
1 0.65609 0.442492 0.02890820000000005 0.03217570000000003 0.17417175
1 0.696709 0.443732 0.03701030000000005 0.03291860000000002 0.13332525
1 0.6683589999999999 0.438349 0.05225979999999997 0.03847539999999999 0.1329635
1 0.614326 0.43874 0.03509640000000003 0.027758600000000022 0.124355
1 0.6309310000000001 0.44077 0.020959700000000026 0.02109620000000001 0.1198105
1 0.5909819999999999 0.428553 0.016416899999999957 0.027750900000000023 0.11039275
1 0.65683 0.424886 0.02572730000000001 0.016412900000000008 0.09042
