1 0.8511966168880463 0.460215762257576 0.1900767683982849 0.11063167452812195 0.6925044804811478
1 0.7599169313907623 0.4501981735229492 0.1284077763557434 0.08089238405227661 0.6692252308130264
0 0.5839662551879883 0.44732634723186493 0.014163851737976074 0.06980201601982117 0.4453762471675873
0 0.5438772439956665 0.43317289650440216 0.00691068172454834 0.034347981214523315 0.31593576073646545
1 0.721177 0.448616 0.09011449999999999 0.050488299999999986 0.21490475
2 0.947364 0.494158 0.06325570000000003 0.08922509999999995 0.21436475
1 0.6773720000000001 0.4379080000000001 0.06882500000000003 0.04961080000000001 0.2125145
1 0.963396 0.48218700000000003 0.07216219999999995 0.11347800000000002 0.206471
0 0.357352 0.432084 0.008414939999999982 0.0419929 0.153088
1 0.388056 0.44125899999999996 0.02305170000000001 0.01912799999999998 0.119575
1 0.667115 0.439365 0.03559420000000002 0.04891240000000002 0.116622
