1 0.7853907644748688 0.4420972019433975 0.09616154432296753 0.060114532709121704 0.8876302242279053
1 0.44140467047691345 0.44612257182598114 0.0362817645072937 0.04857954382896423 0.8843477368354797
1 0.9235527217388153 0.46210426092147827 0.13561087846755981 0.06880009174346924 0.7810942530632019
1 0.8244050741195679 0.44997018575668335 0.07182431221008301 0.05566966533660889 0.7638137340545654
1 0.5899608135223389 0.41556118428707123 0.07915353775024414 0.17150500416755676 0.7029160112142563
1 0.7408047914505005 0.4392552524805069 0.07925927639007568 0.04957464337348938 0.6270879954099655
1 0.8896195292472839 0.45986485481262207 0.12035512924194336 0.05913734436035156 0.43887126445770264
1 0.702582985162735 0.44050461053848267 0.06572574377059937 0.033594727516174316 0.4255392551422119
1 0.523514062166214 0.4205538481473923 0.023156702518463135 0.04065379500389099 0.28933799266815186
2 0.8688240945339203 0.47129325568675995 0.03153508901596069 0.04480287432670593 0.21729299426078796
1 0.19101800000000002 0.431939 0.028164600000000012 0.03122720000000001 0.16270825
1 0.660502 0.43143999999999993 0.03266100000000005 0.03774179999999999 0.13297225
1 0.333813 0.44248300000000007 0.018177 0.01170880000000002 0.1309815
1 0.38281200000000004 0.447698 0.015474700000000008 0.015643399999999974 0.1248605
