1 0.5418942868709564 0.4365936815738678 0.019068658351898193 0.028273820877075195 0.6111962646245956
1 0.3203216791152954 0.44340553879737854 0.04336726665496826 0.055789053440093994 0.4204757511615753
1 0.5286292433738708 0.4293132722377777 0.016928672790527344 0.023253440856933594 0.4110872447490692
0 0.045001741498708725 0.4630240350961685 0.021377839148044586 0.10054180026054382 0.3870145082473755
0 0.685288 0.454007 0.019803400000000027 0.09162170000000003 0.21761175
0 0.0826827 0.456321 0.0195298 0.10191299999999998 0.21757925
0 0.750723 0.515489 0.0462688 0.16423699999999997 0.213389
1 0.351667 0.445828 0.025169600000000014 0.03324640000000001 0.20948725
0 0.628709 0.443805 0.01120869999999996 0.06353249999999999 0.1677355
0 0.7642439999999999 0.48958199999999996 0.018589999999999995 0.09072059999999998 0.08611425
