1 0.4116230309009552 0.47069065272808075 0.051340341567993164 0.0767008364200592 0.6656315177679062
0 0.8879491686820984 0.6492090225219727 0.05623304843902588 0.295459508895874 0.47652700543403625
0 0.6711922883987427 0.4900015890598297 0.0388866662979126 0.17895609140396118 0.47271499037742615
0 0.2669261693954468 0.47246435284614563 0.02302652597427368 0.12379258871078491 0.42322325706481934
0 0.49918171763420105 0.4753222018480301 0.02029520273208618 0.08480677008628845 0.4229007363319397
0 0.5583184659481049 0.44956156611442566 0.013160645961761475 0.06184554100036621 0.3639164865016937
0 0.347287 0.459352 0.022233999999999976 0.09454220000000002 0.20719625
1 0.419449 0.456797 0.03291630000000001 0.05163610000000002 0.174673
1 0.76828 0.5008487500000001 0.460966 0.9983025000000001 0.17260775
0 0.380185 0.437307 0.015144500000000005 0.07266729999999999 0.123949
