1 0.3579680323600769 0.4485502988100052 0.04585295915603638 0.05816677212715149 0.6915795207023621
1 0.38933856785297394 0.44650547206401825 0.03978726267814636 0.04153439402580261 0.6659934818744659
1 0.2655026912689209 0.4347142428159714 0.028098762035369873 0.028345316648483276 0.6468227505683899
1 0.23424659669399261 0.4299768954515457 0.016897767782211304 0.019863039255142212 0.49918051064014435
0 0.597131997346878 0.4858391284942627 0.03027254343032837 0.1289968490600586 0.4530864953994751
1 0.3029017448425293 0.4380760192871094 0.024629712104797363 0.02767270803451538 0.44294899702072144
0 0.14109177887439728 0.436833992600441 0.0076446533203125 0.03934118151664734 0.23802225291728973
0 0.4624210000000001 0.4449930000000001 0.012326000000000004 0.05228070000000001 0.20281025
1 0.2220338061451912 0.42723700404167175 0.021726533770561218 0.016641855239868164 0.19732549786567688
1 0.18469799999999997 0.423415 0.01973549999999999 0.014730799999999988 0.1759495
1 0.200733 0.428818 0.014301399999999992 0.01611790000000002 0.135791
