1 0.4320271462202072 0.44811536371707916 0.05231788754463196 0.06732776761054993 0.93205326795578
1 0.8612876534461975 0.5201016664505005 0.11294341087341309 0.1530073881149292 0.7242714911699295
1 0.5303356647491455 0.44528335332870483 0.03609514236450195 0.04076296091079712 0.6658362597227097
0 0.3384599983692169 0.45425334572792053 0.02023899555206299 0.09080857038497925 0.44940975308418274
1 0.36514119803905487 0.4418317526578903 0.034716516733169556 0.03583285212516785 0.4213699996471405
0 0.38463185727596283 0.44410669803619385 0.011733382940292358 0.05715286731719971 0.393698513507843
1 0.603829 0.43572 0.031124999999999958 0.020689999999999986 0.1755185
1 0.923506 0.428098 0.0303852 0.016875399999999985 0.12313375
1 0.889351 0.43296899999999994 0.03954239999999998 0.01968209999999998 0.07849075
1 0.501343 0.428055 0.03593479999999999 0.025804500000000008 0.07651475
