1 0.4864406883716583 0.4800821989774704 0.06339555978775024 0.09112444519996643 0.7035849988460541
1 0.2871367186307907 0.4323710799217224 0.02884182333946228 0.026684999465942383 0.6226180046796799
1 0.40410158038139343 0.4415004402399063 0.03387194871902466 0.032440632581710815 0.6044022291898727
1 0.2536839470267296 0.42896874248981476 0.015579715371131897 0.020401984453201294 0.5692609995603561
0 0.8949454426765442 0.498392790555954 0.0324782133102417 0.16133230924606323 0.46065524220466614
1 0.32057616114616394 0.4343874454498291 0.023259878158569336 0.026952028274536133 0.41080547869205475
0 0.6176431775093079 0.4599137008190155 0.009575843811035156 0.049007952213287354 0.40024474263191223
0 0.4892953634262085 0.44493353366851807 0.011472582817077637 0.05612450838088989 0.37991100549697876
0 0.43311165273189545 0.43652719259262085 0.007901281118392944 0.03769636154174805 0.36018601059913635
0 0.4199202358722687 0.4336465299129486 0.007098257541656494 0.03852111101150513 0.30391573905944824
0 0.5514025986194611 0.4423075318336487 0.014257729053497314 0.05709373950958252 0.29875025153160095
1 0.970086 0.49418699999999993 0.05904200000000004 0.07704039999999995 0.221465
2 0.486483 0.48304600000000003 0.064365 0.08342780000000005 0.1118425
