1 0.4644460380077362 0.43649251759052277 0.01903623342514038 0.025868266820907593 0.3658812642097473
0 0.5600910186767578 0.4340861290693283 0.006789207458496094 0.0365852415561676 0.3074199855327606
0 0.523167610168457 0.4447094053030014 0.011372566223144531 0.04945632815361023 0.2767227590084076
0 0.454334 0.4359700000000001 0.010945199999999988 0.045860100000000015 0.1989075
1 0.8122320000000001 0.441812 0.08278620000000003 0.05296279999999998 0.17884025
2 0.454278 0.436046 0.010047499999999987 0.041633299999999984 0.17300675
2 0.455918 0.445199 0.008473869999999994 0.02599499999999999 0.1538535
1 0.691224 0.43942 0.06828670000000003 0.04641050000000002 0.13645975
1 0.517984 0.453572 0.0197214 0.027195299999999978 0.088658
1 0.486879 0.42764499999999994 0.011180199999999973 0.015247799999999978 0.08138825
