1 0.49772630631923676 0.5420847237110138 0.1455545723438263 0.21965116262435913 0.7209507375955582
1 0.21314171701669693 0.43823207914829254 0.043702855706214905 0.043712347745895386 0.5874325186014175
0 0.6058187186717987 0.44458846747875214 0.01397627592086792 0.06389990448951721 0.4402027428150177
0 0.2816108912229538 0.4505595713853836 0.015967577695846558 0.08168181777000427 0.43553775548934937
0 0.31927451491355896 0.44364121556282043 0.01394885778427124 0.06832373142242432 0.4037317633628845
1 0.49983181059360504 0.43063025176525116 0.020894020795822144 0.032707780599594116 0.372188001871109
0 0.40595842897892 0.43229833245277405 0.0052099525928497314 0.028898775577545166 0.3370260000228882
1 0.154293 0.442659 0.04529649999999999 0.03701139999999997 0.203692
1 0.167269 0.447518 0.028575099999999992 0.022699899999999995 0.1516105
1 0.498265 0.424715 0.019808200000000054 0.018528199999999995 0.145041
1 0.147186 0.443369 0.0304894 0.019774500000000028 0.12062
1 0.0521581 0.442643 0.05176820000000001 0.03538459999999999 0.11432725
0 0.512873 0.431242 0.007536320000000041 0.03261550000000002 0.0796965
