1 0.22962405532598495 0.4492443948984146 0.10013194382190704 0.06464019417762756 0.8389264941215515
1 0.49595117568969727 0.6759028732776642 0.27785801887512207 0.38794201612472534 0.7316872626543045
1 0.4380630999803543 0.4440966248512268 0.04065367579460144 0.05948883295059204 0.6606822609901428
1 0.49798013269901276 0.5181963890790939 0.11454460024833679 0.16820433735847473 0.4323279857635498
1 0.4986586570739746 0.4750462919473648 0.08389115333557129 0.13119730353355408 0.4281980097293854
0 0.5812560617923737 0.4381318539381027 0.00938791036605835 0.04972526431083679 0.39520499110221863
0 0.5701842606067657 0.4331042170524597 0.008148252964019775 0.044889867305755615 0.38242700695991516
0 0.631870836019516 0.4454749822616577 0.007367193698883057 0.055386364459991455 0.3358052372932434
1 0.44779199999999997 0.434625 0.02970299999999998 0.036506099999999986 0.12809075
1 0.932276 0.461058 0.11768500000000004 0.074762 0.11474675
1 0.34237700000000004 0.443608 0.01413700000000001 0.016013100000000002 0.0970655
1 0.460016 0.436416 0.010869399999999974 0.020464099999999985 0.09101225
1 0.32343200000000005 0.445301 0.018517300000000014 0.017357100000000014 0.07777825
