1 0.5066055804491043 0.4666505604982376 0.06675764918327332 0.07161054015159607 0.9264224767684937
1 0.3212336003780365 0.4423883259296417 0.03559219837188721 0.04256904125213623 0.8838302493095398
1 0.4043680429458618 0.4473416358232498 0.03503894805908203 0.03989872336387634 0.8814797401428223
1 0.3677130788564682 0.44068190455436707 0.035233646631240845 0.0386730432510376 0.8475149869918823
1 0.4284309297800064 0.5831774175167084 0.15846917033195496 0.2546592354774475 0.7224532663822174
1 0.2466421201825142 0.4277818202972412 0.022526845335960388 0.01979196071624756 0.6163005083799362
1 0.30006909370422363 0.43823306262493134 0.020878136157989502 0.028970450162887573 0.5403667688369751
1 0.3399849534034729 0.4356268048286438 0.03278970718383789 0.03361445665359497 0.39351850748062134
1 0.27514490485191345 0.4278317391872406 0.017379343509674072 0.020428717136383057 0.3340047597885132
1 0.280504 0.44040899999999994 0.02212219999999998 0.020373299999999983 0.1601695
