1 0.22076256573200226 0.4973513036966324 0.10952463746070862 0.10747978091239929 0.943482518196106
1 0.6274072825908661 0.4805411994457245 0.08563238382339478 0.12100940942764282 0.9297714829444885
1 0.5484309494495392 0.4411217272281647 0.03212231397628784 0.050288379192352295 0.8308830261230469
1 0.1164060290902853 0.5195934027433395 0.14486943557858467 0.15559235215187073 0.723066508769989
1 0.2744039222598076 0.47061310708522797 0.09373541176319122 0.11850884556770325 0.7057437300682068
1 0.4639911949634552 0.4322991669178009 0.021244347095489502 0.030919969081878662 0.5613790154457092
1 0.601028323173523 0.46542787551879883 0.05987691879272461 0.09580123424530029 0.43157026171684265
1 0.5739826261997223 0.4518449455499649 0.05132633447647095 0.0749233067035675 0.356176495552063
1 0.41865 0.439961 0.025034200000000006 0.030658999999999992 0.22128675
1 0.438574 0.436569 0.016611700000000007 0.02184720000000001 0.1516615
1 0.478274 0.42791 0.010839700000000008 0.019663299999999995 0.12972525
2 0.555013 0.463461 0.014140900000000012 0.05124829999999997 0.10270875
