1 0.8884162604808807 0.49125149846076965 0.2225664258003235 0.16615933179855347 0.9325044751167297
1 0.3979099839925766 0.44421784579753876 0.036942631006240845 0.036533504724502563 0.8270707726478577
1 0.49843254685401917 0.506760761141777 0.08613985776901245 0.13534465432167053 0.7213237434625626
1 0.32605552673339844 0.4435361921787262 0.028276443481445312 0.03390300273895264 0.6724410206079483
1 0.2771603614091873 0.43377596139907837 0.026695579290390015 0.02654719352722168 0.6342549920082092
1 0.21606393158435822 0.43051430583000183 0.022567659616470337 0.02452486753463745 0.5021110028028488
1 0.31444838643074036 0.436579629778862 0.024843335151672363 0.02907600998878479 0.39577800035476685
1 0.23319507390260696 0.42953893542289734 0.017313286662101746 0.021670401096343994 0.3484399914741516
1 0.24497800000000003 0.430321 0.016888900000000012 0.022495900000000013 0.19173675
1 0.309416 0.44058 0.015166400000000024 0.01885530000000002 0.15553375
0 0.908625 0.46473899999999996 0.025785100000000005 0.11545799999999995 0.08252325
1 0.15841900000000003 0.425551 0.026267100000000015 0.01760250000000002 0.079616
