1 0.3331848978996277 0.4600163549184799 0.04595249891281128 0.06764814257621765 0.9317707419395447
1 0.4994047284126282 0.4443615972995758 0.03842628002166748 0.05854564905166626 0.9186440110206604
1 0.40208758413791656 0.4417390674352646 0.030089348554611206 0.03853985667228699 0.8675699830055237
1 0.5426424145698547 0.43832239508628845 0.028441667556762695 0.04064124822616577 0.8663407564163208
1 0.3713085800409317 0.4470648318529129 0.04646298289299011 0.060419291257858276 0.8421429991722107
1 0.08517603310610866 0.534463107585907 0.17001954252191354 0.2349557876586914 0.7116267532110214
1 0.44388408958911896 0.4309861958026886 0.020223349332809448 0.026867270469665527 0.401394248008728
1 0.4634978920221329 0.42708657681941986 0.015352576971054077 0.018842607736587524 0.2519885003566742
0 0.235174 0.457974 0.012654699999999991 0.0597975 0.16393825
1 0.454132 0.426992 0.020026199999999994 0.02191540000000003 0.0853455
