1 0.04447288852679776 0.46916623413562775 0.08876365340256598 0.09764799475669861 0.9491655230522156
1 0.6852799355983734 0.4763116091489792 0.06358832120895386 0.08733788132667542 0.9237632751464844
1 0.10154956206679344 0.4417789876461029 0.04091054946184158 0.05272585153579712 0.7420937418937683
1 0.7417895495891571 0.5003569424152374 0.10798650979995728 0.13241654634475708 0.7208647280931473
1 0.2971406579017639 0.44117288291454315 0.05686551332473755 0.06160929799079895 0.644611269235611
1 0.14282608777284622 0.4350633770227432 0.04896219074726105 0.03200915455818176 0.6155395209789276
1 0.8845078349113464 0.4492156058549881 0.10637962818145752 0.07473483681678772 0.46142473816871643
1 0.296534 0.456809 0.0569887 0.03257389999999999 0.180779
1 0.672164 0.437272 0.033011400000000024 0.02765449999999997 0.13128275
0 0.417133 0.43125199999999997 0.00912476000000001 0.04499049999999999 0.075297
