1 0.2820875719189644 0.4398442953824997 0.06636236608028412 0.040652722120285034 0.8432819843292236
1 0.4982430338859558 0.5148090422153473 0.09722638130187988 0.1615108847618103 0.8066574931144714
1 0.43446390330791473 0.44719821214675903 0.043115824460983276 0.06112593412399292 0.6779319941997528
1 0.5938844084739685 0.43768659234046936 0.06263434886932373 0.04003548622131348 0.5647335201501846
1 0.49706698954105377 0.45436951518058777 0.05077466368675232 0.07926851511001587 0.509354755282402
1 0.45345140993595123 0.44030317664146423 0.034779101610183716 0.033047378063201904 0.25917848944664
1 0.6818440000000001 0.422728 0.043651100000000054 0.06886180000000003 0.141404
1 0.480882 0.435779 0.03169480000000002 0.039879300000000006 0.13832025
1 0.46043900000000004 0.432849 0.016478700000000013 0.018159900000000007 0.12760275
1 0.49929000000000007 0.428815 0.04276500000000005 0.03148240000000002 0.12234975
