1 0.6561448574066162 0.47229164838790894 0.06909775733947754 0.08601140975952148 0.8188999891281128
1 0.8632466197013855 0.5768662691116333 0.26428306102752686 0.30232691764831543 0.7229324877262115
1 0.15823347866535187 0.4556650370359421 0.05976152420043945 0.07261177897453308 0.6927634924650192
1 0.7991450726985931 0.44284820556640625 0.08236175775527954 0.057955920696258545 0.4511075019836426
1 0.08368755512765347 0.7434851229190826 0.16732621921437385 0.5119581818580627 0.43681448698043823
1 0.6411175727844238 0.45882853865623474 0.05385613441467285 0.06714075803756714 0.3957515060901642
1 0.18365599999999999 0.437827 0.0763655 0.03873939999999998 0.1935065
1 0.203972 0.440327 0.0332354 0.02867799999999998 0.1661085
1 0.136944 0.447903 0.046429999999999985 0.04004269999999999 0.16097725
1 0.6483410000000001 0.44628 0.044896500000000006 0.04940430000000001 0.105093
