1 0.45680592954158783 0.45642440021038055 0.05292496085166931 0.057153135538101196 0.6984877288341522
2 0.38756297528743744 0.4593939483165741 0.02575358748435974 0.08200019598007202 0.6368327289819717
1 0.3581854999065399 0.44315797090530396 0.030325889587402344 0.033344924449920654 0.6272635012865067
0 0.5872129499912262 0.4548114240169525 0.02044433355331421 0.08932745456695557 0.4480087459087372
0 0.5363942086696625 0.44868355989456177 0.015149176120758057 0.07252120971679688 0.44621700048446655
0 0.12027233839035034 0.45044636726379395 0.015326142311096191 0.08088326454162598 0.4440779983997345
0 0.44315414130687714 0.44045358896255493 0.010542839765548706 0.05121040344238281 0.3444955050945282
1 0.18792225420475006 0.42756350338459015 0.024255573749542236 0.01948949694633484 0.33919575810432434
1 0.55786 0.94679 0.09660879999999994 0.10582999999999998 0.1277115
1 0.29527000000000003 0.431421 0.018580600000000003 0.025834899999999994 0.12767525
0 0.353233 0.432114 0.009579090000000012 0.046638100000000016 0.09470275
1 0.162303 0.43117 0.02130080000000001 0.019175700000000018 0.0915895
