1 0.40518660843372345 0.46538108587265015 0.06441667675971985 0.08981955051422119 0.9460049867630005
1 0.03503344865521285 0.4853144437074661 0.0700380968673926 0.10885998606681824 0.9129217267036438
1 0.1398473158478737 0.4586583822965622 0.04605908691883087 0.06174740195274353 0.8748002648353577
1 0.5044701844453812 0.5199448764324188 0.11546680331230164 0.1530408263206482 0.7181462645530701
1 0.21913769096136093 0.45520690083503723 0.04133795201778412 0.060030221939086914 0.6736322343349457
1 0.34768982231616974 0.4447416067123413 0.029940873384475708 0.03738278150558472 0.6134174913167953
1 0.17748437821865082 0.4360765814781189 0.034460604190826416 0.0410541296005249 0.544255256652832
1 0.597316712141037 0.4516299217939377 0.11050301790237427 0.06518557667732239 0.44642123579978943
0 0.5532313287258148 0.48140278458595276 0.028303325176239014 0.11902254819869995 0.43210723996162415
1 0.20547526329755783 0.44344307482242584 0.03820158541202545 0.050489455461502075 0.41952601075172424
1 0.3387933224439621 0.4400550276041031 0.020983129739761353 0.03216758370399475 0.32979899644851685
