1 0.6870642006397247 0.4757491797208786 0.0672716498374939 0.08653655648231506 0.9072877764701843
1 0.7513536214828491 0.5046470463275909 0.11565303802490234 0.13992804288864136 0.7242160141468048
1 0.05984538289703778 0.5666243731975555 0.11952885502978461 0.3297500014305115 0.702348992228508
1 0.8914347589015961 0.44968143105506897 0.11050921678543091 0.07832938432693481 0.4623414874076843
1 0.13427114486694336 0.4360651522874832 0.053064048290252686 0.03254130482673645 0.40087324380874634
0 0.801 0.460192 0.023406000000000038 0.11596799999999996 0.20863625
0 0.57456 0.439258 0.010565900000000017 0.050753099999999995 0.19178175
1 0.673322 0.44069500000000006 0.03537179999999995 0.0341012 0.17807425
0 0.73444 0.449628 0.011645899999999987 0.06566179999999999 0.128666
0 0.221197 0.427071 0.0068032299999999934 0.029727899999999974 0.0774245
