1 0.63724684715271 0.4726766347885132 0.07049250602722168 0.10541045665740967 0.6929044872522354
1 0.598221480846405 0.4362972229719162 0.023242950439453125 0.03078100085258484 0.4474857598543167
1 0.529193252325058 0.4683022201061249 0.06747323274612427 0.1040467619895935 0.434673011302948
0 0.9647128283977509 0.5062616914510727 0.035398662090301514 0.18174567818641663 0.4344845116138458
0 0.5775737464427948 0.49881355464458466 0.02910548448562622 0.1063714325428009 0.43417873978614807
1 0.5663130879402161 0.44879046082496643 0.0443798303604126 0.06343483924865723 0.3822777569293976
1 0.5481759309768677 0.45905251801013947 0.05531203746795654 0.07667306065559387 0.34890276193618774
1 0.6635326147079468 0.43171335756778717 0.029910683631896973 0.029241949319839478 0.27789825201034546
1 0.6042547523975372 0.43259356915950775 0.026315271854400635 0.02760729193687439 0.24130874872207642
0 0.704659 0.428868 0.005455399999999999 0.027603600000000006 0.07918625
