1 0.5541570484638214 0.44384676218032837 0.0951349139213562 0.061248719692230225 0.9411672353744507
1 0.1809864491224289 0.4516479820013046 0.11817044019699097 0.09411951899528503 0.9220654964447021
1 0.025644832909165416 0.44763094186782837 0.05118700551975053 0.07556009292602539 0.8897020220756531
1 0.360730916261673 0.46368247270584106 0.1169310212135315 0.06921505928039551 0.6793210208415985
1 0.13720763474702835 0.44965633749961853 0.0678517073392868 0.05494505167007446 0.6461710184812546
1 0.9653814733028412 0.5017665773630142 0.06887537240982056 0.14700374007225037 0.6012054830789566
1 0.23670616745948792 0.43938760459423065 0.09387713670730591 0.06344065070152283 0.539525493979454
0 0.6509178876876831 0.5420843660831451 0.02693474292755127 0.1490076184272766 0.4530234932899475
1 0.33981120586395264 0.44291211664676666 0.08026307821273804 0.04927918314933777 0.37601199746131897
1 0.3944219946861267 0.4502023160457611 0.09261351823806763 0.054351985454559326 0.3176872432231903
1 0.9779321849346161 0.4570026248693466 0.04398447275161743 0.08932533860206604 0.28391724824905396
1 0.256732 0.440987 0.05189030000000003 0.05689499999999997 0.22146825
1 0.9839340000000001 0.423226 0.031213000000000046 0.01530609999999999 0.11242225
