1 0.3194090276956558 0.47565998136997223 0.07959476113319397 0.11086210608482361 0.712675005197525
1 0.16116753220558167 0.46674691140651703 0.08103439211845398 0.10982075333595276 0.4704902470111847
0 0.023319789208471775 0.4782063513994217 0.02240893803536892 0.11560973525047302 0.44391125440597534
1 0.7211158871650696 0.4373825192451477 0.04810762405395508 0.024882912635803223 0.4371824860572815
1 0.7761870622634888 0.4356406182050705 0.044507622718811035 0.02743777632713318 0.4002252519130707
1 0.4292037785053253 0.4371526539325714 0.04249918460845947 0.024401366710662842 0.35270974040031433
0 0.09842043742537498 0.4459918737411499 0.015363983809947968 0.06415432691574097 0.3321807384490967
2 0.276458 0.44357599999999997 0.01696979999999998 0.062325699999999984 0.1739185
1 0.314126 0.44006199999999995 0.0431165 0.052532599999999985 0.163103
1 0.662556 0.434658 0.04199660000000005 0.027285300000000012 0.13527775
1 0.110075 0.447867 0.041458700000000015 0.04838819999999999 0.12130175
2 0.279046 0.4565389999999999 0.016533399999999976 0.043993899999999975 0.07722075
