1 0.49601884186267853 0.6562872380018234 0.2588571012020111 0.3763231337070465 0.6639547348022461
0 0.6318243145942688 0.4566156268119812 0.01707291603088379 0.07544863224029541 0.4371337592601776
0 0.4170607477426529 0.43108224868774414 0.00525858998298645 0.029152750968933105 0.27918151021003723
1 0.5004020631313324 0.43091847002506256 0.01898092031478882 0.029475301504135132 0.2668134868144989
1 0.658641 0.437293 0.07241300000000006 0.042806200000000016 0.21371375
1 0.283349 0.43699 0.07506639999999998 0.04877029999999999 0.18265125
0 0.59226 0.43236399999999997 0.010900200000000027 0.048720299999999994 0.174656
1 0.468085 0.43591 0.017425000000000024 0.023316100000000006 0.14681575
1 0.0988739 0.47312599999999994 0.03171589999999999 0.025243799999999983 0.11760625
1 0.194813 0.442888 0.0681136 0.0457187 0.09753075
0 0.323859 0.435543 0.009217639999999971 0.04381489999999999 0.0921595
