1 0.6276536583900452 0.4881068468093872 0.08385574817657471 0.10558891296386719 0.9482232332229614
1 0.591113418340683 0.46433836221694946 0.061708152294158936 0.09414994716644287 0.8860874772071838
1 0.38665424287319183 0.4426618665456772 0.044172853231430054 0.05415692925453186 0.6717687696218491
1 0.45652058720588684 0.4371359944343567 0.021694719791412354 0.028194010257720947 0.5471527576446533
1 0.4289356619119644 0.4356294274330139 0.01961567997932434 0.020723581314086914 0.25398024916648865
1 0.8607480000000001 0.69773 0.27793600000000007 0.603728 0.23832575
1 0.525967 0.430714 0.015222700000000033 0.020006999999999997 0.126138
1 0.46981700000000004 0.4249 0.01140380000000002 0.013510699999999987 0.10760675
1 0.46424599999999994 0.426292 0.026498199999999972 0.02021909999999999 0.081945
1 0.436206 0.427968 0.014627500000000015 0.018523999999999985 0.07748425
