1 0.8827300369739532 0.4616120457649231 0.06554478406906128 0.08320510387420654 0.7003519982099533
1 0.4525398761034012 0.4554370939731598 0.06662806868553162 0.0541532039642334 0.6907710134983063
1 0.5723420977592468 0.4476619213819504 0.05410408973693848 0.04525044560432434 0.6898237466812134
1 0.7348994612693787 0.43979576230049133 0.046433091163635254 0.038201868534088135 0.6807004809379578
1 0.22760749608278275 0.44242554903030396 0.07040689885616302 0.05537134408950806 0.45638400316238403
0 0.1434294953942299 0.45277947187423706 0.011917605996131897 0.07289892435073853 0.42394399642944336
1 0.6364098489284515 0.43595683574676514 0.04544895887374878 0.029382288455963135 0.31288623809814453
1 0.6216030000000001 0.434907 0.041534300000000024 0.026586200000000004 0.172741
1 0.00596634 0.0238567 0.0119117 0.0477134 0.14401775
1 0.985404 0.682375 0.027991499999999947 0.274628 0.10641875
1 0.243079 0.44633 0.04036859999999998 0.05177729999999997 0.1023665
