1 0.7980501353740692 0.5286997705698013 0.13666492700576782 0.1670266091823578 0.7206320017576218
1 0.04984025098383427 0.4379982203245163 0.05955810472369194 0.037303417921066284 0.6632382720708847
1 0.6646803617477417 0.4377875030040741 0.05200469493865967 0.03270155191421509 0.39416924118995667
0 0.7265653908252716 0.4531181752681732 0.015917956829071045 0.07324302196502686 0.38733550906181335
0 0.667203 0.443138 0.014698600000000006 0.05931839999999999 0.183066
1 0.964794 0.634852 0.0695173 0.284446 0.16357675
0 0.976918 0.507093 0.0461319 0.18537599999999999 0.11805775
0 0.988813 0.506602 0.022373999999999894 0.18137200000000003 0.10379375
1 0.129008 0.43766800000000006 0.020060700000000015 0.013847200000000004 0.0933235
1 0.382542 0.42423500000000003 0.0234027 0.013322400000000012 0.07591075
