1 0.43493692576885223 0.4449778348207474 0.05151739716529846 0.06185653805732727 0.7282082438468933
1 0.2741856798529625 0.4533463269472122 0.11785419285297394 0.07595780491828918 0.6935374885797501
1 0.7094499468803406 0.45568394660949707 0.12218749523162842 0.07219743728637695 0.6262337565422058
1 0.4988187700510025 0.43754787743091583 0.030684441328048706 0.043552130460739136 0.6170985102653503
0 0.7293004095554352 0.4822481572628021 0.0286979079246521 0.13664096593856812 0.4513912498950958
0 0.2469809502363205 0.45917779207229614 0.02036389708518982 0.0860135555267334 0.4353472590446472
0 0.38875648379325867 0.4331449270248413 0.008063077926635742 0.04331547021865845 0.41957974433898926
0 0.5698383152484894 0.4384286403656006 0.008902013301849365 0.044303715229034424 0.4128747582435608
1 0.0934995 0.465646 0.110125 0.0632797 0.20532575
1 0.524002 0.464722 0.11224199999999995 0.03828140000000002 0.16584225
1 0.9860930000000001 0.470177 0.027054800000000045 0.0342247 0.1648185
1 0.474048 0.43210799999999994 0.020197299999999974 0.02816869999999999 0.1602175
1 0.98596475 0.45453600000000005 0.028070499999999998 0.05192530000000001 0.14005675
2 0.453398 0.432161 0.018866700000000014 0.05245899999999998 0.0764405
