1 0.8710327744483948 0.4492056518793106 0.0891340970993042 0.04747471213340759 0.9027016758918762
1 0.8089944124221802 0.44424888491630554 0.06069529056549072 0.04294997453689575 0.9022092223167419
1 0.49867622554302216 0.5422238707542419 0.12153735756874084 0.1730433702468872 0.7204047292470932
1 0.7222301661968231 0.43402886390686035 0.07098191976547241 0.041724205017089844 0.7081344723701477
1 0.4996495246887207 0.4384182393550873 0.026688575744628906 0.03821653127670288 0.671305239200592
1 0.7565703094005585 0.43638624250888824 0.0783722996711731 0.046576350927352905 0.6683302670717239
1 0.9642384052276611 0.4507894068956375 0.07135951519012451 0.07497844099998474 0.6240080147981644
1 0.56546950340271 0.43023692071437836 0.020064473152160645 0.028693288564682007 0.5986162573099136
1 0.6782839298248291 0.43189725279808044 0.0382230281829834 0.030687332153320312 0.5903272479772568
1 0.6986920000000001 0.43532 0.0514559 0.032313099999999984 0.14135925
2 0.964252 0.452978 0.07094610000000001 0.06604179999999998 0.13200625
1 0.534421 0.42410099999999995 0.02053079999999996 0.011775099999999983 0.1238785
