1 0.11619927734136581 0.45157699286937714 0.11632905900478363 0.09516575932502747 0.9439712762832642
1 0.48938485980033875 0.4435843229293823 0.09339827299118042 0.060532212257385254 0.936822235584259
1 0.17864954471588135 0.4402427226305008 0.08223935961723328 0.06309375166893005 0.9026910066604614
1 0.8972200751304626 0.5110711306333542 0.10232484340667725 0.1273684799671173 0.8101540207862854
1 0.2980409488081932 0.4636295586824417 0.11093957722187042 0.06900987029075623 0.6902517378330231
1 0.8538460433483124 0.4474356472492218 0.06761711835861206 0.06502354145050049 0.6752467453479767
1 0.732116311788559 0.45126253366470337 0.07891827821731567 0.04328000545501709 0.6617420017719269
1 0.06846403144299984 0.45054544508457184 0.06961961463093758 0.0535065233707428 0.6282917708158493
1 0.3301425874233246 0.450197771191597 0.09459739923477173 0.05513659119606018 0.44085898995399475
1 0.276566706597805 0.4423571676015854 0.08041425049304962 0.04862222075462341 0.43666449189186096
1 0.275883 0.43739 0.04646309999999998 0.03529939999999998 0.19496025
