1 0.9008313119411469 0.5900040566921234 0.19814342260360718 0.24431127309799194 0.9627170238297164
1 0.531397134065628 0.4403783679008484 0.04667943716049194 0.050876736640930176 0.9321560031095588
0 0.7893867790699005 0.4627814143896103 0.026725471019744873 0.11164584755897522 0.8933269957440089
0 0.7319988012313843 0.4595191031694412 0.015977144241333008 0.07887068390846252 0.8428910092283606
1 0.342936 0.440431 0.0828953 0.05273799999999995 0.8309390290288157
0 0.6637964844703674 0.4475138932466507 0.016008496284484863 0.06909337639808655 0.8085879755145748
0 0.6961489915847778 0.4393644779920578 0.009960770606994629 0.048242419958114624 0.7264865150593313
1 0.01408933936545509 0.43831297755241394 0.028123414238507394 0.03802037239074707 0.707005442491893
1 0.67126 0.443387 0.032878900000000044 0.03630129999999998 0.619985
1 0.0821081 0.439521 0.018807400000000002 0.015192500000000053 0.43697743786187365
0 0.366809 0.42171 0.008405210000000052 0.03767609999999999 0.40872
1 0.445463 0.425141 0.0228796 0.012285199999999996 0.4009853655487147
1 0.368896 0.425196 0.021038 0.012186699999999995 0.30480698243565674
