1 0.26403385400772095 0.5415219962596893 0.1628432273864746 0.1838117241859436 0.9653539824070831
0 0.8290204107761383 0.5089737772941589 0.023667991161346436 0.09439647197723389 0.9061659911486879
1 0.3569050431251526 0.4394107908010483 0.038520753383636475 0.043123871088027954 0.8833940218224414
1 0.4057399779558182 0.4412882477045059 0.03243932127952576 0.0338042676448822 0.8696190176174808
0 0.43604981899261475 0.4365108162164688 0.00807809829711914 0.040031880140304565 0.8492219943619709
0 0.086336 0.45910800000000007 0.0189869 0.10059800000000002 0.782815
1 0.29747243225574493 0.44442327320575714 0.02807667851448059 0.03857263922691345 0.7737760013623785
1 0.25437573343515396 0.42907658219337463 0.015689298510551453 0.019297242164611816 0.7425043659965791
1 0.23269814997911453 0.4237244427204132 0.018441036343574524 0.011802077293395996 0.7367837596018187
1 0.3231334835290909 0.43673695623874664 0.02415040135383606 0.023816078901290894 0.7147130043890612
2 0.967141 0.491251 0.0647272000000001 0.07943600000000006 0.6080120628016595
1 0.288424 0.434459 0.02857949999999998 0.0299296 0.580057
0 0.2070539891719818 0.43443721532821655 0.01071631908416748 0.045748233795166016 0.5357952993296194
1 0.29695 0.441646 0.02538169999999995 0.020162299999999966 0.4653501832169535
2 0.207121 0.431478 0.011984099999999998 0.03235730000000003 0.316075
1 0.967188 0.491021 0.06483970000000006 0.08011800000000002 0.26722790861893464
1 0.192468 0.424659 0.017160200000000014 0.014770799999999973 0.25091
