1 0.14127246662974358 0.5106117874383926 0.1255866065621376 0.15281566977500916 0.9658690441222444
1 0.2766107842326164 0.46991899609565735 0.09915317595005035 0.11209684610366821 0.954979948633929
1 0.5605614185333252 0.4482789784669876 0.04109549522399902 0.05802831053733826 0.9163310270442129
0 0.05687117017805576 0.5028498619794846 0.022883381694555283 0.1079954206943512 0.9119080220120755
1 0.35787728428840637 0.45463016629219055 0.04398375749588013 0.05806922912597656 0.8818739776350404
1 0.4305470436811447 0.4346545785665512 0.026761561632156372 0.0357871949672699 0.8754130246789923
2 0.5445656776428223 0.43385203182697296 0.020642638206481934 0.0548267662525177 0.615382991902103
1 0.470006 0.429514 0.018368700000000016 0.02348450000000002 0.6087575731366375
1 0.5235418081283569 0.426896870136261 0.01662302017211914 0.02163875102996826 0.540161354626273
1 0.546166 0.435872 0.02473079999999994 0.05276930000000002 0.4424137241840474
