1 0.40810516476631165 0.46341049671173096 0.06692123413085938 0.08607685565948486 0.9414369517486693
1 0.9491750299930573 0.4550168812274933 0.09318310022354126 0.06301909685134888 0.9019030137801747
1 0.5056862384080887 0.46546652913093567 0.05929502844810486 0.08553534746170044 0.9001370254376139
1 0.2630445882678032 0.4324776232242584 0.05339057743549347 0.03236794471740723 0.8992969895121014
1 0.19723305106163025 0.43874190747737885 0.06453308463096619 0.034454554319381714 0.87633799331942
1 0.4305162578821182 0.44910308718681335 0.05627468228340149 0.08042073249816895 0.8684647743701875
2 0.5087850391864777 0.47522349655628204 0.040135204792022705 0.13998553156852722 0.8066609757317694
1 0.116196 0.689735 0.23239099999999996 0.5295320000000001 0.7395199310609631
1 0.447153 0.452968 0.03499059999999998 0.05193329999999996 0.70771
1 0.482622 0.437876 0.06159939999999997 0.047180200000000005 0.503367
1 0.401069 0.478582 0.03903259999999997 0.029323300000000052 0.45968569814838267
2 0.505875 0.440317 0.02259140000000004 0.069295 0.24457765725323236
