1 0.8822160065174103 0.61770099401474 0.23532050848007202 0.3845815658569336 0.9559250300408231
1 0.14456479251384735 0.45667803287506104 0.06384783983230591 0.0734298825263977 0.9435800544624751
1 0.6644612848758698 0.47393515706062317 0.0735427737236023 0.08807390928268433 0.922008019342125
2 0.2672027200460434 0.45250947773456573 0.027658790349960327 0.08912584185600281 0.9177410522128724
1 0.8096614181995392 0.4438274949789047 0.08497220277786255 0.059620290994644165 0.9174200131090038
1 0.6444119811058044 0.46058857440948486 0.053412675857543945 0.07005751132965088 0.8769049765784483
0 0.7556928992271423 0.46337875723838806 0.020919203758239746 0.10285979509353638 0.8339209886556288
1 0.5184870362281799 0.4300924390554428 0.04433023929595947 0.029288917779922485 0.7973749989010424
1 0.17827074229717255 0.43232864141464233 0.03751969337463379 0.02687126398086548 0.7793374545616221
0 0.631138 0.433278 0.006882480000000024 0.036739100000000025 0.744567
0 0.674985 0.441013 0.011696099999999987 0.05696869999999998 0.634839
2 0.266097 0.459201 0.02172850000000004 0.05360600000000004 0.6095487585596359
1 0.123862 0.44104 0.03622560000000001 0.03226339999999994 0.5188718998936896
1 0.633093 0.465127 0.029046099999999964 0.057835700000000045 0.36255878470393443
