1 0.4988182485103607 0.48385995626449585 0.0847429633140564 0.13467621803283691 0.9569869622485465
0 0.7033090591430664 0.4691467732191086 0.027356863021850586 0.12588122487068176 0.9255990226244849
1 0.8786749243736267 0.45505641400814056 0.08367550373077393 0.05409368872642517 0.9192349716655698
0 0.6284052431583405 0.4482731223106384 0.017006099224090576 0.0801081657409668 0.8761359911866488
0 0.25768959522247314 0.4466784745454788 0.013275206089019775 0.07010307908058167 0.7866729849334185
1 0.4440157860517502 0.44581402838230133 0.03266015648841858 0.043555110692977905 0.6930802483895149
1 0.4832522124052048 0.44715434312820435 0.0830548107624054 0.07482719421386719 0.6794537944542709
0 0.651838 0.460802 0.010952800000000096 0.04422499999999996 0.588415
1 0.436964 0.451719 0.015108099999999958 0.03212550000000003 0.5034826884817603
1 0.539815 0.464617 0.015529399999999915 0.04353079999999998 0.5000493153398836
1 0.434825 0.428246 0.024947700000000017 0.027099800000000007 0.2922463034445674
0 0.332543 0.434412 0.005946919999999967 0.02976869999999998 0.27754724163254996
0 0.41502 0.428718 0.0067890200000000345 0.030215199999999998 0.266765
