1 0.5286097228527069 0.44129347801208496 0.03752487897872925 0.03859525918960571 0.8936649776674552
1 0.6664509177207947 0.44982099533081055 0.04112803936004639 0.0459628701210022 0.8627910613276776
0 0.6944786310195923 0.4632253497838974 0.02383565902709961 0.09875598549842834 0.8617272708752264
1 0.7485102415084839 0.43509170413017273 0.03860938549041748 0.037525713443756104 0.8219341624214501
1 0.279354 0.427117 0.021852500000000052 0.013595400000000035 0.7471943309522008
1 0.307917 0.426727 0.021796900000000008 0.011953899999999962 0.6380645182183726
1 0.576285 0.423739 0.021747299999999914 0.016614600000000035 0.6345565544404131
0 0.704878956079483 0.4467642307281494 0.00901859998703003 0.05485332012176514 0.601163976515694
1 0.399721 0.424948 0.020191199999999965 0.011912499999999993 0.48182092518735614
1 0.371915 0.425113 0.018281199999999997 0.012112000000000012 0.34338090772117114
