1 0.5630741715431213 0.47189703583717346 0.07204592227935791 0.08107715845108032 0.9606579793627185
1 0.41414543986320496 0.44208815693855286 0.03604006767272949 0.040006935596466064 0.9087429940064524
0 0.7543120682239532 0.4865945130586624 0.0239984393119812 0.13195225596427917 0.8998510197122913
1 0.452785849571228 0.4493352770805359 0.033441781997680664 0.04138129949569702 0.8839780025553042
1 0.30206459760665894 0.4394260346889496 0.025921761989593506 0.03576457500457764 0.8784069848611377
1 0.3915497362613678 0.4344937801361084 0.019370198249816895 0.025372445583343506 0.7620739784598749
1 0.2696966379880905 0.4286123663187027 0.02377358078956604 0.016631275415420532 0.4825828765735004
1 0.342078 0.427659 0.024645699999999993 0.018962900000000005 0.45526648927082314
1 0.3247890770435333 0.4268754869699478 0.01821911334991455 0.02012273669242859 0.36670970376100137
1 0.291959 0.428193 0.013522400000000045 0.017876000000000003 0.32620528540982274
1 0.35339494049549103 0.4325810819864273 0.019837409257888794 0.020386964082717896 0.32208368334982146
0 0.438418 0.430434 0.005762099999999992 0.02861630000000004 0.26970585337143044
