1 0.8210795223712921 0.5355442315340042 0.17029732465744019 0.191299170255661 0.9648940121826776
1 0.7096668779850006 0.4895927160978317 0.07959574460983276 0.10620072484016418 0.9485779676208625
1 0.9377599954605103 0.4557657092809677 0.12438488006591797 0.08918574452400208 0.9322259605581376
1 0.1269109845161438 0.4495649188756943 0.039634495973587036 0.04336556792259216 0.8953210016455312
1 0.040966701693832874 0.4448240250349045 0.04396395944058895 0.05714544653892517 0.8830170167597098
1 0.6744899153709412 0.4376767575740814 0.04001307487487793 0.03000020980834961 0.8636090169334825
1 0.10203702375292778 0.4368089884519577 0.05657590180635452 0.035058289766311646 0.8543664902368336
1 0.014522984231007285 0.4455580860376358 0.028721109818434343 0.03912070393562317 0.7707184782796884
0 0.808585 0.462032 0.026838700000000104 0.10917200000000005 0.66635
1 0.475033 0.455775 0.028691400000000034 0.016358399999999995 0.5382158833821973
1 0.42264 0.425796 0.01570640000000001 0.009792330000000016 0.419174807360356
0 0.608977 0.430033 0.006900850000000069 0.027590699999999968 0.354693
