1 0.21428466588258743 0.46167920529842377 0.07663117349147797 0.07630828022956848 0.9530799480539345
1 0.3409847021102905 0.45018133521080017 0.05090522766113281 0.060010552406311035 0.9157939943178572
2 0.30200761556625366 0.45356757938861847 0.02917534112930298 0.09150323271751404 0.9089859868317502
0 0.7438033521175385 0.4520948976278305 0.02168935537338257 0.08031013607978821 0.856497022471598
2 0.5109332501888275 0.43518391251564026 0.013896763324737549 0.04810738563537598 0.8083848802966696
0 0.6195332705974579 0.432595431804657 0.007245242595672607 0.03642094135284424 0.8069059907645653
1 0.5144150853157043 0.43071892857551575 0.022943735122680664 0.03075176477432251 0.7053689847377164
2 0.305514 0.469375 0.026853600000000033 0.05675719999999995 0.6432507802864583
1 0.9807647466659546 0.4754766374826431 0.038063645362854004 0.09198877215385437 0.578050746010599
2 0.390448 0.432205 0.014408199999999982 0.03540359999999998 0.5538597112753084
