1 0.7850207686424255 0.48584839701652527 0.08555233478546143 0.12933224439620972 0.9623819932361319
1 0.14481110125780106 0.4740850180387497 0.10928554832935333 0.08624318242073059 0.9523099788855142
1 0.3299095332622528 0.45835353434085846 0.07549554109573364 0.06504103541374207 0.9395879982444345
1 0.534451425075531 0.44310741126537323 0.05346524715423584 0.04717192053794861 0.9288920508993046
1 0.41490666568279266 0.4393291175365448 0.05433502793312073 0.03558319807052612 0.861325999322519
1 0.6899688839912415 0.4374554306268692 0.024239659309387207 0.027809470891952515 0.6787983806078983
2 0.48361 0.459507 0.015530400000000055 0.021909599999999974 0.5789116126543893
1 0.563543 0.438565 0.018483699999999992 0.024012900000000004 0.47196068451537176
1 0.545256 0.436181 0.05459729999999996 0.03244119999999995 0.408219
2 0.991268 0.583872 0.016790400000000094 0.04586770000000007 0.228599944772211
1 0.58836 0.441209 0.02285120000000007 0.016839700000000013 0.21351942418511807
1 0.990297 0.576427 0.018729999999999913 0.10246299999999997 0.02208619826006748
