1 0.3488859534263611 0.4589904248714447 0.0476413369178772 0.05337005853652954 0.9115280109652254
1 0.8351589143276215 0.4559626579284668 0.10982280969619751 0.06788009405136108 0.8997189750280988
1 0.7812337577342987 0.4434407949447632 0.10508209466934204 0.06274867057800293 0.8983909858987493
1 0.4300220310688019 0.4115562289953232 0.03905534744262695 0.07002761960029602 0.8873179788366311
1 0.49921464920043945 0.4401848018169403 0.028371095657348633 0.03755474090576172 0.8790310271641631
1 0.950259655714035 0.4449865072965622 0.06791847944259644 0.04294052720069885 0.8658889739060706
1 0.8824204802513123 0.43693865835666656 0.06719315052032471 0.04644283652305603 0.8155121779504306
1 0.9845718741416931 0.45044007897377014 0.03074800968170166 0.038079679012298584 0.6088070463899535
1 0.58567 0.428353 0.02170939999999999 0.021566900000000055 0.5087524354615311
1 0.4794580191373825 0.4253239035606384 0.0131702721118927 0.018741190433502197 0.4291205472286106
1 0.500095 0.41594 0.018734500000000043 0.024092800000000025 0.4063573233453805
1 0.666644 0.432516 0.02276100000000003 0.025778700000000043 0.32094009905860277
