1 0.9362755715847015 0.4571744352579117 0.10319358110427856 0.05432721972465515 0.9308550131830201
1 0.819671094417572 0.44025465846061707 0.09195852279663086 0.05446404218673706 0.916484988085343
1 0.5562211871147156 0.4090103209018707 0.06271398067474365 0.11701744794845581 0.9100539856619676
1 0.8588566184043884 0.449053555727005 0.07263195514678955 0.04968780279159546 0.9009570032509167
1 0.770885556936264 0.4375004470348358 0.07359987497329712 0.04413527250289917 0.8686749746414641
1 0.7300932705402374 0.438740998506546 0.048831164836883545 0.02839738130569458 0.8049130232939203
1 0.686763 0.430401 0.02781469999999997 0.03485229999999995 0.5862173042755595
1 0.525558 0.414851 0.019447900000000073 0.05130710000000005 0.3826650222761304
1 0.879184 0.458763 0.030661800000000072 0.039922800000000036 0.34339460158619906
1 0.596755 0.449012 0.020985800000000054 0.020679699999999968 0.29834115925524185
1 0.913325 0.437195 0.021810499999999955 0.014467899999999978 0.253924071540434
