1 0.3828682005405426 0.48233096301555634 0.0700385570526123 0.08651271462440491 0.9509880017244019
1 0.6535273790359497 0.43973416090011597 0.03528392314910889 0.032227933406829834 0.9069230072582698
1 0.5269706398248672 0.43809667229652405 0.06453678011894226 0.04056251049041748 0.8931850039850966
1 0.8353196382522583 0.4380553364753723 0.06587040424346924 0.03831905126571655 0.8820189753780713
1 0.4605424702167511 0.43410347402095795 0.02464473247528076 0.034561365842819214 0.8703849970251619
1 0.2132093384861946 0.4466990530490875 0.05857597291469574 0.03993767499923706 0.8286259749578082
1 0.30421 0.439982 0.07138239999999996 0.04777100000000001 0.717682
1 0.331399 0.440489 0.04020670000000004 0.026641000000000026 0.5107961216432729
1 0.483965 0.424969 0.010448499999999972 0.016255800000000042 0.28954135034797873
2 0.357932 0.505457 0.019932100000000008 0.04001159999999998 0.2561288622299638
