2 0.5381690859794617 0.5438946336507797 0.06960022449493408 0.27235546708106995 0.963185957352221
1 0.7103501260280609 0.48181648552417755 0.08268851041793823 0.12085399031639099 0.9497200229689113
0 0.0937084499746561 0.5734675377607346 0.0732305757701397 0.2536899149417877 0.941590967444056
1 0.8083931505680084 0.43944378197193146 0.06994575262069702 0.04869845509529114 0.8947289867369332
0 0.8493408858776093 0.46614213287830353 0.025575339794158936 0.12541458010673523 0.8873300027731056
1 0.3222336173057556 0.4451432079076767 0.03742474317550659 0.04602035880088806 0.8825356767209337
1 0.6800146996974945 0.45415453612804413 0.04455310106277466 0.06035742163658142 0.8762849786904189
0 0.21895532310009003 0.4531594067811966 0.016002118587493896 0.08547952771186829 0.8596059752098447
1 0.30150966346263885 0.43605832755565643 0.03996184468269348 0.042712241411209106 0.767398068222261
1 0.573817 0.424937 0.018752300000000055 0.011113999999999957 0.5980301624544262
1 0.806929 0.492754 0.03397959999999989 0.010400900000000046 0.3452905048160651
