1 0.24109343439340591 0.46307264268398285 0.15033547580242157 0.11425581574440002 0.9518970113218725
1 0.8133967816829681 0.47134192287921906 0.07020801305770874 0.10457608103752136 0.9500440134026418
1 0.02821638965906459 0.4502510130405426 0.05631303470727289 0.07214891910552979 0.9452130143442228
1 0.6192304790019989 0.44190627336502075 0.04923826456069946 0.04319494962692261 0.9448459563562109
1 0.4407377541065216 0.45242875814437866 0.06357830762863159 0.05431342124938965 0.9331559573901819
1 0.510237380862236 0.43840400874614716 0.05021527409553528 0.032925158739089966 0.8577899782224014
1 0.30596163868904114 0.4616580754518509 0.06349611282348633 0.0647362768650055 0.8451159840187062
1 0.7700579166412354 0.4378478080034256 0.02899336814880371 0.04187533259391785 0.8342779902604074
1 0.496890664100647 0.43809157609939575 0.04348909854888916 0.029895365238189697 0.6520240254090945
2 0.32407 0.463216 0.026920100000000002 0.05870900000000001 0.4977222083129432
1 0.673222 0.441745 0.022245099999999907 0.0177022 0.2690417515211707
1 0.324787 0.463503 0.024896600000000046 0.05801849999999997 0.2625303419391359
