1 0.30747783184051514 0.46043524146080017 0.07269251346588135 0.0801435112953186 0.9562519718044156
1 0.923011064529419 0.49236638844013214 0.09718024730682373 0.11783298850059509 0.9540289645673111
1 0.6612954139709473 0.46374422311782837 0.05275392532348633 0.05937165021896362 0.9368650138670185
1 0.8770326375961304 0.4721105992794037 0.05697929859161377 0.07848542928695679 0.9029200201888888
0 0.1948915794491768 0.46483708918094635 0.016495540738105774 0.08742699027061462 0.882330996529584
0 0.9142599701881409 0.4460049718618393 0.014851570129394531 0.07263049483299255 0.8267950027040285
1 0.37330852448940277 0.4336496442556381 0.039527326822280884 0.027736812829971313 0.8249820117007038
1 0.3422376811504364 0.4378325790166855 0.031453728675842285 0.044391781091690063 0.8155268252912268
0 0.954567 0.452121 0.013050100000000064 0.06115689999999996 0.664055296351591
1 0.880865 0.444072 0.0475388000000001 0.05025869999999999 0.4961927333470159
1 0.700071 0.424711 0.024117299999999897 0.011424400000000001 0.39416579018421055
0 0.622405 0.434216 0.009117129999999918 0.04321140000000001 0.306664
1 0.981033 0.477288 0.026492699999999925 0.011271200000000037 0.19865334426551098
1 0.715522 0.456287 0.023212800000000033 0.009820640000000047 0.19415938009671874
