1 0.43448296189308167 0.5001247376203537 0.09658151865005493 0.16633358597755432 0.9580049524338813
1 0.522156149148941 0.46787920594215393 0.06569606065750122 0.07379311323165894 0.956740034316766
0 0.6985160112380981 0.4780658036470413 0.02496206760406494 0.1189022958278656 0.901563993425851
0 0.9461929202079773 0.534146323800087 0.10761415958404541 0.26698026061058044 0.8755960071304312
1 0.3790237605571747 0.44058217108249664 0.031202375888824463 0.03887006640434265 0.860520012998932
1 0.4076230227947235 0.4623984098434448 0.052419066429138184 0.07475084066390991 0.8572239787399937
2 0.34597136080265045 0.44508887827396393 0.011747270822525024 0.04456242918968201 0.8049208935068854
1 0.2954406589269638 0.4289049208164215 0.022435098886489868 0.022633850574493408 0.7562319849609789
1 0.273049458861351 0.4389971047639847 0.020773619413375854 0.027929455041885376 0.657951990053783
1 0.2599531188607216 0.42758339643478394 0.022666797041893005 0.0187910795211792 0.6093589997283888
1 0.390384 0.464702 0.018006999999999995 0.06831730000000003 0.5674835508008643
1 0.23533887416124344 0.42809097468852997 0.018472686409950256 0.016653984785079956 0.5271669771697898
1 0.3378078043460846 0.42970769107341766 0.01787400245666504 0.019082874059677124 0.5241538879977986
1 0.35961373150348663 0.4330243766307831 0.024822503328323364 0.027127385139465332 0.43012700536578125
