1 0.4979809522628784 0.5472351610660553 0.12269794940948486 0.19860869646072388 0.9651399563378373
1 0.12536712431119668 0.629838153719902 0.2506772489705327 0.35460165143013 0.9496060141894306
1 0.43283919990062714 0.4437733143568039 0.041375547647476196 0.06746169924736023 0.920053036579888
1 0.49902936816215515 0.4424782395362854 0.03827542066574097 0.05342286825180054 0.9007319916760738
1 0.2394213154911995 0.4369354397058487 0.03415815532207489 0.04133358597755432 0.8788970149267294
1 0.3725196570158005 0.43397970497608185 0.03606173396110535 0.020347684621810913 0.8224210225401531
1 0.484014555811882 0.432373046875 0.02250608801841736 0.028439700603485107 0.6091530078348784
1 0.594641 0.430642 0.03395769999999998 0.02063119999999996 0.42717347274992196
1 0.187275 0.454763 0.046398700000000015 0.015658700000000025 0.40670491850675655
1 0.312253 0.4294 0.04000809999999999 0.02194879999999999 0.3040938625364893
1 0.237968 0.422214 0.024572200000000016 0.00823651999999997 0.2998670168567388
1 0.105166 0.448055 0.027511499999999994 0.01264670000000001 0.2609975169513307
1 0.655777 0.431116 0.04052309999999992 0.023070400000000046 0.2598970356898681
