1 0.49863196909427643 0.49661271274089813 0.0763835608959198 0.1221865713596344 0.9485909753339576
0 0.7738649249076843 0.48875516653060913 0.03434336185455322 0.17015278339385986 0.9469749582717877
1 0.49924972653388977 0.4511246979236603 0.04853707551956177 0.08653485774993896 0.8884319965509916
0 0.6390151381492615 0.4574867784976959 0.017780065536499023 0.08836549520492554 0.8839759803478062
2 0.4364212155342102 0.44463399052619934 0.017711281776428223 0.06436336040496826 0.877856015299323
0 0.3248564898967743 0.45248088240623474 0.01107776165008545 0.0609288215637207 0.8374342735849583
0 0.3353429436683655 0.4514143764972687 0.012267112731933594 0.06170547008514404 0.8269269927339643
1 0.46438105404376984 0.43395406007766724 0.02287277579307556 0.03051590919494629 0.8244486408095473
1 0.475716 0.427259 0.015381199999999984 0.02409870000000003 0.5569593406452513
1 0.499475 0.42553 0.03569620000000001 0.030576900000000018 0.49217307219547485
1 0.989435 0.535175 0.02019750000000009 0.11899799999999999 0.38356545442317297
2 0.437898 0.455468 0.013534000000000046 0.03873389999999999 0.3076960366050586
