0 0.779058963060379 0.5505822002887726 0.03696411848068237 0.16557306051254272 0.9407079732727756
1 0.35660257935523987 0.4563030004501343 0.048249781131744385 0.054474592208862305 0.9322239930048962
1 0.41434745490550995 0.4366500526666641 0.02880999445915222 0.03693094849586487 0.9082390271054016
1 0.7490673065185547 0.4425271898508072 0.07857084274291992 0.06056198477745056 0.9078450245688356
1 0.9064688086509705 0.45372553169727325 0.055567026138305664 0.05728527903556824 0.888074994946213
1 0.6920841038227081 0.44404812157154083 0.07263869047164917 0.038507431745529175 0.8796705366218354
1 0.4470089226961136 0.4143768399953842 0.02701476216316223 0.05122634768486023 0.8788460225052263
1 0.49904897809028625 0.4309448152780533 0.017686903476715088 0.02475622296333313 0.8677290187664628
1 0.6516848504543304 0.43471214175224304 0.07197397947311401 0.042480409145355225 0.8392815328072352
0 0.5470375418663025 0.43417057394981384 0.00823521614074707 0.03776592016220093 0.7518559825896055
1 0.09047872498331344 0.6942584812641144 0.18093316406611848 0.4357144236564636 0.7446564320084842
1 0.4676660895347595 0.4332529753446579 0.018818318843841553 0.0231952965259552 0.7189089756388576
1 0.905245 0.455159 0.02627299999999999 0.04649369999999997 0.5465651346415298
1 0.65609 0.442492 0.02890820000000005 0.03217570000000003 0.5393430516560579
1 0.668359 0.438349 0.05225980000000008 0.03847540000000005 0.531854
1 0.614326 0.43874 0.03509640000000003 0.027758599999999967 0.4859179455395593
1 0.696709 0.443732 0.03701029999999994 0.03291860000000002 0.4128571206169017
1 0.630931 0.44077 0.020959699999999915 0.02109620000000001 0.37100712767965033
1 0.590982 0.428553 0.016416900000000068 0.027750900000000023 0.3418439710556063
1 0.65683 0.424886 0.02572730000000001 0.016412899999999953 0.2799960311057376
1 0.613306 0.435971 0.019038300000000064 0.020413400000000026 0.22786449843967824
