0 0.8879539966583252 0.6492029130458832 0.056241750717163086 0.29547399282455444 0.9511820243356947
0 0.6711937785148621 0.4900043308734894 0.038890838623046875 0.17896181344985962 0.9437240137746287
1 0.4115656018257141 0.4710868000984192 0.05144345760345459 0.07636845111846924 0.9096680173011368
0 0.2669292837381363 0.47245991230010986 0.0230238139629364 0.12379372119903564 0.8849119891480878
0 0.49918124079704285 0.4753265678882599 0.02029484510421753 0.08481079339981079 0.8533407391470471
0 0.5583142638206482 0.4495319128036499 0.013178825378417969 0.06192058324813843 0.8309710251501287
0 0.347287 0.459352 0.022233999999999976 0.09454220000000002 0.828785
1 0.419449 0.456797 0.03291630000000001 0.05163609999999996 0.6825358473823444
1 0.76828 0.50084875 0.460966 0.9983025000000001 0.5344999440178212
0 0.380185 0.437307 0.015144500000000005 0.07266729999999999 0.49579600000000007
