1 0.5498616993427277 0.4518485516309738 0.06020909547805786 0.04959949851036072 0.9389270096638783
1 0.6593384742736816 0.4451226145029068 0.050257205963134766 0.04264971613883972 0.9197770325835419
1 0.7700638175010681 0.4501045346260071 0.051943421363830566 0.04710555076599121 0.9183960288251913
1 0.8179050385951996 0.4409213811159134 0.04720574617385864 0.038836508989334106 0.9075169897201091
1 0.3513842970132828 0.43996046483516693 0.06308069825172424 0.04849371314048767 0.8905009880927093
1 0.9455565512180328 0.5425270795822144 0.1083497405052185 0.27253127098083496 0.8701769829241535
1 0.9358783662319183 0.4583069980144501 0.06303626298904419 0.07628446817398071 0.8613899994571173
1 0.7246824502944946 0.43575258553028107 0.04377162456512451 0.028453558683395386 0.8356850094449483
1 0.8885341286659241 0.4379040449857712 0.04291641712188721 0.02552899718284607 0.723543000756122
1 0.36621 0.443557 0.03276009999999996 0.04460989999999998 0.3601418758090215
0 0.681675 0.43818 0.007428299999999943 0.04386270000000003 0.283097
