1 0.8612205386161804 0.5197764784097672 0.11308979988098145 0.15392228960990906 0.9642689861030315
1 0.4318699985742569 0.4484887272119522 0.05158957839012146 0.06753280758857727 0.9408330222121102
1 0.5303701460361481 0.445099875330925 0.03615933656692505 0.04125574231147766 0.8954265390152231
0 0.3384614884853363 0.45426295697689056 0.0202367901802063 0.09081020951271057 0.888332471149537
1 0.3650488406419754 0.4417947083711624 0.03442046046257019 0.03540584444999695 0.8395469885320377
0 0.38463419675827026 0.44410812854766846 0.011729538440704346 0.057142555713653564 0.7789649858021968
1 0.603829 0.43572 0.03112500000000007 0.020689999999999986 0.5435134194385359
1 0.923506 0.428098 0.0303852 0.016875399999999985 0.4811459034745825
1 0.889351 0.432969 0.03954239999999998 0.019682100000000036 0.3067030998661828
1 0.501343 0.428055 0.03593479999999999 0.025804500000000008 0.306059
