1 0.4974897503852844 0.5558252185583115 0.13017117977142334 0.2086581289768219 0.9645780012704256
1 0.4141117334365845 0.4690266400575638 0.08270692825317383 0.08867940306663513 0.9622699520098925
0 0.8988603949546814 0.4984413683414459 0.04333233833312988 0.19878381490707397 0.9401699567697993
1 0.21070904284715652 0.4341544210910797 0.06269727647304535 0.03775542974472046 0.9271280301099851
1 0.12017611041665077 0.44192206859588623 0.07150118798017502 0.03775280714035034 0.9153929960364333
1 0.027949480805546045 0.4378615468740463 0.051320227794349194 0.04889872670173645 0.8837694965659854
1 0.5028510540723801 0.4422737956047058 0.03135278820991516 0.046573519706726074 0.8456507759205371
0 0.99265 0.521031 0.014526899999999898 0.25018500000000005 0.392117
0 0.9707619000000001 0.528711 0.05847619999999998 0.28196 0.3694908647964422
1 0.28485 0.442021 0.03589819999999999 0.013650799999999963 0.29411118161212707
