1 0.35792945325374603 0.4484308511018753 0.0457896888256073 0.05839315056800842 0.9289530450497843
0 0.5971243977546692 0.48584187030792236 0.030275940895080566 0.12899982929229736 0.9145090180885324
1 0.38912340998649597 0.44642721116542816 0.04024559259414673 0.04183897376060486 0.8961390119055928
1 0.3029026538133621 0.4380798041820526 0.024633556604385376 0.027682721614837646 0.88872702022867
1 0.2655040919780731 0.43461257219314575 0.028102874755859375 0.028393149375915527 0.8816449762994583
0 0.462421 0.444993 0.012325999999999948 0.05228069999999996 0.811241
1 0.2344103306531906 0.4299786686897278 0.01662921905517578 0.019982874393463135 0.7370016114690336
1 0.184698 0.423415 0.019735500000000017 0.014730800000000044 0.6875237791702199
0 0.1410898044705391 0.43683217465877533 0.007640555500984192 0.039333850145339966 0.5415090192880354
1 0.20082583278417587 0.4288713186979294 0.014055833220481873 0.015871495008468628 0.5306041833737898
1 0.22204090654850006 0.4272514283657074 0.02177569270133972 0.016665220260620117 0.3973757972896689
1 0.242967 0.427185 0.01190540000000001 0.017264599999999963 0.2766123707510386
