1 0.49592477083206177 0.6757445633411407 0.27780091762542725 0.38816648721694946 0.9778640138406717
1 0.23091860115528107 0.4490804672241211 0.10005375742912292 0.06412774324417114 0.9362110210313203
1 0.4381117969751358 0.4441250264644623 0.040750652551651 0.059757769107818604 0.8891229903184773
1 0.49865131080150604 0.4750131219625473 0.08389762043952942 0.13114216923713684 0.8887059783398397
1 0.4979754537343979 0.5180360972881317 0.11448171734809875 0.16782861948013306 0.8600569821361511
0 0.5812565982341766 0.4381316006183624 0.009391248226165771 0.04971122741699219 0.803374505967754
0 0.5701853036880493 0.4331093430519104 0.008157491683959961 0.04490262269973755 0.7670259820426325
0 0.6318745315074921 0.4454781413078308 0.007371485233306885 0.05537527799606323 0.6790063947089069
1 0.447792 0.434625 0.029703000000000035 0.036506099999999986 0.5005154121878598
1 0.932276 0.461058 0.11768500000000004 0.074762 0.4589869999999999
1 0.342377 0.443608 0.014136999999999955 0.016013100000000002 0.3005745936440387
1 0.460016 0.436416 0.010869400000000029 0.020464099999999985 0.2818300020128641
1 0.323432 0.445301 0.01851729999999996 0.017357100000000014 0.24084938405606987
1 0.537165 0.438467 0.011704600000000065 0.012417299999999964 0.20867167162267578
