0 0.454334 0.43597 0.010945199999999988 0.04586009999999996 0.79563
0 0.5231684446334839 0.4446870982646942 0.0113602876663208 0.04943811893463135 0.7326584016516815
1 0.812232 0.441812 0.08278619999999992 0.05296279999999998 0.6988194029977176
2 0.454278 0.436046 0.010047499999999987 0.041633299999999984 0.6760249650152881
1 0.4644218981266022 0.4364764392375946 0.019037365913391113 0.026103854179382324 0.6733825263485093
0 0.5600936412811279 0.43407100439071655 0.006788730621337891 0.03659433126449585 0.6420330086669094
1 0.691224 0.43942 0.06828670000000003 0.04641050000000002 0.533217332385846
2 0.455918 0.445199 0.008473869999999994 0.02599499999999999 0.4764252308308628
1 0.517984 0.453572 0.01972139999999989 0.027195300000000033 0.2745397934723788
1 0.486879 0.427645 0.011180199999999973 0.015247800000000034 0.2520281683105679
