1 0.4995072931051254 0.4532984346151352 0.036712199449539185 0.056190282106399536 0.9217730060383056
1 0.8770351707935333 0.4492526203393936 0.09027546644210815 0.06825646758079529 0.895033848180818
1 0.5735196769237518 0.4361448734998703 0.020423471927642822 0.027796417474746704 0.8814640160555174
0 0.6915151476860046 0.44392023980617523 0.011320352554321289 0.05028769373893738 0.8314330175820321
1 0.9623606503009796 0.45953066647052765 0.07500594854354858 0.06790414452552795 0.7449846308199808
1 0.903794 0.458855 0.030420700000000078 0.037533999999999956 0.6524276022083988
0 0.6034907400608063 0.43045541644096375 0.0064408183097839355 0.03175926208496094 0.4927746384005527
1 0.8543902933597565 0.4548329859972 0.028680026531219482 0.04551556706428528 0.3429099884645987
1 0.501275 0.422347 0.01644019999999996 0.011956999999999995 0.25733034929111204
1 0.878309 0.451201 0.020288800000000107 0.025144399999999956 0.24344125176272222
