1 0.4983118623495102 0.5064955204725266 0.08645644783973694 0.1359964907169342 0.9632430163962181
1 0.8880790174007416 0.490312859416008 0.22348445653915405 0.1631772816181183 0.9487440072527238
1 0.3979141563177109 0.4444398432970047 0.03636786341667175 0.037169426679611206 0.9175600373146747
1 0.32610684633255005 0.44342127442359924 0.028222978115081787 0.034205853939056396 0.9071680222910657
1 0.277185395359993 0.4336777925491333 0.026675552129745483 0.026590585708618164 0.879434976775449
1 0.31444667279720306 0.43658383190631866 0.024840503931045532 0.02908262610435486 0.8028569848110411
1 0.21606014668941498 0.43051883578300476 0.022553086280822754 0.024530231952667236 0.7819790040965519
1 0.24497800000000003 0.430321 0.016888900000000012 0.022495900000000013 0.766947
1 0.23318808525800705 0.4295407384634018 0.017304643988609314 0.021683543920516968 0.7078610002263089
1 0.309416 0.44058 0.015166400000000024 0.01885530000000002 0.48162832009502354
0 0.908625 0.464739 0.025785100000000005 0.11545800000000006 0.330093
1 0.16035335510969162 0.4254853427410126 0.024488165974617004 0.01723003387451172 0.3111000086702829
