1 0.08517323584237602 0.5332024395465851 0.16998949347180314 0.23273545503616333 0.9627619496287255
1 0.33314427733421326 0.45979250967502594 0.04542332887649536 0.06744638085365295 0.9311609677120389
1 0.49948273599147797 0.4443785399198532 0.038013607263565063 0.058076292276382446 0.9167919810452391
1 0.371163547039032 0.4463672935962677 0.046382367610931396 0.06178152561187744 0.894722974768696
1 0.54262775182724 0.43858079612255096 0.02828836441040039 0.04047366976737976 0.892215984013767
1 0.40164509415626526 0.4416208565235138 0.029090046882629395 0.03860437870025635 0.86276898100797
1 0.4438280910253525 0.4308977276086807 0.02026340365409851 0.026881009340286255 0.7727103526651994
0 0.235174 0.457974 0.012654700000000019 0.05979749999999995 0.655753
1 0.46335044503211975 0.42708030343055725 0.015615701675415039 0.01903986930847168 0.5978074399945863
1 0.454132 0.426992 0.020026199999999994 0.02191540000000003 0.3334880786542275
