1 0.8414239585399628 0.7144222557544708 0.31699222326278687 0.5638942122459412 0.9686200114790919
1 0.2399291843175888 0.4914166182279587 0.1330554187297821 0.1632256805896759 0.9629610004316349
1 0.14735379070043564 0.5389530211687088 0.16942529380321503 0.16346725821495056 0.9611400299068317
1 0.49960292875766754 0.5151704847812653 0.09523913264274597 0.14954012632369995 0.9589430380959174
1 0.390437975525856 0.44961968064308167 0.04982748627662659 0.06758832931518555 0.92782301363821
1 0.7892998158931732 0.45296648144721985 0.11760467290878296 0.08212709426879883 0.9176820256156341
1 0.5721709728240967 0.4722803682088852 0.06555068492889404 0.11153188347816467 0.8983581386904713
1 0.42526429891586304 0.43861496448516846 0.02774500846862793 0.03863239288330078 0.8569639884408614
1 0.4999244213104248 0.4637293666601181 0.04511845111846924 0.06647774577140808 0.829029214063757
1 0.5368285179138184 0.4491470009088516 0.04923117160797119 0.06449589133262634 0.8151204708926462
1 0.0518635377065948 0.6066932529211044 0.10367035572198802 0.28386393189430237 0.6958716052420653
0 0.6034189462661743 0.44596320390701294 0.01172029972076416 0.05625051259994507 0.6154468827281879
1 0.499092 0.441704 0.032669599999999965 0.01755680000000004 0.5764869622191339
1 0.4422195255756378 0.43581853806972504 0.019661009311676025 0.027911275625228882 0.5395628905153842
1 0.477853 0.426342 0.016372700000000018 0.015494600000000025 0.5028262058607206
1 0.457483 0.433176 0.014973299999999967 0.01791699999999996 0.46328551440762206
1 0.51785 0.439099 0.02607690000000007 0.03893380000000002 0.2946142522604331
1 0.513467 0.427797 0.01935449999999994 0.018155799999999944 0.24983111916138057
1 0.542258 0.495763 0.018079200000000073 0.06467349999999994 0.24434314121261766
