1 0.3752343952655792 0.42456498742103577 0.11581653356552124 0.2188054919242859 0.9532640235905074
1 0.5524685978889465 0.4443119317293167 0.02788388729095459 0.042079538106918335 0.9140650069070838
1 0.7275573909282684 0.4343545734882355 0.08090478181838989 0.04391586780548096 0.8498889949107643
1 0.755917 0.437772 0.06984839999999992 0.04493289999999994 0.8055392612229894
1 0.8239012062549591 0.43285712599754333 0.061225950717926025 0.034739553928375244 0.7863318877173402
1 0.860372 0.437591 0.04702000000000006 0.02986739999999999 0.7784670807221293
1 0.885863 0.44097 0.04459079999999993 0.0326843 0.6956552997738773
1 0.911582 0.442947 0.06108249999999993 0.036666500000000046 0.5808410422547676
1 0.664123 0.431278 0.020843900000000026 0.019756600000000013 0.39661384287916074
1 0.914292 0.443386 0.0326206 0.02392050000000001 0.3129571874217877
