1 0.2373412884771824 0.5887239724397659 0.2531145140528679 0.26754507422447205 0.954371974682374
0 0.687624990940094 0.5084109455347061 0.030157923698425293 0.1853247582912445 0.9179349655156517
1 0.289781853556633 0.520937979221344 0.280125230550766 0.23821115493774414 0.893070995205616
1 0.5053529441356659 0.45378313958644867 0.03766971826553345 0.052484363317489624 0.8722819916210378
1 0.790904 0.50675275 0.4176310000000001 0.9864945 0.5361574078051398
0 0.5734580457210541 0.4537336826324463 0.01105588674545288 0.056171953678131104 0.49279611752343666
2 0.504364 0.465466 0.027120199999999983 0.08254269999999997 0.46526100000000004
1 0.60967 0.431391 0.015471500000000082 0.03861190000000003 0.35426914330523884
0 0.436589 0.43952 0.00591240000000004 0.03081900000000004 0.3464697914487979
0 0.5601284205913544 0.44738107919692993 0.0074517130851745605 0.04158991575241089 0.27232289552147176
