1 0.18408555537462234 0.4524790346622467 0.11055205762386322 0.09237790107727051 0.9556230106182869
1 0.5541831851005554 0.44416946172714233 0.09357607364654541 0.06036365032196045 0.9512399578477989
1 0.02512663064953813 0.44812116026878357 0.05016413661724073 0.07393741607666016 0.939680036012721
1 0.3608025908470154 0.4636204391717911 0.11883938312530518 0.06927075982093811 0.9253649930972861
1 0.23507237434387207 0.43989425897598267 0.09629249572753906 0.0629834532737732 0.9190929799066575
1 0.9652792513370514 0.5016446262598038 0.06910091638565063 0.14702245593070984 0.913361005426503
0 0.6509159803390503 0.5420752465724945 0.02692711353302002 0.14900261163711548 0.9067869728133381
1 0.13775373622775078 0.449546754360199 0.06899101287126541 0.05545085668563843 0.9051389830109973
1 0.3398059010505676 0.4429015517234802 0.08025693893432617 0.04926431179046631 0.8850750227958304
1 0.3944370299577713 0.45020970702171326 0.09262946248054504 0.05437415838241577 0.8790310271641631
1 0.256732 0.440987 0.05189030000000003 0.05689500000000003 0.6858021567787357
1 0.9779137969017029 0.4569995105266571 0.04401969909667969 0.08932214975357056 0.570440250073334
1 0.983934 0.423226 0.031212999999999935 0.01530609999999999 0.34812855350560734
