1 0.7513623535633087 0.5045064389705658 0.11562317609786987 0.1400185227394104 0.9709129761647751
1 0.6863658428192139 0.4753224849700928 0.06431448459625244 0.08587157726287842 0.9348919952000698
1 0.059855842526303604 0.5666543841362 0.11954541219165549 0.33028411865234375 0.9343570393354689
1 0.8914204835891724 0.4496832937002182 0.11054861545562744 0.07835307717323303 0.918437019517718
0 0.801 0.460192 0.023406000000000038 0.11596799999999996 0.834545
1 0.13413581997156143 0.4361972510814667 0.05336125195026398 0.03313225507736206 0.7747285704024407
0 0.57456 0.439258 0.010565900000000017 0.050753099999999995 0.767127
1 0.673322 0.440695 0.035371800000000064 0.03410119999999994 0.6958262531743626
0 0.73444 0.449628 0.011645899999999987 0.06566179999999999 0.514664
0 0.221197 0.427071 0.0068032299999999934 0.02972790000000003 0.309698
