1 0.5044464021921158 0.5197047740221024 0.1156599223613739 0.1541663110256195 0.9612109711320311
1 0.03469446861799952 0.48504985868930817 0.06935827803499706 0.10721322894096375 0.9579579497731174
1 0.4047887325286865 0.4654112905263901 0.06424134969711304 0.08938255906105042 0.9523519533546615
1 0.13978184387087822 0.4592408388853073 0.04549584537744522 0.0634065568447113 0.9215119773082959
1 0.2191058173775673 0.45510515570640564 0.04148466885089874 0.06003230810165405 0.9178529841305985
1 0.5973290801048279 0.4516041874885559 0.11053776741027832 0.0652087926864624 0.8951180157361394
0 0.5532151460647583 0.4814186841249466 0.02834033966064453 0.11905571818351746 0.8799280128251593
1 0.17750760912895203 0.4357825964689255 0.03460496664047241 0.040700763463974 0.8338879774845807
1 0.2054758295416832 0.44344034790992737 0.03819368779659271 0.05048048496246338 0.8321806331594612
1 0.3459438383579254 0.44350677728652954 0.0286828875541687 0.03690636157989502 0.8075183917109132
1 0.335868 0.440458 0.01691290000000001 0.02902950000000004 0.43912648946093785
