1 0.4242323637008667 0.506793275475502 0.1174125075340271 0.13623687624931335 0.9666390132906647
1 0.9754724204540253 0.46594560146331787 0.04882127046585083 0.10645759105682373 0.938649038114291
1 0.9265514314174652 0.44220997393131256 0.03319305181503296 0.0371951162815094 0.865567005679838
0 0.6221854984760284 0.4442058801651001 0.01270359754562378 0.06338238716125488 0.8639164471274322
1 0.8152223229408264 0.4380209892988205 0.03756904602050781 0.026851564645767212 0.7797321129492686
0 0.785368 0.425329 0.007617760000000029 0.03311109999999995 0.679929
1 0.784567 0.430365 0.03168280000000001 0.0164609 0.5688616048253287
1 0.9535920917987823 0.43507789075374603 0.0353969931602478 0.029584616422653198 0.5542602399564507
0 0.769411 0.427116 0.006391019999999914 0.028535500000000047 0.539395
1 0.924376 0.431509 0.026107000000000102 0.02915509999999999 0.29655
1 0.894825 0.439217 0.0296284 0.02724800000000005 0.22720414504846723
