1 0.8190801739692688 0.5158995091915131 0.11990618705749512 0.14077752828598022 0.961295029378839
1 0.176063172519207 0.47286808490753174 0.16621346771717072 0.13145136833190918 0.9554569709864257
0 0.8921831846237183 0.46979011595249176 0.03239428997039795 0.13362500071525574 0.9162010045675184
1 0.8391626179218292 0.44989244639873505 0.055769383907318115 0.07319870591163635 0.889590994718618
1 0.9370720088481903 0.434578076004982 0.03304225206375122 0.033892422914505005 0.8383877170931278
0 0.872212 0.460579 0.02486110000000008 0.10546299999999997 0.763315
1 0.511783 0.424569 0.02545430000000004 0.017171099999999995 0.6735984036049704
1 0.145287 0.423352 0.025917899999999994 0.014666199999999963 0.5316953586832394
1 0.8208111822605133 0.4426769018173218 0.04198402166366577 0.0369340181350708 0.3662290742275624
1 0.806095 0.441641 0.022197699999999987 0.013629699999999967 0.3283891739404279
