1 0.6371932923793793 0.4726099371910095 0.07074552774429321 0.10558509826660156 0.9472590510981256
1 0.5291510075330734 0.46835246682167053 0.06747832894325256 0.10411518812179565 0.9031330078272573
0 0.5775773525238037 0.49880559742450714 0.029109477996826172 0.10639998316764832 0.8747319779862265
0 0.9647220373153687 0.5062604248523712 0.0353999137878418 0.18179279565811157 0.8620154081165603
1 0.5663158893585205 0.4487857073545456 0.04439198970794678 0.06343087553977966 0.7880092268555301
1 0.5481710433959961 0.4590443819761276 0.055263400077819824 0.07664385437965393 0.7868509938474975
1 0.5992402732372284 0.43554848432540894 0.024692833423614502 0.03003758192062378 0.7361820162355277
1 0.6624231934547424 0.4326053261756897 0.02863943576812744 0.030519306659698486 0.6861070210853972
1 0.605425 0.432388 0.02265089999999992 0.027904600000000057 0.47694533420551394
0 0.704659 0.428868 0.005455399999999999 0.02760359999999995 0.316745
1 0.663126 0.42641 0.022222500000000034 0.01847909999999997 0.25983060808282243
