1 0.647889107465744 0.4905639737844467 0.13044923543930054 0.16254356503486633 0.9648180427658615
1 0.1393713541328907 0.5093133002519608 0.17088034003973007 0.1779380738735199 0.9643309640301317
1 0.22288192808628082 0.4855538606643677 0.11442193388938904 0.12752366065979004 0.9482409694740369
1 0.39706581830978394 0.43976348638534546 0.034134626388549805 0.048750340938568115 0.9177230163081607
1 0.49932606518268585 0.4665791541337967 0.061861127614974976 0.09248289465904236 0.914231975661309
1 0.4453156590461731 0.444457471370697 0.03113710880279541 0.043814003467559814 0.8943740073396526
2 0.4987626373767853 0.47379715740680695 0.030525505542755127 0.1173919141292572 0.8885409771388557
1 0.610929 0.47565 0.062064700000000084 0.07759889999999997 0.8601808524009784
1 0.534764 0.436562 0.038217500000000015 0.026779899999999968 0.6494001939854126
2 0.546334 0.437964 0.013263500000000095 0.039120000000000044 0.608402
0 0.272997 0.446452 0.010781200000000046 0.0515371 0.4728541751127559
1 0.507531 0.445684 0.04024120000000003 0.04887560000000002 0.34286707064314087
1 0.486271 0.470099 0.03208389999999994 0.08549580000000001 0.3245106622288604
1 0.544767 0.446127 0.01308559999999992 0.01919269999999995 0.2656509568511775
