1 0.9389282166957855 0.502710297703743 0.12200897932052612 0.21098646521568298 0.9552069824162699
1 0.6257703006267548 0.448966383934021 0.054939329624176025 0.04566943645477295 0.9223939877029557
1 0.4453849345445633 0.4372188150882721 0.05468389391899109 0.0439305305480957 0.9075909915836838
1 0.7321074306964874 0.44121891260147095 0.05090373754501343 0.03593873977661133 0.8835619743532872
1 0.8864581882953644 0.4373238533735275 0.042733967304229736 0.034329622983932495 0.8689669923350238
1 0.7987756133079529 0.43525107204914093 0.04102528095245361 0.0265408456325531 0.8406600224697776
0 0.6846406757831573 0.43663203716278076 0.008811652660369873 0.04279369115829468 0.7371715862073774
1 0.457717 0.441482 0.029183999999999988 0.04162390000000005 0.6515799035409006
1 0.892367 0.447475 0.02039279999999999 0.056810600000000044 0.3835631319610702
2 0.682755 0.447623 0.011862800000000062 0.020206900000000028 0.3235197450650268
