1 0.8826552629470825 0.46168167889118195 0.06536662578582764 0.08350333571434021 0.9433600164249921
1 0.4525096118450165 0.4553524851799011 0.06679600477218628 0.05453646183013916 0.933050037440693
1 0.5723041296005249 0.4475664347410202 0.054091811180114746 0.04531100392341614 0.9287019633944944
1 0.22761768102645874 0.4424244314432144 0.07040071487426758 0.05537119507789612 0.9169690061826974
1 0.7349018454551697 0.43981996178627014 0.04646420478820801 0.03835254907608032 0.9141439823080184
1 0.6364148557186127 0.4359505772590637 0.04542785882949829 0.02937847375869751 0.8589800200078347
0 0.1434304416179657 0.4527748376131058 0.011909514665603638 0.07289662957191467 0.842607025710536
1 0.621603 0.434907 0.04153429999999991 0.026586200000000004 0.690964
1 0.985404 0.682375 0.027991499999999947 0.27462799999999987 0.3295380185272475
1 0.243079 0.44633 0.04036859999999998 0.051777300000000026 0.31698975578617
1 0.005966339999999999 0.0238567 0.0119117 0.0477134 0.03301413466950191
