1 0.627443939447403 0.48834384977817535 0.08276623487472534 0.10620853304862976 0.953332013485845
1 0.590706467628479 0.4644594192504883 0.06092989444732666 0.09391069412231445 0.9126269987589928
1 0.3864389806985855 0.44258078932762146 0.044067829847335815 0.05426079034805298 0.900010008945038
1 0.8606731295585632 0.6972583383321762 0.27808547019958496 0.6040734350681305 0.7380033693401279
1 0.45648613572120667 0.4369974285364151 0.021792709827423096 0.02842840552330017 0.7355206450751747
1 0.4289356470108032 0.43562939763069153 0.01961570978164673 0.020723581314086914 0.49752480381330916
1 0.525967 0.430714 0.015222700000000033 0.020006999999999997 0.3906009662863917
1 0.469817 0.4249 0.011403799999999964 0.013510699999999987 0.3332167984979798
1 0.464246 0.426292 0.026498200000000027 0.020219100000000045 0.3202006034919319
1 0.436206 0.427968 0.014627500000000015 0.018523999999999985 0.23993897891179777
1 0.460394 0.424994 0.01365890000000003 0.011608700000000027 0.20209523310176433
