1 0.481083407998085 0.5320504754781723 0.11328205466270447 0.15508988499641418 0.9636969746523865
1 0.13513141497969627 0.49438296258449554 0.10039205104112625 0.11804762482643127 0.9620799738135958
1 0.9423073530197144 0.4845184087753296 0.11514735221862793 0.1275317668914795 0.9544139491515212
1 0.22363824397325516 0.4678185135126114 0.059273943305015564 0.0789167582988739 0.9471479936485068
1 0.2985185533761978 0.4472939968109131 0.042632073163986206 0.05719059705734253 0.9188950221888822
1 0.3412929177284241 0.43152299523353577 0.016513943672180176 0.018974602222442627 0.6146480014579722
0 0.516826 0.439191 0.006727699999999892 0.03821490000000005 0.47189292856374115
0 0.246846 0.439855 0.010710299999999978 0.049537300000000006 0.3909733575397184
0 0.453069 0.433706 0.007616810000000029 0.03600480000000006 0.335821
2 0.246809 0.442232 0.014223399999999997 0.061510399999999965 0.308183
