2 0.4985150843858719 0.48767581582069397 0.048193544149398804 0.17367881536483765 0.9445130026243813
1 0.112599 0.446367 0.06619710000000001 0.06143469999999995 0.871191228268809
1 0.4693472981452942 0.4297317564487457 0.018655478954315186 0.028442978858947754 0.8566560117043446
1 0.0377159 0.45364 0.06329950000000001 0.04563170000000005 0.8248374579463499
0 0.5789372026920319 0.43866054713726044 0.009427845478057861 0.04808279871940613 0.8137370076927438
0 0.603362 0.425589 0.008699039999999991 0.04586420000000002 0.49137400000000003
1 0.479776 0.448291 0.011554300000000017 0.013683400000000012 0.44199395600378133
0 0.428126 0.425586 0.007046600000000014 0.030364999999999975 0.387087
1 0.498348 0.444012 0.026409499999999975 0.04146709999999998 0.368438
1 0.283528 0.446956 0.014870099999999997 0.01255649999999997 0.3228810679867746
