1 0.793028324842453 0.5531896203756332 0.17707091569900513 0.21406665444374084 0.9692400093671214
1 0.06375968037173152 0.4571017175912857 0.10718295816332102 0.10433897376060486 0.9603670001000361
1 0.5640496015548706 0.44841474294662476 0.10158276557922363 0.07007145881652832 0.9486010317171909
1 0.24714397639036179 0.47181351482868195 0.1180078536272049 0.08330807089805603 0.9406380158241968
1 0.3764110505580902 0.4519190788269043 0.09048551321029663 0.06156116724014282 0.9275559729399632
1 0.9547766149044037 0.5021809041500092 0.09043079614639282 0.14197081327438354 0.9207003615962686
1 0.12457182258367538 0.4511561840772629 0.06040559709072113 0.05833408236503601 0.9089380003943658
1 0.24165048450231552 0.4421175867319107 0.09212227165699005 0.06716594099998474 0.9067659855787644
1 0.23094399999999998 0.432531 0.06875899999999999 0.042327000000000004 0.2160927121949485
1 0.905109 0.474451 0.03693279999999999 0.012906100000000031 0.20259611076192088
