1 0.8878957033157349 0.45040953159332275 0.08188438415527344 0.05343812704086304 0.9225579504730622
1 0.8147687315940857 0.4397064745426178 0.0994635820388794 0.05760544538497925 0.9173530069902869
1 0.605405181646347 0.4453601539134979 0.02852243185043335 0.04117178916931152 0.8802019399597507
1 0.9549073278903961 0.45964135229587555 0.089824378490448 0.06137546896934509 0.8775233348387769
1 0.7665024697780609 0.4374770224094391 0.08578556776046753 0.04813218116760254 0.877284003848678
1 0.5857902765274048 0.4057912975549698 0.044799089431762695 0.10241290926933289 0.8571329794025845
1 0.742865 0.439321 0.056016899999999925 0.03226549999999995 0.690047
1 0.559157520532608 0.43197639286518097 0.016584575176239014 0.023398250341415405 0.5533067964482812
1 0.695831 0.432043 0.02840850000000006 0.03314720000000004 0.4862329882907128
1 0.708575 0.436452 0.04973720000000004 0.037372700000000036 0.3088180376493302
1 0.510473 0.422768 0.0122895999999999 0.02971120000000005 0.25408586973359115
1 0.755899 0.44787 0.042723999999999984 0.023865400000000037 0.22271947072808584
