1 0.0648804 0.48792899999999995 0.1297608 0.14234399999999997 0.240069
1 0.37015 0.445867 0.039958700000000014 0.06071989999999999 0.2296295
1 0.155641 0.47285699999999997 0.09449029999999999 0.11075099999999999 0.2338545
1 0.907067 0.448913 0.06438750000000004 0.03288810000000003 0.20736075
1 0.470283 0.425223 0.012006799999999984 0.02742479999999997 0.16594075
1 0.4975550000000001 0.430088 0.012657900000000055 0.01845380000000002 0.134228
1 0.427287 0.450648 0.024632600000000004 0.021025599999999978 0.118844
1 0.465962 0.43071499999999996 0.022909400000000024 0.022166399999999975 0.0893505
1 0.908147 0.45059499999999997 0.06776579999999999 0.045662499999999995 0.204234
1 0.144406 0.469537 0.11711900000000001 0.119861 0.23055575
1 0.370669 0.44310099999999997 0.0407208 0.05007149999999999 0.204039
1 0.47008799999999995 0.430089 0.016558499999999976 0.020640400000000003 0.11691275
