0 0.42283500000000007 0.460334 0.01974530000000002 0.08143799999999995 0.22606
1 0.549863 0.43772600000000006 0.04436949999999995 0.024659900000000012 0.22560175
1 0.012808725 0.451671 0.02561745 0.054981999999999975 0.216854
1 0.48792500000000005 0.435129 0.04615280000000005 0.029034899999999975 0.21210975
1 0.283714 0.438064 0.04383110000000001 0.028694700000000017 0.21082525
1 0.598497 0.435987 0.03865070000000004 0.02496130000000002 0.19976175
1 0.6394010000000001 0.4335049999999999 0.04849720000000002 0.027427499999999994 0.15862175
1 0.119359 0.430553 0.044433799999999996 0.036967799999999995 0.0981945
1 0.48699 0.435796 0.04905820000000005 0.032593800000000006 0.21196775
1 0.117845 0.4302 0.040424500000000016 0.03309770000000001 0.0829325
1 0.0125763 0.453041 0.0251526 0.0621526 0.21140125
1 0.28359 0.437323 0.043227899999999986 0.03287509999999999 0.17126125
2 0.13140599999999997 0.49857699999999994 0.06633649999999999 0.20260899999999998 0.2383225
2 0.13225199999999998 0.522305 0.05081169999999999 0.14938999999999997 0.07785475
