0 0.173628 0.6698580000000001 0.11539900000000002 0.49089400000000005 0.234555
0 0.19525400000000004 0.669431 0.16410600000000003 0.501571 0.1974365
1 0.36487100000000006 0.450946 0.05321720000000002 0.07613530000000002 0.23626825
1 0.429519 0.438944 0.029413999999999996 0.0411224 0.21770225
1 0.52199 0.432828 0.022796200000000044 0.02995110000000001 0.20805725
1 0.480607 0.433303 0.024193599999999982 0.03876459999999998 0.2066395
1 0.500716 0.440184 0.022187900000000038 0.030419099999999977 0.16984525
1 0.458816 0.4218970000000001 0.021999099999999994 0.01575500000000002 0.09699075
1 0.379057 0.430418 0.021154600000000023 0.024609199999999998 0.08499625
1 0.406852 0.43410499999999996 0.020130499999999996 0.022258999999999973 0.06578975
1 0.449306 0.425056 0.03570770000000001 0.01890900000000001 0.10220575
1 0.5168920000000001 0.430446 0.036442900000000056 0.028330100000000025 0.1936365
1 0.400168 0.433303 0.027886399999999978 0.02424369999999998 0.06844
1 0.459321 0.427832 0.02015290000000003 0.018437399999999993 0.06448575
1 0.501523 0.44162499999999993 0.025282900000000053 0.03549079999999999 0.13684775
1 0.42931299999999994 0.43779199999999996 0.03293269999999998 0.04493039999999998 0.20757225
2 0.224422 0.51182 0.07070829999999997 0.23376599999999997 0.22702825
2 0.209756 0.546414 0.10882899999999998 0.18543500000000002 0.207613
