1 0.165138 0.49876299999999996 0.16841700000000004 0.18122999999999995 0.24156975
1 0.703592 0.517871 0.137139 0.19191499999999995 0.2414965
1 0.595996 0.461622 0.06389429999999996 0.09524880000000002 0.230792
1 0.407135 0.438603 0.029644400000000015 0.039295599999999986 0.2171185
1 0.5559619999999998 0.445435 0.03131289999999998 0.05787930000000002 0.21750925
1 0.0750003 0.569685 0.149921 0.21745899999999996 0.22590875
1 0.501145 0.42190099999999997 0.014313299999999973 0.026145099999999977 0.14302325
1 0.531432 0.43834700000000004 0.017059500000000005 0.03204570000000001 0.12525675
1 0.642468 0.485162 0.08678189999999997 0.13336299999999995 0.2250265
1 0.465866 0.426058 0.01239990000000002 0.01367649999999998 0.106149
1 0.427215 0.436327 0.02929090000000001 0.03918050000000001 0.135662
1 0.5221800000000001 0.427866 0.016647100000000026 0.020113099999999995 0.106394
1 0.63721 0.46284600000000004 0.07317560000000001 0.08459950000000005 0.15784425
1 0.559383 0.445782 0.04397430000000002 0.06217529999999999 0.2204395
1 0.5888179999999998 0.45947 0.04989739999999998 0.0873235 0.21797725
1 0.428995 0.4395819999999999 0.02675559999999999 0.03249669999999999 0.088487
1 0.0757084 0.5477559999999999 0.149599 0.17708899999999994 0.228506
1 0.174809 0.499202 0.148204 0.17580600000000002 0.23630575
