0 0.0568907 0.502755 0.022644699999999997 0.10647800000000002 0.23154225
1 0.14113 0.509665 0.125614 0.15426699999999993 0.24160175
1 0.276388 0.470094 0.0986977 0.11476899999999995 0.238745
1 0.56112 0.449415 0.04078219999999999 0.055347199999999985 0.22968725
1 0.431267 0.43557599999999996 0.02527849999999998 0.035679799999999984 0.2211275
1 0.357961 0.454374 0.044228199999999995 0.058125800000000005 0.2204685
1 0.470006 0.429514 0.018368700000000016 0.02348450000000002 0.196588
1 0.523582 0.4270590000000001 0.015043600000000046 0.020071600000000023 0.174436
1 0.5461660000000002 0.435872 0.024730800000000053 0.05276930000000002 0.1132215
1 0.5234990000000002 0.426724 0.01830710000000002 0.02330969999999999 0.12665025
1 0.430285 0.433637 0.02736179999999999 0.034164799999999995 0.19928975
2 0.544323 0.43202799999999997 0.017567099999999947 0.05598249999999999 0.15384575
2 0.54539 0.435404 0.024507900000000027 0.05698900000000001 0.06713675
