1 0.119774 0.49249 0.165532 0.11730899999999994 0.2358485
1 0.42778499999999997 0.43883399999999995 0.05274669999999998 0.046992199999999984 0.2291295
1 0.039370800000000004 0.449555 0.07872880000000002 0.05065189999999997 0.2350415
1 0.153976 0.43906500000000004 0.07634050000000002 0.04734120000000003 0.21877525
1 0.179458 0.47850500000000007 0.135789 0.10632700000000006 0.220618
1 0.0280255 0.44439300000000004 0.056051 0.04767110000000002 0.078904
1 0.428418 0.435444 0.05837599999999998 0.04597200000000001 0.20131725
1 0.15441 0.441188 0.0805746 0.0538651 0.21656875
2 0.347834 0.48846500000000004 0.055886800000000014 0.18083900000000003 0.23628025
2 0.35298699999999994 0.509517 0.0493499 0.12896799999999997 0.19414225
