0 0.650885 0.44205399999999995 0.01334780000000002 0.05149039999999999 0.18644675
0 0.736726 0.451697 0.014713500000000046 0.07638839999999997 0.1818585
0 0.752397 0.46298 0.023005500000000012 0.09884579999999998 0.17611
0 0.456714 0.434036 0.010625800000000019 0.03739100000000001 0.107921
0 0.7567089999999999 0.467302 0.027321599999999946 0.11006500000000002 0.15858325
0 0.73765 0.458912 0.017967599999999972 0.09086339999999998 0.17522775
0 0.651502 0.442669 0.01144120000000004 0.05583650000000001 0.159149
1 0.879059 0.561044 0.21918499999999996 0.23373 0.24213825
1 0.727768 0.49679399999999996 0.09566059999999998 0.12702399999999997 0.23943975
1 0.0173828 0.4469080000000001 0.0347116 0.06559310000000002 0.23060425
1 0.499768 0.43244099999999996 0.052712300000000045 0.033992999999999995 0.2095145
1 0.949179 0.45997 0.10087899999999994 0.09630809999999995 0.226682
1 0.664561 0.437079 0.037445199999999956 0.033927299999999994 0.20283625
1 0.07326580000000002 0.43672 0.03695230000000001 0.0297172 0.18207775
1 0.0358009 0.439292 0.013639199999999997 0.01840130000000001 0.09418875
1 0.021566900000000003 0.437663 0.042001800000000006 0.0309392 0.19010025
1 0.0865025 0.435794 0.052877299999999995 0.03501710000000002 0.1090435
1 0.727711 0.5020879999999999 0.09215490000000004 0.11168199999999995 0.22752425
2 0.0925757 0.4620540000000001 0.0349969 0.11396900000000004 0.23221625
2 0.0937854 0.47827299999999995 0.030738500000000002 0.07879249999999999 0.21253525
