0 0.829048 0.509253 0.02348399999999995 0.09455999999999998 0.2265415
0 0.43624000000000007 0.436301 0.007662200000000008 0.038092499999999974 0.2123055
0 0.086336 0.45910800000000007 0.0189869 0.10059800000000002 0.19570375
0 0.20726899999999998 0.4346 0.010262899999999991 0.047989700000000024 0.1371195
0 0.43583399999999994 0.436749 0.008550259999999976 0.042233399999999977 0.19145675
0 0.206602 0.434095 0.011669399999999996 0.04103659999999998 0.0637245
1 0.263989 0.540521 0.162918 0.18442800000000004 0.24459425
1 0.356827 0.4395859999999999 0.03851979999999999 0.043055699999999975 0.22438525
1 0.40493500000000004 0.440704 0.033951200000000015 0.03561160000000002 0.21740475
1 0.253963 0.429376 0.01598719999999998 0.018233200000000005 0.19569275
1 0.29889200000000005 0.44565 0.027413100000000024 0.03802460000000002 0.193444
1 0.232618 0.423123 0.0186027 0.011541699999999988 0.188556
1 0.323149 0.437755 0.0223082 0.020795000000000008 0.18595775
1 0.967188 0.491021 0.06483970000000006 0.08011800000000002 0.08629675
1 0.288424 0.434459 0.02857949999999998 0.0299296 0.14501425
1 0.192468 0.424659 0.017160200000000014 0.014770799999999973 0.0627275
1 0.29695000000000005 0.441646 0.025381700000000007 0.020162300000000022 0.150277
1 0.32464399999999993 0.43355199999999994 0.022078399999999998 0.02606259999999999 0.1153925
1 0.232923 0.425412 0.017987399999999987 0.012532700000000008 0.065643
1 0.254972 0.428207 0.014808900000000014 0.01914929999999998 0.19002
1 0.40715100000000004 0.441247 0.031005000000000005 0.03293299999999999 0.1917285
2 0.967141 0.491251 0.06472719999999998 0.07943600000000006 0.19634725
2 0.207121 0.4314779999999999 0.011984099999999998 0.03235729999999998 0.07901875
