1 0.541653 0.458251 0.10916199999999998 0.07727050000000002 0.239177
1 0.05412519999999999 0.529646 0.10824999999999999 0.16108100000000003 0.2385605
1 0.398497 0.45307699999999995 0.05238090000000001 0.05428709999999998 0.23013775
1 0.308837 0.448935 0.04859089999999999 0.04268080000000002 0.22906425
1 0.35442000000000007 0.44941 0.05187950000000002 0.04983900000000002 0.2234065
1 0.444167 0.460365 0.07046360000000002 0.0518207 0.229698
1 0.0625719 0.44249 0.0441637 0.028247699999999987 0.1844675
1 0.701235 0.45508800000000005 0.04817309999999997 0.025881600000000005 0.103856
1 0.266003 0.449122 0.022831199999999996 0.013259699999999985 0.081575
1 0.0605685 0.445561 0.047661100000000005 0.04015200000000002 0.17456375
1 0.308084 0.449975 0.04512929999999998 0.03668919999999998 0.2249425
1 0.357699 0.44718 0.060313700000000026 0.054437400000000025 0.1682875
1 0.444474 0.457655 0.07677489999999998 0.055886800000000014 0.22413225
