1 0.899044 0.64611 0.20128099999999993 0.32017000000000007 0.24012775
1 0.36524200000000007 0.434922 0.045113400000000026 0.030877500000000002 0.21807225
1 0.424219 0.435446 0.03905940000000002 0.02215800000000001 0.2098145
1 0.133051 0.435422 0.041495400000000016 0.020320999999999978 0.201785
1 0.50304 0.431253 0.04480869999999998 0.026552200000000026 0.1987
1 0.469242 0.434752 0.03536260000000002 0.023085999999999995 0.0900545
1 0.130101 0.436641 0.050288500000000014 0.028384599999999982 0.1715195
1 0.3646980000000001 0.432593 0.03796680000000002 0.025280799999999992 0.1841685
1 0.892274 0.659649 0.214727 0.3883460000000001 0.1057985
1 0.42167299999999996 0.436162 0.0413849 0.02144400000000002 0.20518575
