1 0.249967 0.470551 0.06777630000000001 0.06734739999999995 0.23299925
1 0.318644 0.44966 0.04510320000000001 0.0579113 0.22356775
1 0.176509 0.443629 0.07853559999999998 0.04926390000000003 0.22266525
1 0.437257 0.436983 0.05036069999999998 0.05127919999999997 0.220137
1 0.387628 0.439889 0.04571560000000002 0.03680040000000001 0.2143935
1 0.570299 0.440168 0.03624819999999995 0.0513595 0.17541925
1 0.48306400000000005 0.440439 0.038174100000000044 0.017098700000000022 0.12000275
1 0.534595 0.432225 0.01881580000000005 0.013443800000000006 0.10440425
1 0.286717 0.453007 0.0616197 0.07709840000000001 0.22973175
1 0.377714 0.441423 0.028349500000000027 0.031779500000000016 0.201234
1 0.183844 0.433853 0.060598999999999986 0.027965000000000018 0.1006045
1 0.323956 0.450536 0.03564450000000002 0.053271999999999986 0.1769615
1 0.570163 0.44508899999999996 0.038694000000000006 0.06327509999999997 0.1614895
1 0.279327 0.45320799999999994 0.07885120000000001 0.08058899999999997 0.23055775
