0 0.7536990000000001 0.439037 0.00958150000000002 0.03906789999999999 0.09938975
0 0.754264 0.43610399999999994 0.009327320000000028 0.03940939999999998 0.07409775
1 0.87893 0.49870099999999995 0.10053299999999998 0.11817099999999997 0.239122
1 0.8114 0.44190799999999997 0.04688990000000004 0.036261299999999996 0.226365
1 0.6735819999999999 0.433215 0.030038499999999968 0.03284130000000002 0.20975025
1 0.98838695 0.434505 0.023226100000000027 0.02865479999999998 0.15168625
1 0.910627 0.43793 0.04739000000000004 0.03590009999999999 0.13933275
1 0.906733 0.465098 0.06996499999999994 0.09955050000000004 0.2257015
1 0.99302095 0.4381999999999999 0.013958099999999973 0.02522479999999999 0.126838
1 0.666767 0.433074 0.0420296 0.031837000000000004 0.16745475
1 0.8125279999999999 0.444149 0.04660629999999999 0.03145730000000002 0.211813
1 0.9127129999999999 0.46525 0.06484619999999996 0.08712050000000005 0.17227525
