0 0.26002100000000006 0.457499 0.017652500000000015 0.083293 0.22205
0 0.602258 0.446956 0.014047800000000055 0.06672230000000001 0.22114925
1 0.41412000000000004 0.455079 0.06251800000000002 0.08567930000000001 0.237783
1 0.499208 0.436814 0.029364200000000007 0.0436493 0.2294535
1 0.45689599999999997 0.439525 0.02313789999999999 0.027589599999999992 0.21570225
1 0.47548 0.433136 0.020975299999999975 0.03180709999999998 0.198738
1 0.456941 0.433078 0.024019899999999983 0.020682599999999995 0.09556675
1 0.47498300000000004 0.43420100000000006 0.017419000000000018 0.0317346 0.17262175
1 0.49895 0.437632 0.025992199999999965 0.04065350000000001 0.222305
1 0.414141 0.455916 0.05680069999999998 0.08261869999999999 0.231973
