0 0.7031670000000001 0.468811 0.027881900000000015 0.12725699999999995 0.23139975
0 0.628959 0.448032 0.018375299999999983 0.08041989999999999 0.219034
0 0.256883 0.44884899999999994 0.014322799999999997 0.07715929999999999 0.19666825
0 0.6518379999999999 0.46080200000000004 0.010952799999999985 0.044225000000000014 0.14710375
0 0.33254300000000003 0.434412 0.005946920000000022 0.02976869999999998 0.07102925
0 0.41501999999999994 0.428718 0.006789019999999979 0.030215199999999998 0.06669125
0 0.25868900000000006 0.443989 0.011977100000000018 0.06135990000000002 0.1624785
0 0.627829 0.44852400000000003 0.015581399999999967 0.07978380000000002 0.2154995
1 0.4989469999999999 0.483342 0.08486739999999998 0.13685099999999994 0.24060375
1 0.8785940000000001 0.454512 0.08355480000000004 0.05486770000000002 0.22985025
1 0.444058 0.445244 0.03228770000000003 0.044584400000000024 0.1773715
1 0.5398150000000002 0.464617 0.015529400000000027 0.04353079999999998 0.1614825
1 0.478547 0.44286 0.07595150000000006 0.06934289999999999 0.17388425
1 0.436964 0.451719 0.015108100000000013 0.03212550000000003 0.16259125
1 0.434825 0.428246 0.024947700000000017 0.027099800000000007 0.074791
1 0.497631 0.4513130000000001 0.11202100000000004 0.08224320000000002 0.1262805
