0 0.239923 0.455712 0.017208200000000007 0.08428089999999999 0.162686
0 0.5394490000000001 0.447093 0.006728940000000017 0.03665839999999998 0.09198125
0 0.239366 0.4472130000000001 0.013925799999999988 0.06856840000000003 0.068816
1 0.172653 0.551994 0.22640499999999997 0.26485099999999995 0.243002
1 0.35433799999999993 0.462497 0.07272899999999999 0.102132 0.2342755
1 0.39747 0.454321 0.024332599999999982 0.0442188 0.21628025
1 0.29830200000000007 0.50147 0.08968870000000001 0.15792899999999999 0.23990875
1 0.393121 0.452172 0.0365993 0.044016200000000005 0.219114
1 0.280207 0.501611 0.12380900000000003 0.16060600000000003 0.2372485
1 0.35934 0.463356 0.061738000000000015 0.09698469999999998 0.23214825
