0 0.8085849999999999 0.462032 0.026838699999999993 0.10917200000000005 0.1665875
0 0.6089769999999999 0.430033 0.006900849999999958 0.027590700000000024 0.08867325
1 0.820635 0.534083 0.17038399999999998 0.19109400000000004 0.24165675
1 0.710608 0.489687 0.0829065 0.11385099999999998 0.2371445
1 0.936789 0.454856 0.12642200000000003 0.09050849999999999 0.2330565
1 0.12663199999999997 0.448072 0.03932949999999999 0.04821120000000001 0.22383025
1 0.0418062 0.4472400000000001 0.04242490000000001 0.0573379 0.221726
1 0.674704 0.436456 0.039701100000000045 0.027821399999999996 0.2142995
1 0.011482500000000001 0.444351 0.022216600000000003 0.03066930000000001 0.1918845
1 0.4750329999999999 0.455775 0.028691399999999978 0.016358399999999995 0.17380775
1 0.10178600000000002 0.4367 0.05423960000000001 0.03244799999999998 0.19762675
1 0.42264 0.425796 0.01570640000000001 0.009792330000000016 0.10727425
1 0.0152887 0.446243 0.0303594 0.04471029999999998 0.17023875
1 0.126676 0.450528 0.03852299999999999 0.03665390000000002 0.21124575
1 0.7082660000000001 0.493793 0.07559130000000003 0.09864130000000004 0.232866
1 0.040114399999999995 0.44241600000000003 0.043481599999999995 0.05361460000000001 0.21485825
1 0.67387 0.438912 0.03900820000000005 0.028989700000000007 0.18658275
