1 0.708898 0.51703 0.12007800000000002 0.15944699999999995 0.2427645
1 0.29665700000000006 0.471696 0.0876345 0.10211600000000004 0.2402025
1 0.615678 0.46469800000000006 0.05090989999999995 0.070432 0.23165875
1 0.37123800000000007 0.45604 0.04355340000000002 0.058119299999999985 0.2300605
1 0.036222925 0.46671000000000007 0.07244585 0.08942140000000004 0.1778345
1 0.5887959999999999 0.456182 0.02855569999999996 0.05317660000000002 0.149532
1 0.620156 0.44356 0.05882889999999996 0.04188049999999999 0.119794
1 0.595241 0.45522399999999996 0.0417284 0.05882409999999999 0.220497
1 0.371846 0.456886 0.043381 0.04746139999999999 0.218378
1 0.709387 0.523376 0.11926499999999995 0.14083700000000005 0.2386855
2 0.385943 0.466858 0.01572220000000002 0.030905300000000024 0.15563525
