0 0.718002 0.5461039999999999 0.06357749999999995 0.21926499999999993 0.23853575
0 0.8291789999999999 0.459133 0.0211962 0.08153850000000001 0.2202685
0 0.07335750000000002 0.459697 0.03201420000000001 0.09659290000000004 0.2033535
0 0.647886 0.45144799999999996 0.009165509999999988 0.040739899999999996 0.1022625
0 0.0726734 0.4547979999999999 0.028476799999999997 0.08782879999999998 0.179479
1 0.45318 0.468935 0.05250579999999999 0.08399209999999996 0.23406225
1 0.506002 0.44156 0.03283419999999998 0.032459499999999974 0.22334575
1 0.39156599999999997 0.43360200000000004 0.02493709999999999 0.02541270000000001 0.2166145
1 0.36090600000000006 0.428261 0.013463100000000006 0.01767550000000001 0.20599975
1 0.427141 0.432444 0.021349700000000027 0.028569500000000025 0.19904775
1 0.42644400000000005 0.437655 0.020845100000000005 0.020123000000000002 0.1402075
1 0.453732 0.464265 0.047578200000000015 0.06780819999999999 0.14957225
1 0.36000699999999997 0.4290919999999999 0.012884799999999974 0.015302199999999988 0.13876225
1 0.391339 0.4320010000000001 0.026662699999999984 0.02473900000000001 0.21547725
