0 0.9142460000000001 0.516967 0.02036720000000003 0.12515799999999994 0.22469375
0 0.383861 0.441354 0.009457019999999983 0.04879420000000001 0.20389325
1 0.027759625 0.43835 0.05551925 0.05438280000000001 0.23219425
1 0.126303 0.44425 0.07412799999999999 0.04038799999999998 0.23128025
1 0.208031 0.43196 0.0676811 0.04314580000000001 0.231078
1 0.4416 0.44601 0.03342250000000002 0.0475371 0.22781975
1 0.10777399999999998 0.43944800000000006 0.06601909999999998 0.03641100000000003 0.22815
1 0.208862 0.4353 0.0625668 0.03611160000000002 0.2282815
1 0.44176800000000005 0.447065 0.03277420000000003 0.040696500000000024 0.22525
1 0.0285489 0.43423 0.0569713 0.06101869999999998 0.225528
