0 0.305891 0.458034 0.016822500000000018 0.08093899999999998 0.21455325
0 0.772121 0.446641 0.013807099999999961 0.06307560000000001 0.21408025
0 0.671917 0.43541799999999997 0.008084039999999959 0.0409563 0.17638375
0 0.10236599999999998 0.480458 0.025300599999999993 0.12469699999999995 0.08430425
1 0.0990279 0.517142 0.197992 0.20426600000000006 0.2417315
1 0.579578 0.438331 0.027793900000000038 0.024279800000000018 0.2246215
1 0.483171 0.429555 0.02467170000000002 0.021891300000000002 0.20807925
1 0.456577 0.427423 0.013603399999999988 0.014919899999999986 0.12925225
1 0.519088 0.43578 0.02636930000000004 0.017159099999999983 0.07383525
1 0.455732 0.429453 0.01782529999999999 0.015425899999999992 0.1042415
1 0.48160499999999995 0.431574 0.027054199999999973 0.01948899999999998 0.17140525
1 0.579378 0.43697299999999994 0.028691699999999987 0.029307899999999998 0.21610825
