0 0.245719 0.45256799999999997 0.01927899999999999 0.07144889999999998 0.22377975
0 0.839056 0.469302 0.025762900000000033 0.11095900000000003 0.22264025
0 0.9802649999999999 0.6175600000000001 0.0323599 0.217067 0.2111835
0 0.840267 0.47057400000000005 0.02975349999999999 0.10696800000000001 0.21936425
0 0.244258 0.45348 0.020489299999999988 0.070075 0.21542625
1 0.744791 0.465855 0.100406 0.08061300000000005 0.2393035
1 0.9844389499999999 0.45877 0.03112210000000004 0.05573309999999998 0.21863325
1 0.00913786 0.4828140000000001 0.0182757 0.07040530000000006 0.195985
1 0.745385 0.469122 0.09868759999999999 0.06650659999999997 0.2347545
1 0.010603125000000001 0.484656 0.021206250000000003 0.06749659999999996 0.11774825
