0 0.7734559999999999 0.452478 0.013562799999999986 0.059849700000000006 0.22339025
0 0.9776009999999999 0.533985 0.03688579999999997 0.14611400000000002 0.21765
0 0.877257 0.472467 0.016777799999999954 0.093252 0.20869575
0 0.915732 0.45033499999999993 0.014419599999999977 0.06594939999999999 0.18442625
0 0.6114439999999999 0.4320069999999999 0.006687989999999977 0.03285569999999999 0.18149575
0 0.644734 0.43228599999999995 0.007288870000000003 0.03187089999999998 0.17922675
0 0.628891 0.435956 0.00712394999999999 0.03658460000000002 0.16667025
0 0.362151 0.447786 0.008858009999999972 0.04770970000000002 0.15736
0 0.9155709999999999 0.4585699999999999 0.02280139999999997 0.08776869999999998 0.180604
0 0.9683229 0.53942 0.06335419999999992 0.15444799999999997 0.1570365
0 0.878468 0.461557 0.018042899999999973 0.06554399999999999 0.124668
0 0.627609 0.43395399999999995 0.008973569999999986 0.03447159999999999 0.1135615
0 0.6453040000000001 0.43519699999999994 0.006583600000000023 0.032462099999999994 0.1104995
0 0.611721 0.43397300000000005 0.00807005999999999 0.034875900000000015 0.06318125
1 0.07443959999999998 0.534022 0.14868599999999998 0.23505099999999995 0.235633
1 0.554649 0.439528 0.03230250000000001 0.03730889999999998 0.2267255
1 0.504321 0.43474499999999994 0.02097020000000005 0.016715199999999986 0.181447
1 0.474812 0.428566 0.021222300000000027 0.02188610000000002 0.1695075
1 0.95537 0.466323 0.08925629999999996 0.07326310000000003 0.15308625
1 0.44742899999999997 0.427747 0.019348199999999982 0.016372900000000024 0.148267
1 0.560226 0.43706100000000003 0.042258600000000035 0.03789130000000002 0.176307
