1 0.6569320000000001 0.467555 0.06350230000000001 0.07577339999999999 0.23038925
1 0.574978 0.439654 0.030653599999999948 0.03389930000000002 0.2215225
1 0.393189 0.43684599999999996 0.040056499999999995 0.04432419999999998 0.209352
1 0.612903 0.452745 0.04563419999999996 0.05183510000000002 0.18211275
1 0.5597 0.437477 0.014726400000000028 0.024992899999999985 0.07660175
1 0.382661 0.44537799999999994 0.029969899999999994 0.04267749999999998 0.199686
1 0.635342 0.45845100000000005 0.05152380000000001 0.06736510000000001 0.21962975
1 0.6017129999999999 0.45213099999999995 0.025608399999999976 0.04794999999999999 0.14275725
1 0.572597 0.436747 0.03619399999999995 0.03476689999999999 0.20921125
1 0.387097 0.44806900000000005 0.036198799999999975 0.03684150000000003 0.08808875
1 0.656116 0.46968599999999994 0.057705600000000024 0.06568469999999998 0.2177615
