0 0.623635 0.444222 0.015316600000000014 0.0758104 0.214061
0 0.6246689999999999 0.44207700000000005 0.01455569999999995 0.06844440000000002 0.162252
1 0.117954 0.44138599999999995 0.08952979999999999 0.04590109999999997 0.2346595
1 0.943989 0.468001 0.08865699999999999 0.07199939999999999 0.23451675
1 0.206451 0.432596 0.0674825 0.04399629999999999 0.23244425
1 0.024371225 0.43851400000000007 0.04874245 0.05387740000000002 0.2274725
1 0.462166 0.435892 0.0457284 0.04195559999999998 0.225658
1 0.105597 0.439485 0.0661021 0.03654160000000001 0.2288335
1 0.027571000000000002 0.43457900000000005 0.05491750000000001 0.03732770000000002 0.22218975
1 0.462572 0.435464 0.04221229999999998 0.034858500000000014 0.2229615
1 0.207398 0.435798 0.06201309999999999 0.036877099999999996 0.22732325
1 0.12412 0.444046 0.0744485 0.03960960000000002 0.23000575
