1 0.0780786 0.525317 0.156157 0.17761500000000002 0.24338675
1 0.653543 0.490886 0.10156200000000004 0.13931499999999997 0.24276275
1 0.30615500000000007 0.46724 0.06152390000000002 0.07175580000000004 0.23671
1 0.395648 0.448217 0.042435200000000006 0.05982209999999999 0.23354175
1 0.91868 0.47112 0.16263899999999998 0.09739750000000003 0.2333445
1 0.560398 0.450962 0.03378020000000004 0.048199099999999995 0.22445575
1 0.9048130000000001 0.738546 0.18996500000000005 0.47868599999999994 0.22281925
1 0.36923799999999996 0.438064 0.030131799999999986 0.04023789999999999 0.206565
1 0.550341 0.443767 0.028227000000000002 0.042169400000000024 0.2236615
1 0.373781 0.435631 0.04276740000000001 0.0420681 0.19704975
1 0.3060860000000001 0.4682529999999999 0.0578901 0.08019879999999996 0.23669675
1 0.5616380000000001 0.45218 0.03313540000000004 0.041605 0.22071675
