0 0.845631 0.438456 0.006813430000000009 0.03751009999999999 0.08638275
1 0.0851101 0.456451 0.065745 0.0898004 0.23527625
1 0.8114599999999998 0.444364 0.037501099999999954 0.03621550000000001 0.2263015
1 0.129677 0.439281 0.035495 0.03624519999999998 0.22315425
1 0.7378260000000001 0.42397700000000005 0.021468900000000013 0.015698900000000016 0.15322875
1 0.481394 0.423883 0.020765599999999995 0.012015300000000007 0.1493245
1 0.0349784 0.43924300000000005 0.0695409 0.03858840000000002 0.12143625
1 0.893758 0.434309 0.04480669999999998 0.034856200000000004 0.08222475
1 0.11929199999999998 0.43977599999999994 0.055969599999999994 0.04031659999999998 0.20846175
1 0.0848875 0.457172 0.0562588 0.0844531 0.23327275
1 0.8107 0.44642899999999996 0.03721180000000002 0.034050199999999975 0.21503075
