1 0.36669699999999994 0.445772 0.07665669999999997 0.05524600000000002 0.23812775
1 0.0953011 0.474369 0.07746720000000001 0.07719949999999998 0.23375375
1 0.217373 0.442411 0.0445412 0.04267540000000003 0.22917725
1 0.293742 0.448811 0.05233129999999997 0.037748000000000004 0.22555225
1 0.17624500000000004 0.442862 0.040386000000000005 0.026598600000000028 0.222468
1 0.029551 0.487791 0.0590971 0.152895 0.22091175
1 0.256003 0.44650200000000007 0.038650500000000004 0.03364410000000001 0.21674475
1 0.687429 0.45020400000000005 0.124919 0.07761380000000001 0.0691725
1 0.282601 0.45006 0.028656999999999988 0.03235520000000003 0.21349625
1 0.177149 0.444405 0.044349500000000014 0.03499039999999998 0.220527
1 0.255838 0.445136 0.04252449999999999 0.04010570000000002 0.220897
1 0.298824 0.447306 0.04228979999999999 0.033293799999999985 0.20742125
1 0.217646 0.441465 0.043292 0.035912500000000014 0.22253175
1 0.0970682 0.471688 0.07581870000000002 0.07018459999999999 0.209528
