0 0.743581 0.452073 0.021206700000000023 0.08123069999999999 0.21412425
0 0.619516 0.43211600000000006 0.007566129999999949 0.03677910000000001 0.2017265
0 0.619551 0.433091 0.0069135700000000355 0.036050799999999994 0.19977725
1 0.214019 0.460561 0.0766288 0.07689459999999998 0.23827
1 0.340093 0.45034699999999994 0.0524386 0.0620154 0.2294495
1 0.980688 0.474811 0.03796200000000005 0.09139880000000006 0.18667175
1 0.514339 0.43162900000000004 0.023095899999999947 0.030867900000000004 0.18009925
1 0.341745 0.448843 0.04867949999999999 0.0530042 0.15353225
2 0.30242499999999994 0.453245 0.029487399999999997 0.09033180000000002 0.2272465
2 0.510919 0.438854 0.014811499999999977 0.052388199999999996 0.20688
2 0.390448 0.432205 0.014408199999999982 0.03540359999999998 0.1417425
2 0.30551399999999995 0.469375 0.026853599999999977 0.05675720000000001 0.207727
2 0.5118469999999999 0.429645 0.014154499999999959 0.038383900000000026 0.1071935
