0 0.7150050000000001 0.479003 0.014282000000000017 0.07631120000000002 0.21341775
0 0.17418499999999998 0.470589 0.01708119999999999 0.08695339999999996 0.21281475
0 0.9808299999999999 0.479136 0.019699299999999975 0.07463160000000002 0.1983645
0 0.6651879999999999 0.463246 0.009830279999999969 0.05460520000000002 0.1941175
0 0.716382 0.477318 0.012392799999999982 0.07743039999999995 0.14763675
0 0.666221 0.463641 0.011337799999999953 0.0516567 0.11321975
0 0.978803 0.47938500000000006 0.022960300000000045 0.07579600000000003 0.1602365
0 0.17357700000000004 0.466407 0.0157707 0.09427500000000005 0.14110225
1 0.496587 0.587841 0.22939500000000002 0.38813499999999995 0.2440595
1 0.161222 0.457047 0.044884199999999985 0.0339913 0.17478775
1 0.5932730000000002 0.484895 0.015167400000000053 0.04161519999999996 0.1512715
1 0.401348 0.480055 0.01437440000000001 0.04953490000000005 0.06407125
