0 0.209652 0.460247 0.023132000000000014 0.11209100000000005 0.22996525
1 0.326045 0.513972 0.11222399999999999 0.13047600000000004 0.24287475
1 0.451225 0.43813899999999995 0.02885549999999998 0.046322699999999994 0.22877125
1 0.500313 0.430122 0.019796700000000056 0.027969399999999978 0.21706625
1 0.723452 0.44892999999999994 0.030006599999999994 0.015978199999999998 0.20256875
1 0.479027 0.42993099999999995 0.01745150000000001 0.022514199999999984 0.1722725
1 0.468484 0.431389 0.014068000000000025 0.024256500000000014 0.15015775
1 0.013474500000000002 0.733709 0.026927900000000005 0.5101659999999999 0.076935
1 0.479935 0.423906 0.010777099999999984 0.017068699999999992 0.146029
1 0.467001 0.430064 0.01849649999999997 0.02609840000000002 0.15181325
1 0.499622 0.43066000000000004 0.016766999999999976 0.026345000000000007 0.21224425
