0 0.428376 0.445433 0.012626599999999988 0.05387839999999999 0.2114825
1 0.756392 0.433933 0.05476040000000004 0.03900940000000003 0.22588325
1 0.684569 0.431715 0.055656200000000045 0.030583099999999974 0.21709225
1 0.558525 0.43279999999999996 0.013591499999999979 0.017058799999999985 0.195907
1 0.653847 0.430488 0.03798659999999998 0.02178960000000002 0.205505
1 0.715866 0.437287 0.031219499999999956 0.024829199999999996 0.16284675
1 0.688858 0.435792 0.025122599999999995 0.023847300000000016 0.12388775
1 0.645321 0.430428 0.02278250000000004 0.016846099999999975 0.117671
1 0.559505 0.428411 0.016106500000000024 0.02604620000000002 0.16890325
1 0.715956 0.437377 0.05242179999999996 0.02829520000000002 0.20075775
1 0.675799 0.4310860000000001 0.03576889999999999 0.026731000000000005 0.1481315
