1 0.843799 0.547002 0.17171800000000004 0.20611699999999994 0.242072
1 0.0279966 0.43712 0.0524467 0.03257929999999998 0.22572575
1 0.593153 0.441458 0.029993399999999948 0.040059100000000014 0.220752
1 0.513436 0.436041 0.05090459999999997 0.03885120000000003 0.2188655
1 0.673353 0.44069900000000006 0.03155079999999999 0.03538720000000001 0.21769225
1 0.10566999999999999 0.437461 0.0191842 0.015753000000000017 0.152703
1 0.509447 0.437819 0.039090199999999964 0.03427009999999997 0.09880775
1 0.591035 0.441913 0.036423899999999954 0.03466429999999998 0.19848425
1 0.0276504 0.435007 0.0553008 0.04178320000000002 0.20591075
1 0.673564 0.44196899999999995 0.03160010000000002 0.031029299999999982 0.2041125
