1 0.79314 0.49046 0.09570290000000004 0.14175200000000004 0.2418195
1 0.107877 0.477718 0.118666 0.09530529999999998 0.23739275
1 0.30825100000000005 0.459569 0.08035690000000001 0.06883919999999999 0.23707025
1 0.522335 0.44384199999999996 0.05551320000000004 0.05075449999999998 0.2337115
1 0.603575 0.438477 0.0356746 0.048927 0.22188
1 0.39947600000000005 0.43992 0.05294070000000001 0.037036599999999975 0.21917275
1 0.594528 0.45102200000000003 0.055569300000000044 0.028381500000000004 0.12045925
1 0.108771 0.48042200000000007 0.117112 0.08149170000000006 0.2355285
1 0.30667900000000003 0.458378 0.09070620000000001 0.0754321 0.115413
1 0.400329 0.440578 0.059971600000000014 0.03749530000000001 0.203961
1 0.605113 0.437588 0.03906279999999995 0.04226819999999998 0.21774375
1 0.522782 0.444952 0.05397349999999995 0.04567189999999999 0.227795
2 0.469812 0.459654 0.016857699999999975 0.0236885 0.16847025
