0 0.23073499999999997 0.437113 0.008176519999999993 0.04209489999999999 0.18302075
1 0.6855549999999999 0.604006 0.267991 0.2564660000000001 0.24363375
1 0.122983 0.49793300000000007 0.156099 0.15424500000000002 0.24209225
1 0.461443 0.467349 0.05898490000000001 0.10058799999999996 0.23554025
1 0.377305 0.435948 0.025373599999999996 0.027010900000000004 0.219692
1 0.272464 0.430414 0.021861499999999978 0.01984459999999999 0.20644925
1 0.305418 0.43314600000000003 0.02661239999999998 0.013322800000000024 0.18814325
1 0.71936 0.456488 0.08100110000000005 0.06412980000000001 0.14981325
1 0.44628200000000007 0.44618099999999994 0.03586790000000001 0.04512379999999999 0.1958875
1 0.307196 0.433037 0.018749599999999977 0.017241200000000012 0.08570825
1 0.377171 0.435091 0.026672299999999982 0.020990300000000017 0.15263675
