1 0.600973 0.504519 0.13484799999999997 0.13867600000000002 0.24294575
1 0.09546810000000001 0.46506100000000006 0.06429700000000002 0.07658090000000001 0.23494825
1 0.28633 0.434208 0.038023699999999994 0.018955300000000008 0.21225475
1 0.235655 0.43346799999999996 0.036829200000000006 0.0254085 0.1926425
1 0.0304352 0.43966 0.0563613 0.04176469999999999 0.191041
1 0.0241469 0.444175 0.0252362 0.03201769999999998 0.120331
1 0.23166200000000003 0.42824000000000007 0.025660600000000006 0.016057500000000002 0.09834275
1 0.0151146 0.437476 0.0299817 0.03653509999999999 0.10882325
1 0.290701 0.432374 0.029953000000000007 0.01646320000000001 0.203934
1 0.0957499 0.4688030000000001 0.06434580000000001 0.06750370000000006 0.23264775
1 0.0357629 0.43865200000000004 0.0442791 0.0388462 0.18126875
