1 0.740121 0.489696 0.0785051 0.11553600000000003 0.23642175
1 0.8147329999999999 0.454549 0.057209399999999966 0.0832023 0.234079
1 0.869084 0.4448289999999999 0.030354699999999957 0.031964099999999995 0.22103675
1 0.0119725 0.482626 0.023945 0.12983100000000003 0.21699525
1 0.986292 0.461915 0.026779899999999968 0.07650670000000004 0.21539525
1 0.6922679999999999 0.4321729999999999 0.03465309999999999 0.0313891 0.21353375
1 0.741564 0.427433 0.023405099999999956 0.013770500000000019 0.1788795
1 0.848093 0.439516 0.0266478 0.033875199999999994 0.18524175
1 0.7412049999999999 0.441076 0.03229899999999997 0.0458479 0.19607475
1 0.79801 0.430094 0.02680210000000005 0.029209600000000002 0.10514025
1 0.7155389999999999 0.43595 0.012874799999999964 0.013110999999999984 0.0718745
1 0.729067 0.465151 0.051412299999999966 0.07640549999999996 0.080792
1 0.84969 0.437501 0.02061500000000005 0.02605780000000002 0.091384
1 0.845718 0.440886 0.036410900000000024 0.0366804 0.1593325
1 0.8694580000000001 0.443234 0.031327400000000005 0.03838370000000002 0.20623675
