1 0.792935 0.490669 0.09403799999999995 0.141081 0.24171275
1 0.378858 0.47407499999999997 0.11141299999999998 0.09614939999999994 0.23996525
1 0.110182 0.47528 0.11748400000000002 0.09211069999999999 0.23945125
1 0.523007 0.44484 0.05580159999999995 0.05060100000000001 0.23497475
1 0.607089 0.445087 0.030288800000000005 0.04191489999999998 0.22677325
1 0.306311 0.46123500000000006 0.0734379 0.0671329 0.23001825
1 0.400674 0.438084 0.05207289999999998 0.03868870000000002 0.190448
1 0.310368 0.45841300000000007 0.09388430000000003 0.07339990000000002 0.231727
1 0.60666 0.447036 0.027665099999999998 0.034808000000000006 0.222452
1 0.111313 0.479614 0.116228 0.08047929999999998 0.236039
