1 0.92427075 0.53227 0.15145850000000005 0.2625660000000001 0.2384405
1 0.03256029999999999 0.469072 0.06506999999999999 0.108016 0.2351225
1 0.423159 0.44785 0.09242289999999997 0.060915300000000006 0.23180925
1 0.275537 0.442983 0.06717549999999997 0.04493980000000003 0.231801
1 0.20757199999999998 0.44535 0.05022469999999998 0.03301979999999999 0.22679075
1 0.136008 0.43998000000000004 0.042361499999999996 0.03422120000000001 0.22304325
1 0.0762794 0.462066 0.03591040000000001 0.0615426 0.22543275
1 0.173826 0.442997 0.040365399999999996 0.03425529999999999 0.2217145
1 0.09380650000000001 0.441817 0.03836160000000001 0.027927800000000003 0.2147845
1 0.0649772 0.462483 0.057569100000000005 0.06308429999999998 0.218588
1 0.17523 0.442501 0.03211610000000001 0.02966089999999999 0.155345
1 0.412863 0.44752499999999995 0.07013219999999998 0.0593031 0.19820675
1 0.0903062 0.443452 0.0443885 0.03510800000000003 0.19750125
1 0.929392 0.528934 0.14051100000000005 0.24238099999999996 0.2243075
1 0.275964 0.441225 0.07246609999999998 0.048777499999999974 0.149307
