1 0.4989450000000001 0.508525 0.09156440000000005 0.12291600000000003 0.24155325
1 0.0616469 0.45448 0.0855792 0.053866499999999984 0.23306425
1 0.84846 0.45257100000000006 0.09606249999999994 0.06156610000000001 0.22328425
1 0.49947300000000006 0.432693 0.01989270000000004 0.028824300000000025 0.20240675
1 0.470151 0.431552 0.016228799999999988 0.02109519999999998 0.17210425
1 0.192469 0.454948 0.05638950000000001 0.050800100000000015 0.085426
1 0.292261 0.450189 0.02050590000000002 0.016818600000000017 0.0824825
1 0.50061 0.43139 0.01635640000000005 0.024106300000000025 0.1633365
1 0.47014199999999995 0.431256 0.012892999999999988 0.019212899999999977 0.0837675
1 0.0624722 0.455503 0.0833894 0.04834189999999999 0.2290785
2 0.19105 0.447699 0.057051199999999996 0.0695114 0.2296625
2 0.192821 0.45518 0.0553728 0.050048800000000004 0.1476945
