1 0.7695809999999998 0.442755 0.11587599999999998 0.06156279999999997 0.22882525
1 0.34893700000000005 0.458468 0.04756440000000001 0.05519689999999999 0.227882
1 0.429342 0.41398499999999994 0.0362325 0.073818 0.22534175
1 0.498651 0.439648 0.027532800000000024 0.03822890000000001 0.2199365
1 0.950577 0.4438559999999999 0.06240460000000003 0.04187449999999998 0.21647225
1 0.8842970000000001 0.437159 0.06969170000000002 0.046848 0.208704
1 0.47918000000000005 0.42679 0.011878800000000023 0.016531000000000018 0.13857725
1 0.983753 0.4526800000000001 0.03249360000000001 0.03710770000000002 0.1558045
1 0.840291 0.458449 0.09485889999999997 0.06436160000000002 0.20966975
1 0.58567 0.428353 0.02170939999999999 0.0215669 0.13019875
1 0.500095 0.41594 0.018734500000000043 0.024092800000000025 0.13122625
1 0.666644 0.432516 0.02276100000000003 0.025778699999999988 0.08213425
1 0.479889 0.42305100000000007 0.015172499999999978 0.022167800000000015 0.0691985
1 0.7955509999999999 0.44416 0.09020919999999999 0.0626217 0.20456175
1 0.9853670000000001 0.446766 0.029246100000000053 0.043465699999999996 0.096562
1 0.500013 0.439905 0.026069499999999968 0.03326279999999998 0.21750575
1 0.949898 0.446275 0.07420289999999996 0.044155500000000014 0.194427
1 0.430739 0.409876 0.04042570000000001 0.06698979999999999 0.2218295
1 0.834587 0.454346 0.11598299999999995 0.06693499999999997 0.226554
