1 0.101557 0.518916 0.164264 0.16532999999999998 0.24313225
1 0.41059 0.46607299999999996 0.05832900000000002 0.06693169999999998 0.23361775
1 0.668496 0.43540499999999993 0.05806979999999995 0.03803709999999999 0.22340875
1 0.742252 0.430836 0.05183179999999998 0.028523599999999982 0.20685325
1 0.499227 0.4184300000000001 0.016219699999999948 0.027472400000000008 0.17778775
1 0.776476 0.434689 0.04855209999999999 0.026804400000000006 0.20274275
1 0.130057 0.87049775 0.260114 0.25900449999999997 0.10752425
1 0.57342 0.428642 0.026615399999999956 0.020447800000000016 0.0936055
1 0.5583370000000001 0.427426 0.020775600000000005 0.015550100000000011 0.07083575
1 0.648402 0.432452 0.059730700000000025 0.03389710000000001 0.2209055
1 0.733057 0.43294199999999994 0.029418399999999956 0.020810099999999998 0.06853125
1 0.5677779999999999 0.427485 0.028447699999999965 0.01798559999999999 0.069991
2 0.3604010000000001 0.478866 0.0360723 0.13402200000000003 0.232551
2 0.3593 0.501937 0.031235000000000013 0.09389669999999994 0.129201
