1 0.948401 0.457551 0.1031979999999999 0.05570750000000002 0.23414275
1 0.82393 0.439968 0.10070800000000002 0.05496820000000002 0.23366175
1 0.5550000000000002 0.40985000000000005 0.0648067 0.11779100000000003 0.22809575
1 0.734498 0.438302 0.056167999999999996 0.029942499999999983 0.20122825
1 0.686763 0.43040100000000003 0.02781469999999997 0.0348523 0.189309
1 0.879184 0.4587629999999999 0.03066179999999996 0.03992279999999998 0.1108935
1 0.767816 0.437095 0.05529379999999995 0.04318319999999998 0.1859565
1 0.5967549999999999 0.4490120000000001 0.020985799999999943 0.020679700000000023 0.09634425
1 0.525558 0.41485099999999997 0.019447899999999962 0.051307099999999994 0.09793075
1 0.913325 0.437195 0.021810499999999955 0.014467899999999978 0.0820005
1 0.849722 0.451682 0.0553013 0.04494480000000001 0.216413
1 0.919279 0.455525 0.10436599999999996 0.049648499999999984 0.222106
1 0.724945 0.43807 0.034811499999999995 0.026608999999999994 0.19674775
1 0.8093319999999999 0.440774 0.07046629999999998 0.05155959999999998 0.2248475
1 0.861856 0.44856000000000007 0.0801693 0.054734000000000005 0.20799475
1 0.7740850000000001 0.437261 0.08144260000000003 0.047225499999999976 0.22163575
