1 0.166079 0.461504 0.08945350000000002 0.06962079999999998 0.23789
1 0.255593 0.451463 0.05141019999999999 0.05539280000000002 0.2370645
1 0.33379 0.444448 0.04336859999999998 0.04044429999999999 0.23223
1 0.035918 0.467887 0.0717755 0.11094199999999999 0.2317135
1 0.378302 0.44118199999999996 0.024930799999999975 0.027785899999999975 0.21370475
1 0.41589200000000004 0.429597 0.02193600000000001 0.024387400000000004 0.20136625
1 0.399334 0.4381900000000001 0.022754300000000005 0.023467300000000024 0.1902695
1 0.513701 0.431917 0.022920599999999958 0.02163100000000001 0.06970375
1 0.385012 0.437916 0.045110700000000004 0.03302660000000002 0.160792
1 0.419072 0.430739 0.014983199999999974 0.023685400000000023 0.196178
1 0.337024 0.449083 0.04589589999999999 0.043496199999999985 0.22301
1 0.256344 0.454857 0.05203820000000001 0.046367500000000006 0.228608
1 0.16213699999999998 0.46544 0.09021569999999998 0.07032369999999999 0.2331945
1 0.0364062 0.475686 0.0728124 0.128154 0.1901685
