1 0.331477 0.498082 0.09210869999999999 0.10874699999999998 0.24014575
1 0.426397 0.441797 0.026505400000000012 0.036133199999999976 0.2237165
1 0.48456699999999997 0.434069 0.04060119999999995 0.023789999999999978 0.21483175
1 0.37932 0.452372 0.05540329999999999 0.07822039999999997 0.2327525
1 0.518702 0.446687 0.027066799999999946 0.03660350000000001 0.20287825
1 0.40276200000000006 0.42944799999999994 0.02186490000000002 0.024226499999999984 0.15689775
1 0.46010400000000007 0.433213 0.016762800000000022 0.018084199999999995 0.0908675
1 0.397076 0.43233600000000005 0.038544299999999976 0.03097080000000002 0.1787345
1 0.42556800000000006 0.442986 0.026820400000000022 0.03184290000000001 0.20480875
1 0.3790490000000001 0.4532 0.050120200000000004 0.07207770000000002 0.22734975
