1 0.40259 0.442885 0.03441179999999999 0.03704240000000003 0.2303865
1 0.319798 0.436238 0.023110299999999973 0.02413090000000001 0.21534625
1 0.25267 0.432289 0.023861299999999974 0.028499300000000005 0.213407
1 0.283762 0.4333389999999999 0.026803299999999974 0.02704869999999998 0.205499
1 0.980456 0.498103 0.038451800000000036 0.08092840000000001 0.19972875
1 0.192266 0.42710400000000004 0.014517100000000005 0.018439700000000003 0.19216725
1 0.5199259999999999 0.720369 0.6653249999999999 0.5592619999999999 0.0890535
1 0.20116999999999996 0.424666 0.02998229999999999 0.017166999999999988 0.072353
1 0.32027 0.436669 0.022565100000000005 0.018234399999999984 0.15072225
1 0.190921 0.427763 0.018259600000000015 0.021857000000000015 0.1410725
1 0.253975 0.430334 0.026926299999999986 0.029627799999999982 0.17710125
1 0.285508 0.432084 0.028753799999999996 0.025770799999999983 0.19936575
1 0.402123 0.444349 0.034679000000000015 0.03233619999999998 0.2270675
