1 0.10941825 0.723864 0.2188365 0.552271 0.234131
1 0.388589 0.44589500000000004 0.039223200000000014 0.04222880000000001 0.2309665
1 0.264503 0.43432800000000005 0.02827400000000002 0.03040090000000001 0.22035175
1 0.30080299999999993 0.438434 0.027830599999999983 0.028292800000000007 0.21692625
1 0.234375 0.42826 0.015172099999999994 0.021511000000000002 0.17339825
1 0.124255 0.426988 0.019150200000000006 0.015536400000000006 0.154126
1 0.159009 0.42673300000000003 0.022856199999999993 0.02083790000000002 0.15104625
1 0.196223 0.427129 0.01531260000000001 0.018293300000000012 0.0650765
1 0.30379999999999996 0.435406 0.019517799999999974 0.023541299999999987 0.190201
1 0.23264999999999997 0.431061 0.016859399999999997 0.022558699999999987 0.13906325
1 0.389097 0.444492 0.04437990000000003 0.041246899999999975 0.14993175
1 0.298397 0.438252 0.02932610000000002 0.021688700000000005 0.17241625
1 0.10921199999999999 0.6722649999999999 0.21842299999999998 0.4696969999999999 0.10394525
1 0.263819 0.43584999999999996 0.02826479999999998 0.02769539999999998 0.217932
