1 0.257848 0.46587999999999996 0.07744499999999999 0.12996599999999997 0.2401695
1 0.0955552 0.47961399999999993 0.087864 0.08524809999999994 0.23740275
1 0.398273 0.447866 0.07688889999999998 0.05848340000000002 0.233616
1 0.588548 0.45182200000000006 0.11080000000000001 0.07662010000000002 0.2325015
1 0.201835 0.4448770000000001 0.04419709999999999 0.03493940000000001 0.2236955
1 0.017377799999999995 0.503004 0.034755499999999995 0.18418199999999996 0.2073585
1 0.32160299999999997 0.45121200000000006 0.0888604 0.0865168 0.191081
1 0.0183109 0.46328899999999995 0.0364057 0.21522999999999998 0.16992475
1 0.296281 0.451031 0.13934399999999997 0.08692359999999999 0.1633875
1 0.20149900000000004 0.442538 0.048212300000000013 0.033499100000000004 0.17073525
1 0.585103 0.451248 0.10136900000000004 0.07088230000000001 0.23093625
1 0.0969425 0.476023 0.0868494 0.07719040000000005 0.22853925
2 0.285119 0.505873 0.018728699999999987 0.04595320000000003 0.1188605
