1 0.745992 0.551989 0.21735499999999996 0.21802900000000003 0.24383225
1 0.125523 0.472292 0.09642289999999999 0.14708200000000005 0.24076025
1 0.0586532 0.438052 0.04231100000000001 0.04100999999999999 0.22515125
1 0.3525499999999999 0.435699 0.0379082 0.021086099999999997 0.2171765
1 0.431623 0.431026 0.042580600000000024 0.026237100000000013 0.20872375
1 0.29447499999999993 0.433087 0.042088599999999976 0.02669569999999999 0.2021695
1 0.395146 0.434843 0.032708899999999985 0.0208333 0.14910375
1 0.021895600000000005 0.725109 0.04357130000000001 0.548187 0.12849225
1 0.0613021 0.4372269999999999 0.048430799999999996 0.043415099999999984 0.215094
1 0.349821 0.435963 0.040907099999999974 0.02082099999999998 0.20153575
