1 0.791241 0.555898 0.28647 0.29875499999999994 0.243718
1 0.421415 0.457931 0.0472591 0.0607625 0.235705
1 0.606583 0.477626 0.06908910000000001 0.09440310000000002 0.23370275
1 0.046933225 0.572098 0.09386645 0.20857199999999998 0.226613
1 0.49884800000000007 0.433779 0.023294600000000054 0.0369256 0.22295425
1 0.393426 0.442363 0.034457300000000024 0.04973919999999998 0.222068
1 0.461666 0.426361 0.01357750000000002 0.01678639999999998 0.10974725
1 0.5240289999999999 0.430859 0.01743079999999997 0.02484439999999999 0.10669775
1 0.5787690000000001 0.457611 0.048803700000000005 0.07736979999999999 0.19649225
1 0.437628 0.438808 0.026439199999999996 0.0404158 0.094932
1 0.499927 0.43457599999999996 0.021609999999999963 0.0316747 0.218151
1 0.39537100000000003 0.441317 0.04232180000000002 0.05171579999999998 0.224168
1 0.5253509999999999 0.42972600000000005 0.017227699999999957 0.024536100000000005 0.0989535
1 0.607311 0.480663 0.06743980000000005 0.07981340000000003 0.2307025
1 0.422203 0.460566 0.045950099999999994 0.052545799999999976 0.2262655
2 0.445296 0.43866499999999997 0.011681400000000008 0.04205169999999997 0.124761
