1 0.894148 0.575666 0.2117039999999999 0.26034699999999994 0.241048
1 0.737389 0.502341 0.10045499999999996 0.13464900000000002 0.239864
1 0.0739292 0.43498000000000003 0.057976599999999996 0.03302900000000003 0.227792
1 0.597027 0.437445 0.03250120000000001 0.0422343 0.2256805
1 0.666669 0.440307 0.030304499999999956 0.03522239999999999 0.225041
1 0.0108622 0.446422 0.0217244 0.06841209999999998 0.206361
1 0.0167314 0.437249 0.0326934 0.024129899999999982 0.18199275
1 0.0229271 0.43798899999999996 0.020278000000000004 0.019605299999999992 0.07735
1 0.010756 0.433585 0.021512 0.03291050000000001 0.07404125
1 0.6669239999999999 0.4407150000000001 0.030315699999999945 0.029844700000000002 0.221129
1 0.736937 0.507743 0.09820689999999999 0.11927200000000004 0.23428175
