1 0.420208 0.576059 0.21601200000000004 0.347051 0.2430015
1 0.258222 0.440271 0.032420000000000004 0.03451559999999998 0.2236165
1 0.327955 0.46464399999999995 0.06603789999999998 0.09749699999999994 0.21346325
1 0.295102 0.444235 0.02655099999999999 0.031584500000000015 0.15906975
1 0.305321 0.469209 0.014738499999999988 0.07468389999999997 0.1291875
1 0.157517 0.42486900000000005 0.025949 0.023328300000000024 0.068861
1 0.127767 0.429217 0.02662819999999999 0.018631300000000017 0.06431575
1 0.354646 0.482935 0.108099 0.16049000000000002 0.1889115
1 0.158752 0.427136 0.018257999999999996 0.01835310000000001 0.06605525
1 0.260204 0.437643 0.028497699999999987 0.034210200000000024 0.214834
