1 0.382351 0.481418 0.06947439999999999 0.08621870000000004 0.23784175
1 0.6533900000000001 0.43924700000000005 0.03565180000000001 0.0335878 0.22673075
1 0.8356810000000001 0.437866 0.06580890000000006 0.0393096 0.2251015
1 0.529027 0.438206 0.06154759999999998 0.042466899999999974 0.22329625
1 0.460333 0.432801 0.024077000000000015 0.03445569999999998 0.2187065
1 0.213964 0.448624 0.05926519999999999 0.043842400000000004 0.2071565
1 0.30421 0.439982 0.07138240000000001 0.04777100000000001 0.1794205
1 0.331399 0.440489 0.040206699999999984 0.026641000000000026 0.164953
1 0.483965 0.42496899999999993 0.010448500000000027 0.016255799999999987 0.0935025
1 0.212388 0.444604 0.05782579999999998 0.035687899999999995 0.19483925
1 0.460583 0.43568799999999996 0.0254934 0.037914999999999976 0.21759625
1 0.38296399999999997 0.482272 0.0779321 0.09460809999999997 0.204286
1 0.525688 0.43772199999999994 0.06633719999999999 0.038719899999999974 0.22281
1 0.65327 0.439678 0.03891979999999995 0.031001600000000018 0.20479175
2 0.357932 0.505457 0.019932100000000008 0.04001159999999998 0.0827125
