1 0.958044825 0.451881 0.08391035000000002 0.05664419999999998 0.2278325
1 0.76345 0.436516 0.026818499999999967 0.024466600000000005 0.2152495
1 0.662007 0.43461700000000003 0.051182199999999956 0.026668100000000028 0.19705875
1 0.838182 0.4418059999999999 0.028527799999999992 0.030378399999999972 0.1759265
1 0.5289490000000001 0.424389 0.010561900000000013 0.011805200000000016 0.1393045
1 0.622318 0.429225 0.03969 0.023625000000000007 0.1424605
1 0.6909970000000001 0.43171399999999993 0.041356700000000024 0.027863899999999997 0.188819
1 0.989886 0.464008 0.020227600000000012 0.059815600000000024 0.0640275
1 0.65886 0.432927 0.03363740000000004 0.020926800000000023 0.0899845
1 0.682179 0.431141 0.023198300000000005 0.025487900000000008 0.0717195
1 0.767151 0.435797 0.034255900000000006 0.0274818 0.21496625
1 0.6284 0.428504 0.0448267 0.0252174 0.1635865
