0 0.919487 0.48494799999999993 0.02086600000000005 0.11632999999999999 0.2259815
1 0.0218882 0.4536 0.0435658 0.15279400000000004 0.21653725
1 0.440959 0.431894 0.023513400000000018 0.022241699999999975 0.2135185
1 0.51494 0.438253 0.03308069999999996 0.04523650000000001 0.212891
1 0.47213099999999997 0.434039 0.021732099999999976 0.025009999999999977 0.20463
1 0.55088 0.439785 0.026626200000000044 0.02772429999999998 0.1894885
1 0.407934 0.427165 0.016890599999999978 0.017010599999999987 0.09090925
1 0.380396 0.428215 0.01215860000000002 0.015128099999999978 0.08684675
1 0.018180525 0.4734650000000001 0.03636105 0.12078200000000006 0.2122245
1 0.40566 0.428229 0.022929599999999994 0.02235140000000002 0.085314
1 0.47393699999999994 0.43192300000000006 0.0209742 0.026677000000000006 0.07939875
1 0.548178 0.439102 0.03076270000000003 0.029282599999999992 0.11386425
1 0.441468 0.430176 0.024502000000000024 0.020301899999999984 0.18559625
2 0.598142 0.518419 0.057200600000000046 0.219457 0.2395695
