1 0.395491 0.45022299999999993 0.126405 0.07487499999999997 0.23805725
1 0.09650210000000001 0.472542 0.07478120000000002 0.07494420000000002 0.2342505
1 0.214312 0.442346 0.04495640000000001 0.04558119999999999 0.22859275
1 0.290538 0.44851700000000005 0.05317939999999999 0.03664790000000001 0.2284045
1 0.029922825 0.489483 0.05984565 0.15611099999999994 0.222165
1 0.174738 0.444203 0.044644199999999995 0.035817299999999996 0.2238305
1 0.253373 0.444526 0.04243909999999998 0.03952739999999999 0.2228245
1 0.370142 0.447538 0.0755808 0.0496529 0.134877
1 0.0143147 0.497074 0.0286294 0.13053500000000007 0.13030225
1 0.17400099999999996 0.443489 0.04156299999999999 0.028121899999999977 0.21652025
1 0.21455999999999997 0.443686 0.04348579999999999 0.039069299999999973 0.21986675
1 0.253831 0.446477 0.039255700000000004 0.03528730000000002 0.214257
