0 0.194872 0.464566 0.0169976 0.08757950000000003 0.22058275
0 0.914304 0.443615 0.014287599999999956 0.06959169999999998 0.20669875
0 0.9545669999999999 0.452121 0.013050099999999953 0.061156900000000014 0.1699435
0 0.6224050000000001 0.434216 0.009117130000000029 0.04321140000000001 0.076666
0 0.914185 0.450077 0.0158123 0.07780799999999999 0.12418775
1 0.307312 0.460016 0.0734264 0.08040789999999998 0.239063
1 0.9230049999999999 0.491861 0.09715039999999997 0.11953299999999994 0.23850725
1 0.661305 0.464322 0.053238499999999966 0.06082530000000003 0.23421625
1 0.371776 0.433407 0.04166439999999999 0.028113 0.2111275
1 0.871997 0.474039 0.04407629999999996 0.07107540000000001 0.2106855
1 0.342098 0.436161 0.029718000000000022 0.041313600000000006 0.20870775
1 0.7000710000000001 0.424711 0.024117300000000008 0.011424400000000001 0.100874
1 0.981033 0.47728799999999993 0.026492700000000036 0.011271199999999981 0.06415175
1 0.715522 0.456287 0.023212800000000033 0.009820639999999992 0.0627005
1 0.880865 0.444072 0.04753879999999999 0.05025869999999999 0.1269845
1 0.37946599999999997 0.433311 0.027058199999999977 0.024900499999999992 0.1991535
1 0.878844 0.47014899999999993 0.06226430000000005 0.08447819999999995 0.22573
1 0.340457 0.43892 0.03472059999999999 0.04911090000000001 0.2035575
