1 0.240564 0.464117 0.14989600000000003 0.11377400000000004 0.23797425
1 0.813672 0.469685 0.06959780000000004 0.10690099999999997 0.23752975
1 0.028112925 0.449557 0.05622585 0.0731618 0.23630325
1 0.619251 0.44179099999999993 0.0492013 0.04391309999999998 0.2362115
1 0.44065199999999993 0.452159 0.06371569999999999 0.05379529999999999 0.2347145
1 0.510255 0.43743599999999994 0.04870740000000001 0.03249819999999998 0.2144475
1 0.770807 0.43722400000000006 0.02955680000000005 0.04115540000000001 0.2135065
1 0.307321 0.46210300000000004 0.06177060000000001 0.06532860000000001 0.20614225
1 0.673222 0.441745 0.022245100000000018 0.0177022 0.0868825
1 0.32478699999999994 0.463503 0.02489659999999999 0.05801849999999997 0.08477975
1 0.496741 0.43651799999999996 0.04306199999999999 0.03033239999999998 0.163006
1 0.6189530000000001 0.439021 0.05433180000000004 0.049271500000000024 0.2299815
1 0.4398310000000001 0.4503400000000001 0.06970550000000003 0.061423700000000026 0.21030575
1 0.768743 0.4371 0.027061800000000025 0.042998800000000004 0.2072035
2 0.32407 0.463216 0.026920100000000002 0.05870900000000001 0.160731
