1 0.829049 0.517817 0.12716700000000003 0.14626999999999996 0.24181275
1 0.545494 0.47045500000000007 0.0865802 0.09010670000000004 0.23921175
1 0.7058469999999999 0.45133 0.05057619999999996 0.05142970000000002 0.23224275
1 0.944099 0.432925 0.03827550000000002 0.024806600000000012 0.202774
1 0.842107 0.43321200000000004 0.041658399999999984 0.035880100000000026 0.20289725
1 0.303156 0.824864 0.08112180000000002 0.03421019999999997 0.08360925
1 0.811236 0.44324600000000003 0.022863599999999984 0.014915100000000014 0.06425675
1 0.842539 0.454903 0.056148899999999946 0.08201550000000002 0.22279025
1 0.943937 0.435988 0.040776400000000046 0.04129499999999997 0.1687255
1 0.706164 0.453419 0.04915919999999996 0.0434986 0.23018775
1 0.543147 0.470694 0.09405259999999999 0.09623780000000004 0.23781675
