0 0.698281 0.477214 0.02510089999999998 0.12166100000000002 0.225391
0 0.947994 0.532551 0.104012 0.26457400000000003 0.218899
1 0.434598 0.49963499999999994 0.09549560000000001 0.16512799999999994 0.2405745
1 0.521915 0.466446 0.06626679999999996 0.07630730000000002 0.239185
1 0.380224 0.440125 0.03594799999999998 0.04351109999999997 0.21513
1 0.27307400000000004 0.440773 0.019862400000000002 0.02320230000000001 0.2124745
1 0.29544100000000006 0.431454 0.021866400000000008 0.025704400000000016 0.20664575
1 0.261227 0.428368 0.026084299999999977 0.01737129999999998 0.18291025
1 0.339782 0.43016600000000005 0.019882100000000014 0.01809250000000001 0.13690925
1 0.23656 0.427644 0.016271800000000003 0.016807599999999978 0.13179175
1 0.358343 0.432299 0.021678599999999992 0.023997199999999996 0.1381085
1 0.404995 0.462594 0.04992770000000002 0.0736367 0.214306
1 0.390384 0.464702 0.018006999999999995 0.06831730000000003 0.18325925
1 0.233205 0.430188 0.024910299999999996 0.0164242 0.07294975
1 0.2963450000000001 0.426753 0.024670000000000025 0.018372300000000008 0.139403
1 0.362414 0.433423 0.031957100000000016 0.031187599999999982 0.10753175
1 0.336211 0.429337 0.01624979999999998 0.019884000000000013 0.13414025
1 0.273035 0.437574 0.022264700000000026 0.0318001 0.160872
1 0.379121 0.43942799999999993 0.028708599999999973 0.03505079999999999 0.20973375
1 0.259096 0.427223 0.01996980000000001 0.019540200000000008 0.1077035
1 0.52212 0.470899 0.06525730000000002 0.06640959999999996 0.23295
1 0.410665 0.462172 0.05530299999999999 0.07604049999999996 0.189525
2 0.345948 0.443705 0.013162200000000013 0.047456900000000024 0.2059935
2 0.34575600000000006 0.449445 0.009402850000000018 0.03638049999999998 0.12672025
