0 0.5201880000000001 0.460839 0.014820900000000026 0.09050540000000001 0.21596975
0 0.6999569999999999 0.459125 0.02211339999999995 0.07940629999999999 0.21492875
0 0.25483500000000003 0.436582 0.0058548500000000225 0.033759399999999995 0.12979575
0 0.699165 0.452797 0.020538799999999968 0.058480299999999985 0.192234
0 0.254372 0.438557 0.005511280000000007 0.02810269999999998 0.097148
1 0.08139445000000001 0.515525 0.16278890000000001 0.18509200000000003 0.241971
1 0.393794 0.436808 0.026907100000000017 0.028752 0.22462825
1 0.756124 0.45618 0.0807774 0.056367900000000026 0.21044625
1 0.2873319999999999 0.430686 0.022838999999999998 0.021081599999999978 0.20111075
1 0.320824 0.434698 0.023816000000000004 0.016137999999999986 0.11213625
1 0.251539 0.429072 0.018269899999999978 0.0193527 0.0650065
1 0.394029 0.43780299999999994 0.026868000000000003 0.024944899999999992 0.221265
