1 0.171514 0.4805170000000001 0.10077400000000002 0.10902200000000001 0.2397995
1 0.616229 0.46364099999999997 0.07758310000000002 0.10456199999999999 0.238628
1 0.0615057 0.505692 0.123011 0.19009399999999999 0.23821375
1 0.325544 0.45002 0.0480043 0.0528459 0.23316725
1 0.540679 0.43787 0.020344499999999988 0.028811299999999984 0.16500675
1 0.416693 0.432327 0.01963140000000002 0.02744960000000002 0.15264325
1 0.359041 0.445889 0.03843289999999999 0.04159289999999999 0.1664365
1 0.342591 0.446228 0.03874519999999998 0.04837199999999997 0.20599375
1 0.542603 0.436699 0.019206599999999963 0.019820700000000024 0.14452875
1 0.36505 0.445231 0.030130900000000016 0.038103200000000004 0.0952285
1 0.168302 0.47889400000000004 0.11716300000000002 0.12109100000000006 0.2348455
1 0.416655 0.435296 0.019919299999999973 0.031166499999999986 0.1392155
1 0.060803 0.515032 0.121202 0.22481700000000004 0.198819
1 0.32602700000000007 0.452963 0.04438110000000001 0.04410629999999999 0.2161135
