0 0.266964 0.462648 0.014237800000000023 0.07313749999999997 0.21502325
0 0.588909 0.445235 0.009159469999999947 0.048582000000000014 0.209924
0 0.404355 0.43201 0.006489469999999997 0.03431129999999999 0.17325775
0 0.565031 0.437006 0.007629389999999958 0.039780499999999996 0.130545
0 0.564878 0.43699599999999994 0.0069134400000000484 0.03663759999999999 0.12614
1 0.726082 0.45673700000000006 0.09303989999999995 0.051064900000000024 0.23230075
1 0.444661 0.44158 0.03958719999999999 0.0535139 0.23006925
1 0.0454724 0.451732 0.0909448 0.0683957 0.22828675
1 0.498896 0.431003 0.019680600000000048 0.033780599999999994 0.2174855
1 0.472186 0.42965700000000007 0.02076260000000002 0.024345600000000023 0.1984855
1 0.97234 0.443147 0.055166599999999955 0.06225910000000001 0.1927935
1 0.6237950000000001 0.444149 0.025313800000000053 0.020249799999999984 0.14104725
1 0.6910510000000001 0.461175 0.02195720000000001 0.022648500000000016 0.157269
1 0.292653 0.462443 0.010960999999999999 0.011199999999999988 0.09257675
1 0.763707 0.457707 0.015526499999999999 0.028779100000000002 0.06884625
1 0.727859 0.456271 0.06982370000000004 0.04732209999999998 0.209985
1 0.499897 0.430446 0.01659299999999997 0.03081060000000002 0.2103345
1 0.473644 0.427816 0.019892699999999985 0.02049099999999998 0.11173125
1 0.445168 0.440608 0.03435919999999998 0.050639900000000015 0.2287615
1 0.973783 0.442901 0.05243350000000002 0.05592449999999999 0.17023925
1 0.0504509 0.451528 0.1009018 0.07074069999999999 0.21866375
2 0.876266 0.448165 0.039612199999999986 0.06517669999999998 0.2318635
2 0.87541 0.46453900000000004 0.038458299999999945 0.026483800000000002 0.12483675
2 0.876669 0.44595700000000005 0.038240199999999946 0.05360360000000003 0.21372025
