0 0.76641 0.484253 0.025745200000000024 0.12418300000000004 0.2211575
0 0.7163459999999999 0.462627 0.014933799999999997 0.09151419999999999 0.2201575
0 0.353945 0.43768399999999996 0.01134400000000002 0.0570947 0.20831875
0 0.748067 0.45679800000000004 0.022890900000000047 0.09265090000000004 0.212173
0 0.41793100000000005 0.42992700000000006 0.00654631 0.03211320000000001 0.10617275
0 0.353877 0.440739 0.009642700000000004 0.05008820000000003 0.20748975
0 0.41719399999999995 0.43184100000000003 0.005944439999999995 0.029492000000000018 0.09492375
0 0.7160409999999999 0.460994 0.01683559999999995 0.09091369999999999 0.217262
1 0.9311129999999999 0.469943 0.136332 0.11160199999999998 0.231739
1 0.469167 0.427889 0.018609299999999995 0.024579000000000018 0.2013805
1 0.482029 0.42758699999999994 0.011769699999999994 0.018972099999999992 0.15803475
1 0.313432 0.44494599999999995 0.026144999999999974 0.01709949999999999 0.10632525
1 0.469911 0.429017 0.016377399999999986 0.02133010000000002 0.19451425
