0 0.773965 0.489248 0.034198300000000015 0.17007600000000006 0.2371335
0 0.6388589999999998 0.457739 0.01712389999999997 0.08928730000000001 0.2257875
0 0.325376 0.453288 0.010723399999999994 0.0616332 0.21431425
0 0.33545 0.450651 0.01227060000000002 0.05884 0.20673175
0 0.3242940000000001 0.451607 0.01146140000000001 0.0601661 0.19335825
1 0.498479 0.496162 0.07778679999999999 0.12282100000000001 0.23866475
1 0.463183 0.434671 0.02299469999999998 0.03301759999999998 0.210991
1 0.499475 0.42553 0.03569620000000001 0.030576900000000018 0.158939
1 0.9894349999999998 0.535175 0.02019749999999998 0.11899799999999999 0.123866
1 0.475716 0.427259 0.015381199999999984 0.02409870000000003 0.14253575
1 0.499456 0.449693 0.048911200000000044 0.08401940000000002 0.222108
1 0.4678800000000001 0.43257600000000007 0.027013200000000015 0.027184900000000012 0.10851825
2 0.43613 0.44442100000000007 0.018222300000000025 0.06403540000000002 0.220454
2 0.437898 0.455468 0.01353399999999999 0.03873389999999999 0.09936525
