0 0.8616569999999999 0.45741300000000007 0.008761979999999947 0.045609100000000014 0.2005505
0 0.8212739999999998 0.436615 0.0075855299999999515 0.04076390000000002 0.190422
0 0.821732 0.437042 0.006992340000000041 0.03830610000000001 0.15947075
1 0.5464089999999999 0.518447 0.12075899999999995 0.16609500000000005 0.242757
1 0.6558110000000001 0.459355 0.05390280000000003 0.0826481 0.23628275
1 0.687837 0.449717 0.030831700000000017 0.04146749999999999 0.20248075
1 0.696707 0.456518 0.036403399999999975 0.05164079999999999 0.08632225
2 0.747995 0.4380839999999999 0.016751900000000042 0.05906729999999999 0.22221125
2 0.290209 0.49377 0.015750700000000006 0.023560600000000043 0.07112475
2 0.747965 0.43806899999999993 0.015022100000000038 0.05278149999999998 0.2079215
