1 0.5902130000000001 0.422002 0.07880030000000005 0.15949299999999994 0.23649775
1 0.925456 0.462955 0.13239800000000002 0.0683533 0.231856
1 0.791345 0.44236 0.10822900000000002 0.0601023 0.23080475
1 0.4408770000000001 0.446806 0.03593750000000001 0.0458364 0.22906
1 0.702326 0.439411 0.06625080000000005 0.0331592 0.21843025
1 0.522725 0.421315 0.023108200000000023 0.0424138 0.20060675
1 0.19101800000000002 0.431939 0.028164600000000012 0.03122720000000001 0.16270825
1 0.333813 0.44248300000000007 0.018177 0.01170880000000002 0.1309815
1 0.660502 0.43143999999999993 0.03266100000000005 0.03774179999999999 0.13297225
1 0.38281200000000004 0.447698 0.015474700000000008 0.015643399999999974 0.1248605
1 0.497452 0.428747 0.019888300000000025 0.018928800000000023 0.0719555
1 0.73424 0.4393790000000001 0.06106199999999995 0.04939080000000001 0.1747765
1 0.8148069999999998 0.452742 0.05269869999999999 0.05014550000000001 0.21688675
1 0.889054 0.460345 0.11929199999999995 0.05946259999999998 0.22582025
1 0.830198 0.44925 0.08364349999999998 0.058360599999999985 0.22991575
1 0.7765759999999999 0.442678 0.07662179999999996 0.056685700000000006 0.21656825
1 0.592461 0.402356 0.07486130000000002 0.19664899999999996 0.23024225
1 0.525298 0.418833 0.023266600000000026 0.0366746 0.08873125
1 0.742447 0.439261 0.08701460000000005 0.04921209999999998 0.22803275
1 0.441998 0.445986 0.03681590000000001 0.04921320000000001 0.22873825
2 0.866258 0.4714 0.026446199999999975 0.04413699999999998 0.1417285
2 0.873637 0.471093 0.04107970000000005 0.04605170000000003 0.0755645
