1 0.424582 0.456257 0.040593500000000005 0.06221189999999999 0.23062975
1 0.836713 0.435571 0.06770900000000002 0.03817170000000003 0.2224595
1 0.925264 0.44587699999999997 0.07172259999999997 0.03981689999999999 0.216468
1 0.697757 0.436556 0.06489409999999995 0.04248810000000003 0.213721
1 0.497877 0.416497 0.019361399999999973 0.034178700000000006 0.20762125
1 0.5648790000000001 0.425887 0.020115400000000005 0.016552400000000023 0.14998625
1 0.458176 0.427847 0.012452300000000027 0.014202500000000007 0.115234
1 0.8666720000000001 0.4403619999999999 0.051601600000000025 0.034487199999999996 0.12150375
1 0.90238 0.444275 0.06983130000000004 0.03476400000000002 0.21462925
1 0.8361069999999999 0.440988 0.06738659999999996 0.042005599999999976 0.21579875
1 0.424803 0.459651 0.0394873 0.05323149999999999 0.2245245
2 0.49775 0.437044 0.012110099999999957 0.04237930000000001 0.19554825
2 0.49818699999999994 0.43100000000000005 0.014143799999999984 0.06040430000000002 0.120585
