1 0.343118 0.488394 0.12671 0.16372600000000004 0.241332
1 0.499022 0.457576 0.042361399999999994 0.0679321 0.234307
1 0.453387 0.410284 0.049058500000000005 0.09881580000000001 0.23133425
1 0.927322 0.464585 0.12968000000000002 0.06536740000000002 0.2304625
1 0.804351 0.44541299999999995 0.08859209999999995 0.0706965 0.22599175
1 0.556524 0.44498099999999996 0.030668999999999946 0.048274399999999995 0.22575675
1 0.9778010000000001 0.475938 0.043845800000000046 0.07293819999999995 0.20870075
1 0.892676 0.456559 0.13064900000000002 0.06260900000000003 0.22237975
1 0.789843 0.444015 0.04785309999999998 0.06639519999999999 0.2188825
1 0.5551199999999998 0.44379899999999994 0.03426669999999998 0.05076839999999999 0.2240095
