0 0.584065 0.447462 0.013711699999999993 0.06912489999999999 0.223274
0 0.543787 0.43304700000000007 0.007225290000000051 0.035335300000000014 0.18509125
0 0.357352 0.432084 0.008414939999999982 0.0419929 0.153088
0 0.5440050000000001 0.43335100000000004 0.00646566000000004 0.03295140000000002 0.1308445
1 0.855432 0.461152 0.19864000000000004 0.11457999999999996 0.234882
1 0.721177 0.448616 0.09011449999999999 0.050488299999999986 0.21490475
1 0.963396 0.48218700000000003 0.07216219999999995 0.11347800000000002 0.206471
1 0.6773720000000001 0.4379080000000001 0.06882500000000003 0.04961080000000001 0.2125145
1 0.388056 0.44125899999999996 0.02305170000000001 0.01912799999999998 0.119575
1 0.765269 0.451705 0.14827800000000002 0.08477699999999999 0.22838975
1 0.667115 0.439365 0.03559420000000002 0.04891240000000002 0.116622
1 0.752234 0.44879900000000006 0.09346469999999996 0.07486480000000001 0.21190075
1 0.9563189999999999 0.48766599999999993 0.08645709999999995 0.10039199999999998 0.0655305
2 0.947364 0.494158 0.06325570000000003 0.08922509999999995 0.21436475
