0 0.904316 0.518876 0.023588799999999965 0.12185599999999996 0.22647225
0 0.6736090000000001 0.4483750000000001 0.016982900000000023 0.0775554 0.2258095
0 0.569856 0.430779 0.005705260000000045 0.03028019999999998 0.17830375
0 0.570514 0.431176 0.005296709999999982 0.029682399999999998 0.176679
1 0.951049875 0.457796 0.09790025000000002 0.0661348 0.23117825
1 0.744936 0.4387730000000001 0.024175100000000005 0.027603600000000006 0.219546
1 0.644018 0.433259 0.0421454 0.02327760000000001 0.211172
1 0.608974 0.4287 0.03616050000000004 0.0221074 0.20140425
1 0.9907379999999999 0.472089 0.01788409999999996 0.07708770000000004 0.16409225
1 0.6080369999999999 0.428766 0.05070669999999999 0.029042899999999983 0.2108495
1 0.6362490000000001 0.432876 0.03361800000000004 0.021156500000000023 0.17333725
1 0.652943 0.4335490000000001 0.04200809999999999 0.024422200000000005 0.13220275
1 0.7439910000000001 0.436061 0.02353240000000001 0.031154899999999985 0.19894725
1 0.9901869999999999 0.466523 0.01858839999999995 0.09761500000000001 0.0812755
