1 0.917381 0.643228 0.16434399999999993 0.2957080000000001 0.23412925
1 0.155398 0.443869 0.03666900000000001 0.036953899999999984 0.22605325
1 0.435125 0.436862 0.039976500000000026 0.022369699999999992 0.22139075
1 0.019078 0.452367 0.0380563 0.04475960000000001 0.21922875
1 0.515047 0.432477 0.043354899999999974 0.026032500000000014 0.19440725
1 0.480838 0.435921 0.035628400000000005 0.022728599999999988 0.0872385
1 0.3768 0.433777 0.042639099999999985 0.028284399999999987 0.07931575
1 0.375054 0.43195000000000006 0.03796630000000001 0.024871900000000002 0.0740805
1 0.153811 0.442843 0.037983600000000006 0.04014650000000003 0.2199105
1 0.432805 0.436479 0.04330860000000003 0.021247000000000016 0.2061725
1 0.018781999999999997 0.45167999999999997 0.03743719999999999 0.050868199999999975 0.188791
