0 0.0554655 0.466904 0.020642400000000005 0.09517059999999994 0.22376
0 0.731914 0.479358 0.017051099999999986 0.07497509999999996 0.2174375
0 0.024079000000000003 0.47726499999999994 0.024648200000000002 0.11527499999999996 0.21741125
0 0.0566609 0.46276 0.022024899999999993 0.10665000000000002 0.220769
1 0.587778 0.47639299999999996 0.08921219999999996 0.09167739999999996 0.24161775
1 0.0442824 0.444017 0.0744738 0.0673416 0.22103475
1 0.269493 0.42662 0.019948100000000024 0.011695699999999976 0.15854825
1 0.315986 0.427929 0.022797200000000017 0.014259699999999986 0.07597975
1 0.062216900000000006 0.44915099999999997 0.03790550000000001 0.0519675 0.07416275
1 0.5875870000000001 0.479833 0.08990200000000004 0.08079639999999999 0.23642275
