0 0.55519 0.44563600000000003 0.009476849999999981 0.04182760000000002 0.2164605
0 0.274629 0.45385699999999995 0.017996400000000023 0.07269169999999997 0.19537875
0 0.242841 0.42964800000000003 0.006044290000000008 0.027254100000000003 0.133366
0 0.274112 0.454676 0.015273499999999995 0.07508919999999997 0.1162735
0 0.555507 0.444152 0.009158519999999948 0.040764999999999996 0.2117015
1 0.191796 0.480315 0.10954999999999998 0.11892599999999998 0.24080875
1 0.332403 0.438121 0.024435800000000008 0.02820250000000002 0.2255985
1 0.684854 0.4467690000000001 0.06713100000000005 0.04825240000000003 0.2179675
1 0.371907 0.435654 0.024052499999999977 0.024788399999999988 0.21382125
1 0.26754100000000003 0.4298390000000001 0.023459500000000022 0.022187200000000018 0.1495925
1 0.301532 0.43265 0.024338199999999977 0.014835600000000004 0.1240655
1 0.371738 0.436095 0.02364050000000001 0.021718300000000024 0.1972485
1 0.332623 0.436673 0.023553099999999993 0.03138049999999998 0.218869
