0 0.872145 0.5050109999999999 0.04268969999999994 0.21641199999999994 0.23130475
1 0.414835 0.456272 0.05286930000000001 0.06137759999999998 0.2357315
1 0.32214599999999993 0.44366 0.029960299999999995 0.03696100000000002 0.22570525
1 0.28491500000000003 0.439053 0.03216380000000002 0.03552820000000001 0.22461275
1 0.128022 0.430886 0.022608400000000015 0.021226100000000026 0.17376225
1 0.157545 0.427933 0.023305999999999993 0.020382999999999984 0.15302675
1 0.260217 0.430115 0.01641809999999999 0.017582299999999995 0.14899925
1 0.262399 0.431844 0.030041100000000015 0.028549900000000017 0.15492775
1 0.28787799999999997 0.43701500000000004 0.0312963 0.035225000000000006 0.116053
1 0.3223750000000001 0.4450839999999999 0.029308100000000004 0.03099259999999998 0.21983025
1 0.415226 0.45988699999999993 0.052734800000000026 0.0524984 0.23068925
