0 0.447835 0.444241 0.012788199999999972 0.06219859999999999 0.13325525
0 0.42854899999999996 0.441998 0.009532739999999984 0.04783799999999999 0.1162345
0 0.409071 0.440883 0.009794140000000007 0.05157299999999998 0.09331225
0 0.430126 0.441273 0.011946500000000027 0.043538699999999986 0.08278975
1 0.514327 0.512237 0.13465900000000003 0.18072199999999994 0.24217375
1 0.298851 0.457855 0.04696159999999999 0.057770900000000014 0.23240275
1 0.412961 0.4622780000000001 0.049866999999999995 0.07177410000000001 0.228473
1 0.5376479999999999 0.439159 0.06810459999999996 0.04691319999999999 0.2269665
1 0.388938 0.45642399999999994 0.02103290000000002 0.04939929999999998 0.07335675
1 0.40063000000000004 0.455924 0.04366920000000002 0.056705899999999976 0.20717175
1 0.299354 0.45736299999999996 0.04222300000000001 0.05173129999999998 0.22463475
1 0.53652 0.439377 0.07353469999999995 0.051988599999999996 0.22537625
