0 0.338334 0.453439 0.020425899999999997 0.09067170000000002 0.22734
0 0.38443399999999994 0.4439890000000001 0.012057099999999987 0.058021500000000004 0.19895725
1 0.860273 0.517912 0.115313 0.15748600000000001 0.24245425
1 0.432106 0.44852 0.05229990000000001 0.068554 0.23664525
1 0.53084 0.44465 0.0367615 0.043368799999999985 0.2291555
1 0.365846 0.442034 0.036410200000000004 0.035748 0.21148325
1 0.603829 0.43572 0.031124999999999958 0.020689999999999986 0.1755185
1 0.923506 0.428098 0.0303852 0.016875399999999985 0.12313375
1 0.889351 0.43296899999999994 0.03954239999999998 0.01968209999999998 0.07849075
1 0.501343 0.428055 0.03593479999999999 0.025804500000000008 0.07651475
1 0.529927 0.447498 0.03531229999999996 0.0343386 0.227749
1 0.862212 0.5243 0.11090999999999995 0.14136700000000002 0.24075
1 0.364402 0.4415279999999999 0.03229549999999998 0.03211259999999999 0.0699235
