0 0.14172600000000002 0.478897 0.02406810000000001 0.12447699999999995 0.22592025
0 0.13996799999999998 0.47958199999999995 0.0240022 0.12635299999999994 0.2136375
1 0.6165429999999998 0.468458 0.06788559999999999 0.11266399999999999 0.23789125
1 0.463604 0.459363 0.06528699999999998 0.06672739999999999 0.23619725
1 0.547455 0.43991 0.03002490000000002 0.03010170000000001 0.2199615
1 0.410115 0.42722099999999996 0.014729099999999995 0.0160516 0.17140975
1 0.442252 0.431373 0.02612629999999999 0.023211199999999987 0.1747555
1 0.383959 0.425663 0.014984600000000015 0.016521000000000008 0.15194975
1 0.539817 0.42865 0.04487529999999995 0.05243960000000003 0.1754285
1 0.408802 0.426688 0.014534500000000006 0.014249999999999985 0.1673655
1 0.441482 0.42887299999999995 0.024303799999999987 0.01854539999999999 0.13563425
1 0.38386999999999993 0.425885 0.01629059999999999 0.014776400000000023 0.1206785
