0 0.610612 0.447213 0.012113700000000005 0.06807079999999999 0.22109175
0 0.292106 0.454046 0.01148769999999999 0.07003170000000003 0.21935575
0 0.325333 0.4470569999999999 0.01158530000000002 0.059411099999999994 0.1707775
0 0.557255 0.432399 0.007247540000000052 0.035501000000000005 0.16656275
0 0.326311 0.444705 0.011323899999999998 0.057630599999999976 0.16633175
0 0.29280799999999996 0.452774 0.011699999999999988 0.07121620000000001 0.21418175
1 0.425037 0.449315 0.046106499999999995 0.07735599999999998 0.234632
1 0.49924 0.460317 0.051316099999999976 0.07356809999999997 0.23365475
1 0.49877099999999996 0.42801599999999995 0.016199299999999972 0.02509699999999998 0.095707
1 0.500599 0.433317 0.021820799999999974 0.03369230000000001 0.11192
1 0.42516999999999994 0.45296099999999995 0.04578399999999999 0.06758389999999997 0.18612725
