0 0.691432 0.443242 0.011276100000000011 0.05184850000000002 0.21199275
0 0.60353 0.430765 0.006309129999999996 0.032003899999999974 0.12610975
1 0.499565 0.45230099999999995 0.0366843 0.055741399999999997 0.23518375
1 0.8771039999999999 0.45075 0.08809809999999996 0.06768079999999999 0.229055
1 0.57328 0.437474 0.01977989999999996 0.025823099999999988 0.22434925
1 0.962458 0.460912 0.07460160000000005 0.0670405 0.21292925
1 0.903794 0.458855 0.030420699999999967 0.03753400000000001 0.2106905
1 0.501275 0.422347 0.01644019999999996 0.011956999999999995 0.0831005
1 0.854378 0.4587840000000001 0.028193899999999994 0.0373908 0.110737
1 0.878309 0.4512010000000001 0.020288799999999996 0.02514440000000001 0.07861525
1 0.85441 0.448527 0.029455800000000032 0.05848310000000001 0.069382
1 0.573901 0.435325 0.02045459999999999 0.027996699999999985 0.21150675
1 0.499513 0.455033 0.033527899999999944 0.05666739999999998 0.22839775
