1 0.29038 0.48390500000000003 0.09780520000000001 0.13081700000000002 0.24117125
1 0.5673730000000001 0.47387900000000005 0.05702320000000005 0.08488290000000004 0.23669275
1 0.397656 0.449107 0.0452823 0.06037769999999998 0.236068
1 0.442191 0.442729 0.037361299999999986 0.05515809999999999 0.226269
1 0.499105 0.441813 0.026553499999999952 0.038578500000000016 0.226183
1 0.3507330000000001 0.470123 0.03003070000000002 0.08618329999999996 0.2185585
1 0.0561711 0.607104 0.112342 0.36703700000000006 0.20899225
1 0.3213980000000001 0.431224 0.02879320000000002 0.04086719999999999 0.20723075
1 0.538454 0.44886899999999996 0.036243000000000025 0.05049589999999998 0.22573775
1 0.52216 0.430984 0.023969699999999983 0.02951490000000001 0.15024725
1 0.462278 0.42805099999999996 0.012764200000000003 0.01538489999999998 0.07468275
1 0.41741400000000006 0.445592 0.02347260000000001 0.03787849999999998 0.0904
1 0.516356 0.444642 0.013846000000000025 0.02891100000000002 0.068433
1 0.4533769999999999 0.43075399999999997 0.038818399999999975 0.026581699999999986 0.1018185
1 0.33032800000000007 0.469878 0.07024780000000003 0.09105729999999995 0.231132
1 0.532515 0.43605799999999995 0.028650300000000017 0.037112599999999996 0.07786125
1 0.568754 0.474895 0.05324759999999995 0.07133979999999995 0.20086925
1 0.498722 0.442862 0.02255830000000003 0.03810370000000002 0.21600875
1 0.522102 0.43531 0.031228699999999998 0.040537900000000016 0.1524285
2 0.250455 0.523093 0.019145999999999996 0.05417160000000004 0.19429575
2 0.548463 0.477761 0.014365799999999984 0.07122819999999996 0.11484625
2 0.412629 0.457536 0.01343939999999999 0.043947599999999976 0.098864
