1 0.771671 0.444036 0.0702374 0.05394860000000001 0.23478825
1 0.695062 0.447936 0.05595810000000001 0.04604219999999998 0.231832
1 0.912777 0.452033 0.05703069999999999 0.07205889999999998 0.2283505
1 0.518085 0.436716 0.05381370000000002 0.0430064 0.2220435
1 0.957997 0.499722 0.08391839999999995 0.18197400000000002 0.22732975
1 0.87297 0.435961 0.04498979999999997 0.028204600000000024 0.20644025
1 0.794932 0.440477 0.060426300000000044 0.039635299999999984 0.18637225
1 0.530635 0.439441 0.028072600000000003 0.037042699999999984 0.22122625
1 0.874458 0.434076 0.04274460000000002 0.02754709999999999 0.178526
1 0.696127 0.450333 0.05420530000000001 0.04044559999999997 0.22702875
1 0.786362 0.4422269999999999 0.05736410000000003 0.03981649999999998 0.1212645
