1 0.116215 0.517327 0.145853 0.16264300000000004 0.242763
1 0.628535 0.480051 0.0813351 0.12063299999999999 0.240298
1 0.271758 0.47002900000000003 0.09895290000000001 0.11902700000000005 0.2370765
1 0.41865 0.439961 0.025034200000000006 0.030658999999999992 0.22128675
1 0.5462120000000001 0.44192699999999996 0.026380100000000017 0.049161999999999983 0.2210485
1 0.464561 0.4335359999999999 0.02090989999999998 0.031114699999999995 0.21124725
1 0.572233 0.451924 0.046156500000000045 0.07197100000000001 0.21175525
1 0.438574 0.436569 0.016611700000000007 0.02184720000000001 0.1516615
1 0.21730300000000002 0.498474 0.11513100000000001 0.10763499999999998 0.23725
1 0.478274 0.42791 0.010839700000000008 0.019663299999999995 0.12972525
1 0.5218690000000001 0.42663700000000004 0.018727700000000014 0.017953300000000005 0.06371375
1 0.601431 0.462032 0.05907550000000006 0.09031919999999999 0.1980135
1 0.551674 0.4403039999999999 0.03796940000000004 0.05122359999999998 0.17785425
1 0.227679 0.496216 0.09472059999999999 0.09670219999999996 0.23333275
1 0.463495 0.431887 0.021101599999999998 0.031773300000000004 0.1997845
1 0.279691 0.4717370000000001 0.08324019999999999 0.11355100000000001 0.231775
1 0.6220349999999999 0.48012 0.103271 0.12902600000000003 0.21185025
1 0.116766 0.523855 0.144064 0.14298799999999995 0.23793275
1 0.5765479999999998 0.45172899999999994 0.05890669999999998 0.07925209999999999 0.14442125
2 0.555013 0.463461 0.014140900000000012 0.05124829999999997 0.10270875
