0 0.417133 0.43125199999999997 0.00912476000000001 0.04499049999999999 0.075297
1 0.74148 0.500106 0.10844600000000004 0.13456500000000005 0.2410595
1 0.0442748 0.469273 0.0885496 0.09716340000000001 0.2396175
1 0.883411 0.449349 0.10813099999999998 0.07594129999999999 0.2308575
1 0.296076 0.4415859999999999 0.05713679999999999 0.06277749999999999 0.22963675
1 0.100558 0.441606 0.043407 0.0547685 0.2240295
1 0.14733400000000002 0.435094 0.03975480000000001 0.02915699999999999 0.2140975
1 0.682296 0.479847 0.048609899999999984 0.07953199999999999 0.22630425
1 0.672164 0.437272 0.033011400000000024 0.02765449999999997 0.13128275
1 0.296534 0.456809 0.0569887 0.03257389999999999 0.180779
1 0.6892610000000001 0.477642 0.07795490000000005 0.09409890000000004 0.234743
1 0.139561 0.434772 0.0566661 0.0328406 0.18704325
1 0.09644820000000001 0.441998 0.0394124 0.04617650000000001 0.06481125
