1 0.42777799999999994 0.580928 0.15983899999999995 0.26325599999999993 0.24261025
1 0.506841 0.4660540000000001 0.06335789999999997 0.07449730000000004 0.2362505
1 0.321523 0.443512 0.03523900000000002 0.039721300000000015 0.2295105
1 0.36732600000000004 0.441529 0.035585900000000004 0.04006480000000001 0.22518525
1 0.404322 0.449062 0.03397939999999999 0.03594350000000002 0.22482625
1 0.24631599999999998 0.42811199999999994 0.02313499999999999 0.019541799999999998 0.21331
1 0.274892 0.428182 0.01732060000000002 0.01999899999999999 0.18068275
1 0.300361 0.438512 0.022021400000000024 0.030037199999999986 0.1999595
1 0.280504 0.44040899999999994 0.02212219999999998 0.020373299999999983 0.1601695
1 0.341932 0.434761 0.02400190000000002 0.029598699999999978 0.11562825
1 0.34197 0.437422 0.032644799999999974 0.038713600000000015 0.128543
1 0.40526699999999993 0.445513 0.03777029999999998 0.04157909999999998 0.20868125
1 0.299936 0.438432 0.018623200000000006 0.027462399999999998 0.15664225
1 0.36636 0.43865 0.03422609999999998 0.03610920000000001 0.21375775
1 0.507161 0.469519 0.06310959999999999 0.06306300000000004 0.230801
1 0.247032 0.427778 0.021540700000000024 0.018112899999999987 0.193027
