0 0.908625 0.46473899999999996 0.025785100000000005 0.11545799999999995 0.08252325
1 0.4972190000000001 0.504757 0.08764500000000003 0.138749 0.24107125
1 0.8885209999999999 0.48995500000000003 0.22285199999999994 0.16510300000000006 0.237186
1 0.398107 0.444315 0.035874799999999984 0.03774440000000001 0.22939
1 0.325573 0.442275 0.028599399999999997 0.03697220000000001 0.226792
1 0.277134 0.433398 0.027252300000000007 0.027711299999999994 0.21985875
1 0.21716399999999997 0.431047 0.022478599999999987 0.024646500000000016 0.19549475
1 0.24497800000000003 0.430321 0.016888900000000012 0.022495900000000013 0.19173675
1 0.309416 0.44058 0.015166400000000024 0.01885530000000002 0.15553375
1 0.23260599999999998 0.42969 0.0165854 0.02277659999999998 0.17696525
1 0.15841900000000003 0.425551 0.026267100000000015 0.01760250000000002 0.079616
1 0.314302 0.436933 0.024601399999999995 0.02963070000000001 0.20071425
1 0.213765 0.430456 0.020271299999999992 0.025242600000000004 0.12914
1 0.162661 0.425407 0.022365899999999994 0.016785700000000014 0.066737
1 0.23380300000000004 0.429383 0.01806450000000001 0.020528800000000014 0.17147475
1 0.500034 0.510212 0.0821113 0.12701800000000002 0.23944175
1 0.397605 0.444863 0.03641319999999998 0.0331341 0.2287805
1 0.32531200000000005 0.444935 0.029030900000000026 0.0301882 0.22645675
1 0.27682400000000007 0.435039 0.027026700000000015 0.026105099999999992 0.215251
