0 0.235174 0.457974 0.012654699999999991 0.0597975 0.16393825
1 0.0849909 0.525935 0.16959 0.22168300000000002 0.2406905
1 0.33326199999999995 0.46009 0.04766569999999998 0.06870579999999998 0.23653225
1 0.499973 0.44356 0.037772099999999975 0.05813550000000001 0.2331375
1 0.543048 0.43986899999999995 0.026715999999999962 0.037733799999999984 0.2272335
1 0.402391 0.441974 0.03318209999999999 0.03882479999999999 0.226427
1 0.44436 0.43173800000000007 0.019882400000000022 0.026750200000000002 0.203644
1 0.37343099999999996 0.446506 0.040311299999999994 0.05892229999999998 0.2154175
1 0.462423 0.427041 0.017270699999999972 0.020280799999999988 0.1529895
1 0.454132 0.426992 0.020026199999999994 0.02191540000000003 0.0853455
1 0.465159 0.427157 0.012388400000000022 0.016620000000000024 0.098999
1 0.406587 0.442126 0.028892499999999988 0.03631119999999999 0.2057095
1 0.37123300000000004 0.449848 0.04850530000000003 0.055657599999999974 0.1763145
1 0.541557 0.438423 0.029784000000000033 0.043166399999999994 0.223054
1 0.08519309999999998 0.550949 0.17038599999999998 0.264197 0.23236525
1 0.443394 0.430212 0.020574399999999993 0.026987800000000006 0.19775025
