1 0.869558 0.46351300000000006 0.06592600000000004 0.08723430000000004 0.238117
1 0.424833 0.456036 0.0692991 0.05890089999999998 0.23541
1 0.190767 0.443561 0.07738 0.05891540000000001 0.23334725
1 0.695076 0.450994 0.05258419999999997 0.049856699999999976 0.2311385
1 0.548592 0.448723 0.05643509999999996 0.04699190000000003 0.2278835
1 0.6130389999999999 0.43512699999999993 0.044906299999999955 0.0290377 0.21228275
1 0.730515 0.439813 0.04417760000000004 0.03395720000000002 0.14329075
1 0.208631 0.446734 0.045989100000000005 0.0563302 0.22197925
1 0.714487 0.44013 0.05236700000000005 0.03808849999999997 0.20617525
1 0.605391 0.435411 0.04083009999999998 0.02830130000000003 0.10156
1 0.42615099999999995 0.4581799999999999 0.06919749999999997 0.052563799999999994 0.230298
