0 0.6297540000000001 0.426447 0.008177760000000034 0.03997909999999999 0.123294
1 0.958435975 0.447874 0.08312805000000001 0.08236510000000002 0.24003225
1 0.811909 0.439224 0.0697506 0.0690501 0.23301325
1 0.574464 0.44345999999999997 0.029807600000000045 0.04070279999999998 0.231223
1 0.8700320000000001 0.442644 0.061605800000000044 0.05930089999999999 0.2317565
1 0.530904 0.432977 0.024790199999999984 0.03288570000000002 0.2232125
1 0.555912 0.439102 0.016399199999999947 0.028290099999999985 0.2062925
1 0.51358 0.434107 0.019376300000000013 0.024565100000000006 0.174549
1 0.5490739999999998 0.43224 0.017908499999999994 0.025756200000000007 0.07346025
1 0.523273 0.4307909999999999 0.040200400000000025 0.034701499999999996 0.193902
1 0.5582659999999999 0.439132 0.02331059999999996 0.033495300000000006 0.1412355
1 0.8059080000000001 0.436523 0.09083030000000003 0.07385629999999999 0.1420245
1 0.8731200000000001 0.43992 0.06778790000000001 0.0653685 0.1888475
1 0.574307 0.44315899999999997 0.03268990000000005 0.044720499999999996 0.22900575
