1 0.232757 0.539366 0.214445 0.263957 0.242111
1 0.372438 0.487798 0.0784456 0.09069910000000003 0.23672675
1 0.0852138 0.44328 0.08662890000000001 0.048983900000000025 0.23502525
1 0.0139537 0.43653600000000004 0.0278425 0.03734500000000002 0.21834625
1 0.187328 0.438001 0.06574049999999998 0.04359430000000003 0.21152975
1 0.07592949999999998 0.441729 0.06788839999999999 0.039066900000000016 0.22604525
1 0.015653625 0.428794 0.03130725 0.054562900000000025 0.135612
1 0.371297 0.486267 0.08952979999999999 0.10395700000000002 0.15554575
1 0.192306 0.437753 0.07559549999999998 0.04763200000000001 0.20927475
2 0.497972 0.580721 0.08881510000000004 0.35025599999999996 0.238375
2 0.498371 0.562458 0.08566830000000003 0.31160000000000004 0.23272575
