1 0.785388 0.484978 0.08571209999999996 0.129764 0.24176925
1 0.338715 0.46778700000000006 0.11386400000000002 0.11547700000000005 0.24086375
1 0.146011 0.472264 0.10958299999999999 0.08893090000000003 0.23947475
1 0.535317 0.443578 0.053525900000000015 0.0507147 0.23438775
1 0.416075 0.437751 0.052475400000000005 0.036046299999999976 0.215337
1 0.988891 0.5742430000000001 0.02141090000000001 0.103263 0.09445525
1 0.324144 0.45386000000000004 0.08295069999999999 0.06552540000000001 0.14249
1 0.416114 0.440003 0.05665340000000002 0.035724599999999995 0.187243
1 0.14676500000000003 0.4760789999999999 0.10875700000000002 0.07807449999999999 0.23668625
1 0.5356210000000001 0.443238 0.05185150000000005 0.04538049999999999 0.231081
2 0.989816 0.5853549999999998 0.019427500000000042 0.04020539999999995 0.08218575
