1 0.498317 0.515801 0.09795259999999995 0.15717500000000006 0.240633
1 0.434433 0.447163 0.043635199999999985 0.061350300000000024 0.2286845
1 0.5940799999999999 0.437742 0.06320409999999999 0.04142489999999999 0.22718325
1 0.280041 0.438992 0.07054360000000001 0.03977750000000002 0.21710525
1 0.496301 0.455258 0.05435970000000001 0.08085880000000001 0.213925
1 0.6818440000000001 0.422728 0.043651100000000054 0.06886180000000003 0.141404
1 0.46043900000000004 0.432849 0.016478700000000013 0.018159900000000007 0.12760275
1 0.480882 0.435779 0.03169480000000002 0.039879300000000006 0.13832025
1 0.451035 0.44004999999999994 0.04064279999999998 0.032380699999999984 0.1737495
1 0.49929000000000007 0.428815 0.04276500000000005 0.03148240000000002 0.12234975
1 0.287782 0.441162 0.049415600000000004 0.038926499999999975 0.209839
1 0.45836600000000005 0.440818 0.022853100000000015 0.034403300000000026 0.085429
1 0.498093 0.44673299999999994 0.040123200000000026 0.06102279999999999 0.0998595
