1 0.198366 0.416788 0.0649912 0.07526719999999998 0.236668
1 0.023629099999999997 0.46502 0.04706679999999999 0.12216200000000005 0.2250045
1 0.246816 0.401589 0.04608010000000001 0.0587761 0.2263535
1 0.2859689999999999 0.388362 0.02816829999999998 0.03325260000000002 0.21140975
1 0.305021 0.36804500000000007 0.027940399999999976 0.040527900000000006 0.2104785
1 0.313754 0.35517199999999993 0.018021300000000018 0.021392699999999987 0.12198625
1 0.2818959999999999 0.380714 0.034760999999999986 0.0517204 0.164754
1 0.240512 0.399555 0.06198099999999998 0.06916539999999999 0.23185175
1 0.306573 0.373185 0.023632199999999992 0.03229569999999998 0.192955
1 0.025256399999999995 0.47702000000000006 0.05036109999999999 0.14810200000000007 0.195217
1 0.309083 0.362759 0.02635480000000001 0.03893979999999997 0.171832
