1 0.172336 0.459773 0.06339240000000002 0.05988870000000002 0.23487375
1 0.108769 0.460221 0.07974389999999999 0.08974079999999995 0.23358225
1 0.24890999999999996 0.448396 0.03687039999999997 0.04084510000000002 0.22170225
1 0.218187 0.444104 0.04273579999999999 0.05763649999999998 0.219134
1 0.457133 0.425073 0.014845600000000014 0.016190700000000002 0.170187
1 0.423564 0.426501 0.014011200000000001 0.018973799999999985 0.16132275
1 0.48036500000000004 0.425496 0.013490500000000016 0.013305400000000023 0.1112345
1 0.252976 0.450412 0.028256999999999977 0.0326033 0.1006175
1 0.171149 0.45787999999999995 0.0698096 0.06644299999999997 0.234442
1 0.218594 0.445469 0.047872600000000015 0.06178149999999999 0.2243905
2 0.132067 0.479959 0.03438260000000001 0.04890829999999996 0.10335075
