1 0.0605219 0.515339 0.120944 0.15748800000000002 0.24188875
1 0.187139 0.47882 0.07552530000000002 0.09910559999999996 0.23923525
1 0.290635 0.45106 0.049277300000000024 0.06468790000000002 0.23260925
1 0.371547 0.441022 0.038193299999999986 0.05227369999999998 0.2254505
1 0.586185 0.42652900000000005 0.04372690000000001 0.03138970000000002 0.0929245
1 0.3714160000000001 0.449412 0.0335125 0.025182499999999997 0.14768775
1 0.371863 0.433582 0.03244619999999998 0.04360370000000002 0.13009125
1 0.18773499999999999 0.47941899999999993 0.0824018 0.10432999999999998 0.22745725
1 0.289276 0.448542 0.05549569999999998 0.068851 0.09360225
1 0.0601305 0.521502 0.120261 0.13944200000000007 0.23849625
