1 0.863293 0.578822 0.263374 0.30696099999999993 0.241468
1 0.0836917 0.748254 0.167293 0.501503 0.235351
1 0.658282 0.471888 0.06409379999999998 0.08532450000000003 0.234008
1 0.15786499999999998 0.455728 0.05963769999999999 0.07082480000000002 0.23154875
1 0.797769 0.441723 0.08229779999999998 0.05935940000000001 0.2261125
1 0.203972 0.440327 0.0332354 0.02867799999999998 0.1661085
1 0.136944 0.447903 0.046429999999999985 0.04004269999999999 0.16097725
1 0.6409289999999999 0.459708 0.05224569999999995 0.06674979999999997 0.213716
1 0.18365599999999999 0.437827 0.0763655 0.03873939999999998 0.1935065
1 0.6483410000000001 0.44628 0.044896500000000006 0.04940430000000001 0.105093
1 0.800528 0.443979 0.08242609999999995 0.05654549999999997 0.224995
1 0.19934200000000002 0.438722 0.045785400000000004 0.0338311 0.06969525
