1 0.1154 0.511155 0.204138 0.21013499999999996 0.24275275
1 0.36109899999999995 0.452772 0.03784139999999997 0.055391599999999985 0.229773
1 0.539891 0.437642 0.02340640000000005 0.03253099999999998 0.22599675
1 0.228409 0.487644 0.08977669999999999 0.13668000000000002 0.2365505
1 0.41327500000000006 0.43967 0.022843200000000008 0.03385759999999999 0.209272
1 0.3911549999999999 0.44373000000000007 0.037568199999999996 0.05057410000000001 0.21817075
1 0.5205569999999999 0.427795 0.016829899999999953 0.02246769999999998 0.16097775
1 0.537653 0.437086 0.02843770000000001 0.041044199999999975 0.22478375
1 0.519978 0.427308 0.01251049999999998 0.018596800000000024 0.11030625
1 0.213094 0.48735999999999996 0.12150799999999998 0.13906699999999994 0.2359255
1 0.415863 0.440155 0.021797699999999975 0.03584989999999999 0.2016595
1 0.361324 0.455388 0.03581420000000002 0.05231730000000001 0.22003375
