1 0.7839259999999999 0.554437 0.216557 0.26075899999999996 0.24281425
1 0.22877000000000003 0.487748 0.08899850000000001 0.11205699999999996 0.239905
1 0.37061200000000005 0.455109 0.055398400000000014 0.07516689999999998 0.23488575
1 0.573408 0.457203 0.04236240000000002 0.058809 0.230894
1 0.015315300000000002 0.439863 0.030561200000000004 0.053178400000000015 0.14734175
1 0.34594199999999997 0.440755 0.030459599999999976 0.04739009999999999 0.14243575
1 0.557483 0.448666 0.03049550000000001 0.044910000000000005 0.1906815
1 0.353708 0.439489 0.046157000000000004 0.05468780000000001 0.20724775
1 0.574398 0.458701 0.04116569999999997 0.0499927 0.223582
1 0.22921200000000003 0.492057 0.08961600000000003 0.09911630000000005 0.23879675
