0 0.6033389999999998 0.445032 0.010910599999999993 0.055807300000000004 0.15750375
0 0.603534 0.44730400000000003 0.012886199999999959 0.05688860000000001 0.106861
1 0.841986 0.7140410000000001 0.316028 0.5601610000000001 0.242155
1 0.143912 0.538456 0.177483 0.16271900000000006 0.24128725
1 0.4996419999999999 0.513925 0.09721419999999997 0.15083899999999995 0.241046
1 0.3909210000000001 0.448627 0.05190800000000001 0.06969969999999998 0.23536325
1 0.788877 0.45380699999999996 0.11724599999999996 0.08347739999999998 0.23065475
1 0.571231 0.473379 0.06689619999999996 0.11302600000000002 0.22990575
1 0.4249379999999999 0.438951 0.028293999999999986 0.0395566 0.21913575
1 0.24637699999999998 0.49142600000000003 0.12044899999999997 0.15768100000000002 0.236772
1 0.499092 0.441704 0.032669599999999965 0.017556799999999984 0.18616675
1 0.0517326 0.6107500000000001 0.103353 0.2778630000000001 0.22472
1 0.443423 0.43826600000000004 0.017556399999999972 0.023106000000000015 0.17424275
1 0.477853 0.426342 0.016372700000000018 0.015494600000000025 0.16237925
1 0.536338 0.448767 0.049025499999999944 0.06419020000000003 0.20860375
1 0.457483 0.433176 0.014973300000000023 0.017917000000000016 0.14961025
1 0.49969699999999995 0.46189 0.044167299999999965 0.06405349999999999 0.21216325
1 0.5134670000000001 0.427797 0.019354500000000052 0.0181558 0.08067875
1 0.5422579999999999 0.495763 0.018079199999999962 0.06467349999999994 0.0789065
1 0.5178499999999999 0.439099 0.02607689999999996 0.03893380000000002 0.075397
1 0.439981 0.435239 0.023440400000000028 0.03264739999999999 0.11214825
1 0.23634299999999997 0.487029 0.14709199999999997 0.157922 0.23807225
1 0.157458 0.539615 0.146972 0.16124500000000003 0.23804425
1 0.5314130000000001 0.446446 0.039359400000000044 0.05741980000000002 0.08938225
1 0.424577 0.43626299999999996 0.030952299999999988 0.0386802 0.18128875
1 0.498626 0.520205 0.08951360000000003 0.13843099999999997 0.2386105
