1 0.915198 0.572599 0.16953799999999997 0.22028700000000007 0.24177025
1 0.164089 0.676917 0.327918 0.6382509999999999 0.2401035
1 0.667297 0.453334 0.06148739999999997 0.0658919 0.234421
1 0.722424 0.43254800000000004 0.041339899999999985 0.028049900000000016 0.1996785
1 0.694423 0.437061 0.032460000000000044 0.04355880000000001 0.1889145
1 0.726948 0.432799 0.03331850000000003 0.023643199999999975 0.08929625
1 0.690671 0.435061 0.03433019999999998 0.045440499999999995 0.174102
2 0.9906398 0.474148 0.01872040000000008 0.14109700000000003 0.16390675
2 0.6863080000000001 0.45860900000000004 0.02382720000000005 0.059490600000000005 0.13028025
2 0.991007 0.466514 0.017985200000000034 0.11213000000000001 0.13927
