1 0.37766 0.424601 0.11996299999999999 0.21750500000000006 0.23950225
1 0.5531010000000001 0.4459369999999999 0.026016200000000045 0.041301599999999994 0.23044725
1 0.726867 0.433859 0.07992880000000002 0.04361789999999999 0.21247225
1 0.822778 0.432323 0.058019400000000054 0.0332114 0.20123625
1 0.8858630000000001 0.44097 0.04459080000000004 0.0326843 0.1780305
1 0.664123 0.431278 0.020843900000000026 0.019756600000000013 0.1015005
1 0.8603719999999999 0.437591 0.04701999999999995 0.02986739999999999 0.1992235
1 0.914292 0.443386 0.0326206 0.02392050000000001 0.10106425
1 0.755917 0.43777200000000005 0.06984840000000003 0.0449329 0.20615175
1 0.9115820000000001 0.442947 0.06108250000000004 0.03666649999999999 0.1486475
1 0.552344 0.442635 0.027573700000000034 0.042468300000000014 0.2274895
1 0.825047 0.433402 0.06449700000000003 0.03629850000000001 0.19270225
