1 0.750952 0.447138 0.13839 0.08037890000000003 0.23394825
1 0.913526 0.474716 0.16057100000000002 0.08365050000000002 0.224981
1 0.499644 0.42625 0.01585679999999995 0.021960900000000005 0.21146075
1 0.821934 0.46369099999999996 0.08381729999999998 0.06471779999999999 0.220738
1 0.4317639999999999 0.42716699999999996 0.014980099999999996 0.01561499999999999 0.147433
1 0.401555 0.439777 0.019577100000000014 0.013622000000000023 0.0999735
1 0.698939 0.442234 0.10340099999999997 0.058940099999999995 0.2247895
1 0.94304 0.479893 0.113097 0.09362920000000002 0.200421
1 0.834168 0.460737 0.10789800000000005 0.07548440000000001 0.2337385
1 0.500646 0.426844 0.013361399999999968 0.020677200000000007 0.1823835
1 0.7376470000000002 0.447129 0.10818300000000003 0.07462609999999997 0.2233035
2 0.918792 0.490081 0.06001400000000001 0.07679999999999998 0.1361645
2 0.91568 0.496756 0.05141410000000002 0.06258049999999998 0.10304575
