0 0.622101 0.44392299999999996 0.012444699999999975 0.0630829 0.2210915
0 0.785368 0.42532900000000007 0.007617760000000029 0.033111100000000004 0.16998225
0 0.7694110000000001 0.42711599999999994 0.006391020000000025 0.02853549999999999 0.13484875
1 0.424107 0.505533 0.117512 0.14067300000000005 0.242315
1 0.97576195 0.46609600000000007 0.04847610000000002 0.11057000000000006 0.23466225
1 0.9266540000000001 0.443345 0.03225800000000001 0.03514990000000001 0.21674825
1 0.815622 0.437832 0.03910539999999996 0.027770000000000017 0.19954725
1 0.951497 0.437609 0.029716900000000046 0.03367429999999999 0.178989
1 0.784567 0.430365 0.03168280000000001 0.0164609 0.14558175
1 0.894825 0.43921699999999997 0.0296284 0.027247999999999994 0.07337175
1 0.9243759999999999 0.431509 0.02610699999999999 0.02915509999999999 0.0741375
1 0.9574829999999999 0.434328 0.04122539999999997 0.02776780000000001 0.12103675
1 0.813725 0.43872900000000004 0.03181339999999999 0.02341080000000001 0.06721525
1 0.424568 0.510242 0.117645 0.12129499999999999 0.23911275
