0 0.553037 0.442745 0.008222010000000002 0.03891650000000002 0.1315465
1 0.13758600000000004 0.491305 0.09926470000000001 0.11745300000000003 0.23947825
1 0.279723 0.454292 0.055586899999999995 0.07146370000000002 0.23508975
1 0.409979 0.438614 0.028801399999999977 0.03549009999999997 0.22799625
1 0.32957400000000003 0.434064 0.021378500000000022 0.02679940000000003 0.21697425
1 0.598711 0.440715 0.05323639999999996 0.03704289999999999 0.214324
1 0.009544645000000001 0.538792 0.019089290000000002 0.16318999999999995 0.16135725
1 0.28274200000000005 0.45775 0.05100840000000001 0.07180549999999997 0.2205435
1 0.41023300000000007 0.43882 0.028704600000000025 0.029496299999999975 0.215555
1 0.6016899999999998 0.440156 0.050180299999999955 0.03851709999999997 0.213101
1 0.13572499999999998 0.489977 0.11016299999999998 0.12291500000000005 0.1929885
