0 0.601909 0.442259 0.010447500000000054 0.053362699999999985 0.113584
1 0.150503 0.502375 0.19112799999999996 0.19101199999999996 0.24135525
1 0.32458200000000004 0.45804 0.06158150000000001 0.08811780000000002 0.23648375
1 0.557774 0.44518599999999997 0.04639229999999994 0.062468899999999994 0.22980325
1 0.36872399999999994 0.447101 0.0429639 0.05540679999999998 0.2095245
1 0.462179 0.437883 0.019167099999999992 0.02181719999999998 0.1583445
1 0.435681 0.432941 0.02920109999999998 0.03126420000000002 0.15139675
1 0.528019 0.437031 0.018441200000000046 0.028098599999999974 0.093249
1 0.364789 0.448399 0.04781360000000001 0.06396180000000001 0.2215755
1 0.317764 0.4573189999999999 0.04831439999999998 0.0849319 0.23057525
2 0.387671 0.443947 0.020134700000000005 0.04789329999999997 0.15290275
