1 0.4033439999999999 0.45306900000000006 0.05703589999999997 0.07964880000000002 0.234899
1 0.452896 0.44108500000000006 0.028411300000000028 0.036134500000000014 0.21531225
1 0.528292 0.435443 0.023470699999999955 0.03141919999999998 0.20601075
1 0.565917 0.430388 0.039236099999999996 0.02778750000000002 0.20249825
1 0.548128 0.44413100000000005 0.026927800000000057 0.028351300000000024 0.2041025
1 0.46325800000000006 0.43033 0.03823510000000002 0.02639330000000001 0.1834005
1 0.543605 0.43066800000000005 0.025244999999999962 0.027273900000000018 0.10241925
1 0.568107 0.431577 0.02945310000000001 0.02535149999999997 0.1304935
1 0.5272699999999999 0.434475 0.020079199999999964 0.0268235 0.18977275
1 0.403483 0.45531699999999997 0.04907070000000002 0.07893 0.226424
1 0.5501129999999999 0.44488400000000006 0.02745059999999999 0.036777400000000016 0.0769745
