0 0.103603 0.468608 0.019717 0.11239299999999997 0.22756725
0 0.779081 0.453907 0.006937030000000011 0.03783740000000002 0.1865865
0 0.743139 0.435551 0.009033579999999986 0.0409427 0.1757395
1 0.296722 0.476564 0.124112 0.11352500000000004 0.2395125
1 0.600839 0.44857500000000006 0.05478380000000005 0.06640030000000002 0.22713225
1 0.924762 0.443927 0.08832229999999996 0.05857970000000001 0.20225425
1 0.555398 0.433581 0.022630600000000056 0.02711849999999999 0.1944765
1 0.619231 0.43418900000000005 0.031961099999999965 0.026310600000000017 0.071131
1 0.912013 0.449847 0.0757738 0.05873850000000003 0.143073
1 0.616885 0.436288 0.031983899999999954 0.02820149999999999 0.0695035
