0 0.0232351 0.47848 0.0217826 0.11424600000000001 0.2222425
0 0.0985509 0.44626 0.015072699999999994 0.06563659999999999 0.18566725
1 0.319472 0.47390599999999994 0.08004469999999997 0.10801199999999994 0.23928475
1 0.16149999999999998 0.467458 0.08096699999999998 0.11222100000000002 0.23702375
1 0.722286 0.43686 0.04705650000000006 0.024780199999999974 0.22349175
1 0.42674899999999993 0.437829 0.0478557 0.0263158 0.20985825
1 0.7798829999999999 0.433896 0.048663699999999976 0.029011200000000015 0.200442
1 0.662556 0.434658 0.04199660000000005 0.027285300000000012 0.13527775
1 0.110075 0.447867 0.041458700000000015 0.04838819999999999 0.12130175
1 0.314126 0.44006199999999995 0.0431165 0.052532599999999985 0.163103
1 0.7724790000000001 0.437391 0.04033790000000004 0.025859100000000024 0.19978325
1 0.43281 0.436159 0.0346301 0.021588900000000022 0.1428515
1 0.719892 0.437929 0.049207 0.024990400000000024 0.21369075
1 0.426149 0.43125 0.0499945 0.032165900000000025 0.06509975
2 0.276458 0.44357599999999997 0.01696979999999998 0.062325699999999984 0.1739185
2 0.279046 0.4565389999999999 0.016533399999999976 0.043993899999999975 0.07722075
