0 0.5518719999999999 0.48273999999999995 0.03140719999999997 0.12180699999999994 0.219982
0 0.554641 0.480016 0.025084600000000012 0.11613500000000004 0.21212525
1 0.50361 0.517955 0.11643500000000001 0.15813600000000005 0.2411865
1 0.034646725 0.48477299999999995 0.06929345 0.10784399999999994 0.2394895
1 0.404495 0.464009 0.06491259999999999 0.08756019999999998 0.238088
1 0.139889 0.45916899999999994 0.04716300000000001 0.067054 0.23143125
1 0.21902299999999997 0.45479100000000006 0.04175599999999999 0.06029190000000001 0.22946325
1 0.598374 0.449437 0.11345899999999998 0.06716719999999998 0.2237795
1 0.349041 0.4446709999999999 0.026985499999999996 0.03380909999999998 0.219025
1 0.17893599999999998 0.434631 0.03574079999999999 0.03817579999999998 0.21164575
1 0.335868 0.440458 0.01691290000000001 0.029029499999999986 0.1418085
1 0.205524 0.44320499999999996 0.03751589999999999 0.04970619999999998 0.20655625
1 0.3410000000000001 0.439751 0.024053500000000005 0.03453479999999998 0.1879905
1 0.176807 0.44169100000000006 0.0316042 0.04800120000000002 0.1241375
1 0.1403 0.45903800000000006 0.04338360000000001 0.05247180000000001 0.21558575
1 0.596254 0.453834 0.10753199999999996 0.06319379999999997 0.22264175
1 0.505013 0.523046 0.11363600000000001 0.138957 0.236657
