0 0.516089 0.436897 0.008849529999999994 0.041307099999999985 0.186346
0 0.516773 0.438318 0.008436490000000019 0.03798590000000002 0.18445525
1 0.214514 0.475734 0.09569949999999999 0.11043599999999998 0.240036
1 0.368892 0.459889 0.04543579999999997 0.0672433 0.23010275
1 0.669676 0.44586899999999996 0.06568850000000004 0.045714599999999994 0.21945825
1 0.388982 0.440126 0.02456360000000002 0.032101099999999994 0.19765475
1 0.38373500000000005 0.44070700000000007 0.03564240000000002 0.030490300000000026 0.17711925
1 0.215271 0.467948 0.09350519999999998 0.08925170000000004 0.23038275
1 0.667502 0.449986 0.06386879999999995 0.04529860000000002 0.077389
1 0.392148 0.44211599999999995 0.018400199999999978 0.03059879999999998 0.09563325
