0 0.89216 0.469422 0.032111 0.13421400000000006 0.2304915
0 0.872212 0.460579 0.02486109999999997 0.10546299999999997 0.19082875
1 0.817963 0.515297 0.12133499999999997 0.14088100000000003 0.24142625
1 0.175942 0.474008 0.16599299999999997 0.12992800000000004 0.23904625
1 0.936153 0.435206 0.03135869999999996 0.033963699999999986 0.21455825
1 0.83825 0.452119 0.05941700000000005 0.07725769999999998 0.22239775
1 0.511783 0.424569 0.02545430000000004 0.017171099999999995 0.17238575
1 0.145287 0.42335200000000006 0.025917899999999994 0.014666200000000018 0.13607025
1 0.806095 0.44164100000000006 0.022197699999999987 0.013629700000000022 0.10604775
1 0.820215 0.4425140000000001 0.04163399999999995 0.03469030000000001 0.0937245
1 0.840813 0.439474 0.04646070000000002 0.05272169999999998 0.180231
1 0.939906 0.434159 0.03756409999999999 0.028343899999999977 0.1359105
