0 0.587205 0.455231 0.019667800000000013 0.08759269999999997 0.226337
0 0.12022 0.45019699999999996 0.015461700000000009 0.0819127 0.224785
0 0.536505 0.449001 0.014969600000000027 0.07260739999999999 0.22349075
0 0.442638 0.44084600000000007 0.010398899999999989 0.051475400000000004 0.1740165
0 0.353233 0.432114 0.009579090000000012 0.046638100000000016 0.09470275
0 0.443681 0.440053 0.010689799999999972 0.05093989999999998 0.170479
1 0.456515 0.455418 0.05328299999999997 0.05904680000000001 0.23510025
1 0.35982099999999995 0.442103 0.027520099999999992 0.03271780000000002 0.21065375
1 0.188246 0.42839700000000003 0.02600849999999999 0.01872760000000001 0.196769
1 0.55786 0.94679 0.09660879999999994 0.10582999999999998 0.1277115
1 0.29527000000000003 0.431421 0.018580600000000003 0.025834899999999994 0.12767525
1 0.162303 0.43117 0.02130080000000001 0.019175700000000018 0.0915895
1 0.187475 0.426412 0.021833800000000014 0.020542000000000005 0.14242675
1 0.35645499999999997 0.4426709999999999 0.03427839999999999 0.035336599999999996 0.20772
1 0.456832 0.45796500000000007 0.0527629 0.05247180000000001 0.22965625
2 0.387667 0.455025 0.02757759999999998 0.09111460000000005 0.22543825
2 0.387616 0.470098 0.022062499999999985 0.05909320000000001 0.18849225
