0 0.6315410000000001 0.45759099999999997 0.01668170000000002 0.07330629999999999 0.22059475
0 0.59226 0.43236399999999997 0.010900200000000027 0.048720299999999994 0.174656
0 0.417071 0.431079 0.005750079999999991 0.031976000000000004 0.165049
0 0.323859 0.435543 0.009217639999999971 0.04381489999999999 0.0921595
0 0.41704600000000003 0.431087 0.004547880000000004 0.02506989999999998 0.1141325
1 0.496203 0.663386 0.2590180000000001 0.36683399999999994 0.2442955
1 0.658641 0.437293 0.07241300000000006 0.042806200000000016 0.21371375
1 0.283349 0.43699 0.07506639999999998 0.04877029999999999 0.18265125
1 0.500507 0.43237400000000004 0.020132600000000056 0.03202310000000003 0.18166625
1 0.468085 0.43591 0.017425000000000024 0.023316100000000006 0.14681575
1 0.0988739 0.47312599999999994 0.03171589999999999 0.025243799999999983 0.11760625
1 0.194813 0.442888 0.0681136 0.0457187 0.09753075
1 0.478555 0.428097 0.019592500000000013 0.02185959999999998 0.0666665
1 0.500178 0.427813 0.01652370000000003 0.02403939999999999 0.08514725
1 0.6503 0.440735 0.049434100000000036 0.04270829999999998 0.062925
