0 0.7571570000000001 0.48654000000000003 0.03362940000000003 0.15951400000000004 0.22528925
0 0.28409399999999996 0.453773 0.012599199999999977 0.07413399999999998 0.217573
0 0.763947 0.484182 0.024154699999999973 0.151432 0.173985
1 0.49584799999999996 0.626686 0.30830799999999997 0.484888 0.2435155
1 0.140664 0.48006100000000007 0.199154 0.12246300000000004 0.2373895
1 0.9428890000000001 0.46780799999999995 0.09815830000000003 0.10553899999999994 0.23584925
1 0.63455 0.479944 0.06721710000000003 0.07685240000000004 0.16094975
1 0.49526799999999993 0.699109 0.30843499999999996 0.6016379999999999 0.23984525
1 0.945193 0.4652339999999999 0.10555599999999998 0.11994199999999994 0.22589475
2 0.32077 0.49389199999999994 0.045774099999999984 0.16486199999999995 0.234821
2 0.626525 0.464269 0.08427090000000004 0.122556 0.22686825
2 0.634728 0.47979700000000003 0.06679869999999999 0.07694450000000003 0.13651925
