0 0.0520941 0.45706099999999994 0.016800300000000004 0.07908589999999999 0.19303125
0 0.34019 0.446875 0.01345590000000002 0.05865999999999999 0.192705
0 0.0538262 0.46266000000000007 0.030170299999999997 0.09622380000000003 0.191309
0 0.344036 0.44806499999999994 0.019589499999999982 0.06253199999999998 0.072214
1 0.828427 0.509831 0.129127 0.17737899999999995 0.242699
1 0.245873 0.466417 0.0945127 0.07896829999999999 0.23895525
1 0.489513 0.447319 0.06067040000000001 0.05464800000000003 0.234555
1 0.600956 0.438261 0.052497899999999986 0.03241440000000001 0.22670425
1 0.361704 0.44059499999999996 0.056339099999999975 0.04008289999999998 0.21956125
1 0.0354208 0.493815 0.0706457 0.10104800000000003 0.2128845
