0 0.726402 0.45361399999999996 0.016669500000000004 0.07587519999999998 0.20338125
0 0.667203 0.443138 0.014698600000000006 0.05931839999999999 0.183066
0 0.976918 0.507093 0.0461319 0.18537599999999999 0.11805775
0 0.988813 0.506602 0.022373999999999894 0.18137200000000003 0.10379375
0 0.7267460000000001 0.45257 0.01508710000000002 0.07033279999999997 0.18395425
1 0.798311 0.526738 0.13739199999999996 0.17434700000000003 0.24160825
1 0.0497234 0.43845499999999993 0.06015100000000001 0.0390875 0.22571875
1 0.6644049999999999 0.438133 0.05255719999999997 0.031107400000000007 0.20208075
1 0.964794 0.634852 0.0695173 0.284446 0.16357675
1 0.129008 0.43766800000000006 0.020060700000000015 0.013847200000000004 0.0933235
1 0.382542 0.42423500000000003 0.0234027 0.013322400000000012 0.07591075
1 0.0036158699999999998 0.436971 0.007139889999999999 0.03012969999999998 0.06806225
1 0.463539 0.424235 0.020414700000000008 0.0109823 0.06341175
1 0.0503813 0.438065 0.0575104 0.034931900000000016 0.21398375
1 0.797722 0.533483 0.13580400000000004 0.15504699999999993 0.23746025
