0 0.0674032 0.47348900000000005 0.019830399999999998 0.12262800000000001 0.21516625
0 0.745689 0.439211 0.009200479999999955 0.04488570000000003 0.2043265
0 0.788564 0.44974 0.015052599999999972 0.06522220000000001 0.1847075
0 0.18269200000000002 0.448313 0.0188652 0.07698700000000003 0.17094825
0 0.788133 0.446346 0.012398499999999979 0.06036210000000003 0.12009325
0 0.0686008 0.4793839999999999 0.019418999999999992 0.10940699999999998 0.20862775
1 0.522447 0.582341 0.20253300000000002 0.31924300000000005 0.2432325
1 0.274976 0.481266 0.13403699999999996 0.12273699999999999 0.24079075
1 0.614908 0.436486 0.025102500000000028 0.02894859999999999 0.21379375
1 0.952561 0.44756000000000007 0.09021219999999996 0.06024020000000002 0.14327975
1 0.913049 0.447967 0.07881179999999999 0.05759360000000002 0.121431
1 0.6095010000000001 0.435628 0.036722400000000044 0.02859210000000001 0.0985295
1 0.522779 0.5642849999999999 0.20223400000000002 0.27741899999999997 0.23427375
