0 0.429971 0.436524 0.008345409999999998 0.041692600000000024 0.170946
0 0.408141 0.428457 0.006287959999999981 0.028217199999999998 0.15190025
0 0.503439 0.43707300000000004 0.0069432300000000224 0.03576180000000001 0.12332675
0 0.6294500000000001 0.4397960000000001 0.0110209 0.044754000000000016 0.09796125
0 0.42895099999999997 0.43035600000000007 0.006593899999999986 0.0282906 0.0944005
0 0.408214 0.43029799999999996 0.005464840000000026 0.0264528 0.085544
1 0.16117 0.485811 0.08862390000000002 0.10943799999999998 0.240266
1 0.28451 0.45363299999999995 0.054646399999999984 0.0717081 0.234017
1 0.439492 0.450688 0.04085159999999999 0.0534095 0.231711
1 0.5939159999999999 0.438038 0.048541999999999974 0.03628399999999998 0.21660375
1 0.03510649999999999 0.539219 0.07001569999999999 0.16764800000000002 0.19939725
1 0.2867620000000001 0.45181 0.0501837 0.059359700000000015 0.22368575
1 0.592028 0.439833 0.04900190000000004 0.03509079999999998 0.21267225
1 0.44051 0.447961 0.03840460000000001 0.04810890000000001 0.22569625
2 0.034992199999999994 0.539324 0.06978309999999999 0.16857699999999998 0.14928
