0 0.07504659999999999 0.48748099999999994 0.03042009999999999 0.13802799999999998 0.23350425
1 0.275322 0.47573 0.07517129999999997 0.0916709 0.238122
1 0.390289 0.44032799999999994 0.07821240000000002 0.0505003 0.23494025
1 0.569989 0.453931 0.04610409999999998 0.056525099999999995 0.228249
1 0.331401 0.46233599999999997 0.0485816 0.06956679999999998 0.23194275
1 0.497566 0.45124 0.010307799999999978 0.02082820000000002 0.12996425
1 0.547243 0.445908 0.03720199999999996 0.0514618 0.189619
1 0.32915700000000003 0.462894 0.060332 0.06495319999999999 0.229884
1 0.550827 0.44782900000000003 0.04609260000000004 0.0593824 0.2164995
1 0.39071199999999995 0.443349 0.0722352 0.04446450000000002 0.23261525
1 0.568972 0.456221 0.04216540000000002 0.0475911 0.22092425
