0 0.7826949999999999 0.45635800000000004 0.007308259999999955 0.03786790000000001 0.174109
0 0.139772 0.449633 0.022902699999999998 0.07113170000000002 0.172128
1 0.538121 0.49106099999999997 0.12893299999999996 0.16814999999999997 0.2418825
1 0.376702 0.45025399999999993 0.10795299999999997 0.07722469999999998 0.23778675
1 0.175671 0.7282677500000001 0.351208 0.5434645 0.23650575
1 0.937011 0.456742 0.0921978 0.06612069999999998 0.2249875
1 0.5941210000000001 0.43774100000000005 0.023699400000000037 0.027826300000000026 0.218966
1 0.185964 0.49052100000000004 0.160893 0.13576200000000005 0.22513175
1 0.584644 0.4359390000000001 0.043012599999999956 0.027107500000000007 0.190075
1 0.377756 0.449123 0.09982580000000002 0.06422289999999997 0.231019
