0 0.590098 0.44336200000000003 0.010154200000000002 0.050564200000000004 0.1315535
0 0.581947 0.439194 0.010242500000000043 0.05272660000000001 0.1159485
1 0.385175 0.464808 0.07744980000000001 0.12321500000000002 0.2407235
1 0.127711 0.629625 0.255307 0.34682299999999994 0.2405735
1 0.49897 0.46536299999999997 0.049080800000000036 0.06336999999999998 0.233325
1 0.43337499999999995 0.452243 0.03672979999999998 0.046170900000000015 0.2219595
1 0.498805 0.432061 0.02225149999999998 0.03398380000000001 0.21640375
1 0.468183 0.43240199999999995 0.016840899999999992 0.02562979999999998 0.172432
1 0.499918 0.42740199999999995 0.020141200000000026 0.021584199999999998 0.185361
1 0.389065 0.454965 0.07222420000000002 0.0927154 0.22430525
1 0.437078 0.452627 0.030116299999999985 0.04070990000000002 0.21738225
1 0.499387 0.467119 0.04418929999999999 0.05959150000000002 0.22317975
2 0.461852 0.434368 0.009353539999999994 0.032782199999999984 0.151305
