0 0.844785 0.5644530000000001 0.04141879999999998 0.25282400000000005 0.2238205
0 0.8472930000000001 0.561775 0.05005490000000001 0.24987000000000004 0.22084425
1 0.0846641 0.61413 0.169328 0.305712 0.24109625
1 0.261838 0.488856 0.11281199999999997 0.15330699999999997 0.23372375
1 0.419388 0.427577 0.01608369999999998 0.020237100000000008 0.21381825
1 0.394758 0.42749399999999993 0.010510200000000025 0.016207499999999986 0.1660215
1 0.19279200000000002 0.532096 0.14806400000000003 0.18988800000000006 0.23909275
1 0.300222 0.482708 0.06036269999999999 0.08741379999999999 0.192566
1 0.32138900000000004 0.46526500000000004 0.0856672 0.10070600000000002 0.11479625
1 0.418932 0.42925199999999997 0.017790399999999984 0.025647299999999984 0.1924575
1 0.20424600000000004 0.5348570000000001 0.12635500000000002 0.16007800000000005 0.1687455
1 0.27385400000000004 0.483227 0.10615000000000002 0.13831399999999994 0.22126525
