0 0.269553 0.463373 0.010670999999999986 0.05699909999999997 0.199655
1 0.202342 0.442195 0.042182 0.04640250000000001 0.2350615
1 0.44014700000000007 0.443567 0.03588540000000001 0.057857099999999995 0.2293305
1 0.256171 0.438206 0.03731989999999999 0.05366359999999998 0.2251175
1 0.016409325000000002 0.453456 0.032818650000000005 0.09666830000000004 0.224182
1 0.463503 0.43411900000000003 0.017307899999999987 0.03500120000000001 0.2039845
1 0.234522 0.436811 0.07967360000000001 0.057114200000000004 0.13826275
1 0.456906 0.434611 0.031252100000000005 0.03958240000000002 0.19972625
1 0.203117 0.44572 0.042381100000000005 0.04026259999999998 0.23352725
1 0.440029 0.439329 0.03428619999999999 0.05091760000000001 0.22506475
