0 0.8346929999999999 0.448499 0.020505499999999954 0.07302399999999998 0.218022
0 0.353093 0.44051 0.009119480000000013 0.05337639999999999 0.2145985
0 0.855662 0.454627 0.021710600000000024 0.08615400000000001 0.17061675
0 0.856918 0.45882 0.015189600000000025 0.09917819999999994 0.07677125
0 0.353484 0.440589 0.010613700000000004 0.055366499999999985 0.2093255
1 0.433727 0.443355 0.04178559999999998 0.06427890000000003 0.224922
1 0.45624 0.4384239999999999 0.023995199999999994 0.036160499999999984 0.19017
1 0.469751 0.465802 0.01616709999999999 0.015722499999999973 0.122973
1 0.987442 0.406084 0.0244259 0.11369699999999999 0.08547825
1 0.45331 0.4401999999999999 0.030389 0.03945599999999999 0.20895275
2 0.497642 0.5283629999999999 0.07354760000000005 0.27211299999999994 0.24099125
