1 0.499107 0.541001 0.12314499999999995 0.17702100000000004 0.24152425
1 0.878026 0.449419 0.09439810000000004 0.04715409999999998 0.23249425
1 0.8064289999999998 0.443616 0.056741299999999995 0.0460025 0.22965525
1 0.49948000000000004 0.438658 0.026272600000000035 0.03974749999999999 0.2256015
1 0.7238740000000001 0.434021 0.07633290000000004 0.04296850000000002 0.22267575
1 0.9642740000000001 0.451628 0.07109240000000006 0.0684671 0.21989675
1 0.565952 0.430798 0.019519399999999965 0.029278899999999997 0.21594475
1 0.679739 0.43227099999999996 0.04020489999999999 0.029025699999999988 0.21210625
1 0.534421 0.42410099999999995 0.02053079999999996 0.011775099999999983 0.1238785
1 0.759778 0.435992 0.08460179999999995 0.04767589999999999 0.22761375
1 0.980524 0.439105 0.03895150000000003 0.05005680000000001 0.06769125
1 0.6986920000000001 0.43532 0.0514559 0.032313099999999984 0.14135925
1 0.855796 0.448237 0.08016199999999996 0.0422401 0.216517
1 0.7205700000000002 0.4339120000000001 0.04988570000000003 0.0402556 0.155489
1 0.564677 0.428655 0.020416800000000013 0.025785700000000022 0.20881725
1 0.676158 0.43181 0.030846799999999952 0.030459000000000014 0.18385125
1 0.81188 0.443159 0.06470390000000004 0.041944800000000004 0.22586875
1 0.750672 0.43671799999999994 0.062432299999999996 0.04281289999999999 0.21478375
2 0.964252 0.452978 0.07094610000000001 0.06604179999999998 0.13200625
