1 0.266134 0.547327 0.16249899999999998 0.17760899999999996 0.24182075
1 0.498439 0.487972 0.09579959999999998 0.15313199999999993 0.239444
1 0.376155 0.482444 0.07024429999999998 0.10126499999999994 0.23611775
1 0.440258 0.44492300000000007 0.03760390000000002 0.05786560000000002 0.2152585
1 0.404297 0.462375 0.0468693 0.07011410000000001 0.221421
1 0.0133096 0.7608460000000001 0.0265181 0.41761100000000007 0.072711
1 0.427061 0.457507 0.03908440000000002 0.0548786 0.18443475
1 0.450152 0.449038 0.029463000000000017 0.04368050000000001 0.09370875
1 0.263563 0.555626 0.178998 0.21155899999999994 0.2276735
1 0.377255 0.483661 0.070027 0.08804319999999999 0.23036275
