0 0.668957 0.4270010000000001 0.008054099999999953 0.03970250000000003 0.17348475
1 0.871455 0.440204 0.07512169999999996 0.06703950000000003 0.2271415
1 0.9312529999999999 0.442828 0.048672099999999996 0.05719049999999998 0.2236515
1 0.990221 0.446361 0.01952290000000001 0.08269940000000003 0.196531
1 0.525762 0.430813 0.03412400000000004 0.021380999999999983 0.1688385
1 0.532905 0.43243999999999994 0.020401200000000008 0.018717299999999992 0.16260525
1 0.520464 0.432407 0.019423700000000044 0.018791400000000014 0.11216825
1 0.921872 0.441875 0.06910360000000004 0.05992330000000001 0.22507275
1 0.990381 0.455095 0.018573799999999974 0.060364799999999996 0.17285075
1 0.888498 0.44053 0.114155 0.06504350000000003 0.1495565
