1 0.793486 0.552908 0.17834700000000003 0.214132 0.2429635
1 0.0636001 0.45667 0.107798 0.10458900000000004 0.24009175
1 0.375091 0.450305 0.107101 0.07225510000000002 0.2390885
1 0.563868 0.448268 0.10197299999999998 0.0701718 0.23715025
1 0.247849 0.472828 0.11744199999999999 0.08100740000000001 0.236847
1 0.9549468999999999 0.501762 0.09010620000000003 0.13802800000000004 0.2356235
1 0.134604 0.453826 0.0409755 0.05288179999999998 0.2294005
1 0.24006 0.441112 0.09088770000000002 0.06522499999999998 0.215865
1 0.905109 0.47445099999999996 0.03693279999999999 0.012906099999999976 0.065425
1 0.121637 0.45023 0.07639079999999998 0.06176599999999999 0.232497
1 0.381875 0.44564 0.07704129999999998 0.0542899 0.2040155
1 0.23094399999999998 0.432531 0.06875899999999999 0.042327000000000004 0.0697835
1 0.9525079999999999 0.512489 0.09434989999999999 0.14396500000000007 0.203821
