1 0.6428240000000001 0.551406 0.14776500000000004 0.17954800000000004 0.24342125
1 0.37520599999999993 0.459473 0.045829799999999976 0.06635079999999999 0.233984
1 0.548719 0.45394900000000005 0.03795349999999997 0.05394280000000001 0.22333875
1 0.40687300000000004 0.452922 0.03330470000000002 0.042257199999999995 0.20414525
1 0.46802 0.4320109999999999 0.02415830000000002 0.025177799999999972 0.16266925
1 0.583118 0.516306 0.06578039999999996 0.11684699999999998 0.220376
1 0.5329330000000001 0.438099 0.0316689 0.04605579999999998 0.2143015
1 0.44677 0.44921200000000006 0.014577799999999974 0.025897400000000015 0.10076
1 0.591172 0.5064649999999999 0.0884296 0.14018699999999995 0.2335475
1 0.547794 0.44849300000000003 0.03760300000000005 0.0342305 0.13974125
1 0.466056 0.43303 0.025511600000000023 0.02989130000000001 0.13485225
1 0.402616 0.454013 0.039410800000000024 0.045284500000000005 0.21943175
1 0.5327 0.437072 0.024685100000000015 0.0423384 0.1738645
1 0.375065 0.460094 0.04087629999999998 0.06257099999999999 0.2040835
