1 0.476692 0.461486 0.059328999999999965 0.07241209999999998 0.2371785
1 0.341164 0.44038599999999994 0.0347461 0.03805249999999999 0.2234765
1 0.375915 0.446413 0.036605600000000016 0.03165830000000003 0.22081675
1 0.279379 0.4369620000000001 0.030228299999999986 0.03671180000000002 0.21633175
1 0.218422 0.4282119999999999 0.025884500000000005 0.01759329999999998 0.205578
1 0.252316 0.425925 0.02363350000000003 0.018429099999999976 0.1470035
1 0.31981399999999993 0.43376100000000006 0.023383199999999993 0.02634160000000002 0.11292325
1 0.249087 0.42759899999999995 0.016704799999999992 0.0182851 0.14478
1 0.218833 0.426573 0.022722800000000015 0.021074800000000005 0.14437225
1 0.477206 0.46535399999999993 0.05936570000000002 0.06038539999999998 0.23118625
1 0.282489 0.43517700000000004 0.029629300000000025 0.036518400000000006 0.063337
1 0.375644 0.443804 0.037154200000000026 0.036928300000000025 0.2059455
