1 0.130521 0.494435 0.10372199999999998 0.12429900000000005 0.2399165
1 0.221557 0.467905 0.05993599999999999 0.07945840000000004 0.23614325
1 0.945209 0.484232 0.10892899999999994 0.13153300000000007 0.234323
1 0.29854099999999995 0.4477650000000001 0.04249799999999998 0.05824400000000002 0.23193275
1 0.420183 0.439574 0.031291899999999984 0.04763289999999998 0.2207085
1 0.355677 0.432376 0.02582699999999999 0.029940599999999984 0.21299675
1 0.338303 0.433888 0.015423299999999973 0.021332499999999976 0.087786
1 0.221096 0.464779 0.06798710000000002 0.08479720000000002 0.2280555
1 0.131218 0.497012 0.10322699999999999 0.10463200000000006 0.237677
1 0.355309 0.430085 0.027034000000000002 0.033216299999999976 0.20776875
1 0.29835599999999995 0.442237 0.04312969999999999 0.052015599999999995 0.09746425
