1 0.465311 0.45981400000000006 0.05758200000000002 0.0684826 0.236828
1 0.332376 0.44021 0.03435330000000003 0.0344854 0.21610225
1 0.369798 0.44514300000000007 0.0319526 0.03658670000000003 0.21429475
1 0.274414 0.433777 0.02763749999999998 0.039955799999999986 0.2054475
1 0.208976 0.428658 0.02309839999999999 0.018096600000000018 0.1818875
1 0.24010000000000004 0.425097 0.020344500000000015 0.02092050000000001 0.17870925
1 0.308521 0.43007800000000007 0.019187500000000024 0.022932600000000025 0.15108225
1 0.268474 0.44492 0.01773720000000001 0.017365200000000025 0.09933525
1 0.334913 0.43579 0.027905599999999975 0.030504399999999987 0.18246475
1 0.210182 0.4255340000000001 0.023084400000000005 0.019540100000000005 0.1773275
1 0.307224 0.430747 0.025385400000000002 0.025041099999999983 0.13202425
1 0.24030799999999997 0.42686199999999996 0.01749429999999999 0.017711599999999994 0.12681175
1 0.370876 0.444522 0.028015400000000024 0.033059000000000005 0.2123435
1 0.465398 0.462339 0.05694959999999999 0.058093700000000026 0.23239425
