1 0.25105 0.4697140000000001 0.0674903 0.06692740000000003 0.2351115
1 0.31818099999999994 0.449846 0.050002099999999994 0.05609330000000001 0.22825225
1 0.1779 0.443033 0.0753867 0.04814299999999999 0.223964
1 0.568825 0.44334300000000004 0.040849899999999995 0.05765110000000001 0.222599
1 0.38886 0.4399120000000001 0.04619859999999998 0.03635830000000001 0.220353
1 0.431382 0.427721 0.018123600000000017 0.02330979999999999 0.19734725
1 0.287172 0.45319 0.06281029999999999 0.07424209999999998 0.2310485
1 0.379004 0.439997 0.028079599999999982 0.03259069999999997 0.200056
1 0.42937900000000007 0.430444 0.024716400000000027 0.022037399999999985 0.13420025
1 0.18423899999999999 0.44052900000000006 0.0584876 0.040657200000000004 0.16991
1 0.323459 0.451848 0.03747630000000002 0.052781299999999975 0.21103575
1 0.249676 0.467006 0.07539499999999999 0.07547990000000004 0.22550675
1 0.568974 0.439938 0.039009700000000036 0.04965629999999999 0.20218775
