0 0.45632700000000004 0.43528500000000003 0.011447700000000005 0.04442600000000002 0.08620775
1 0.601932 0.47751 0.08106400000000002 0.09544710000000006 0.23942475
1 0.3691209999999999 0.433114 0.022999099999999995 0.03455560000000002 0.22369425
1 0.440161 0.442201 0.03712169999999998 0.04061159999999997 0.21887725
1 0.47751 0.450351 0.03931060000000003 0.03805320000000001 0.2169565
1 0.32045900000000005 0.427318 0.022633300000000023 0.02145229999999998 0.21311925
1 0.350537 0.425964 0.015477799999999986 0.020020399999999994 0.17806675
1 0.41840199999999994 0.43113 0.020232399999999984 0.02481929999999999 0.17749425
1 0.394672 0.421269 0.020623100000000005 0.014616399999999974 0.13600625
1 0.296876 0.427771 0.0171848 0.014346000000000025 0.123413
1 0.31721200000000005 0.429209 0.01673960000000002 0.015177400000000008 0.076988
1 0.41697000000000006 0.432416 0.01976810000000001 0.018259899999999996 0.139817
1 0.443612 0.4398540000000001 0.031658200000000025 0.03612860000000001 0.19148275
1 0.478015 0.448601 0.04005009999999998 0.0505409 0.21564725
1 0.351039 0.42728 0.013449199999999994 0.018651799999999996 0.14561875
1 0.369686 0.4350879999999999 0.021455400000000013 0.034909899999999994 0.21669325
1 0.603596 0.479136 0.09057709999999997 0.09617049999999999 0.2297475
