0 0.5414350000000001 0.424015 0.009108030000000045 0.04541640000000002 0.0924445
1 0.877977 0.455203 0.07476830000000001 0.080034 0.23048775
1 0.7462220000000002 0.442761 0.05867060000000002 0.05644300000000002 0.2279825
1 0.414055 0.44901 0.0487514 0.06693349999999998 0.2261545
1 0.9317329999999999 0.448562 0.03613429999999995 0.0328522 0.21518925
1 0.358333 0.432736 0.03038679999999999 0.034109200000000006 0.1769415
1 0.437266 0.43955500000000003 0.025252700000000017 0.043852100000000005 0.18288525
1 0.922873 0.451152 0.05634039999999996 0.049939999999999984 0.2011325
1 0.430221 0.439714 0.03886440000000002 0.053736899999999976 0.21202575
1 0.35794100000000006 0.43854100000000007 0.03151710000000002 0.03622500000000001 0.1344015
1 0.7413810000000001 0.444821 0.04912930000000004 0.056157400000000024 0.22643825
1 0.878099 0.45062 0.07313769999999997 0.06920589999999999 0.19960625
