1 0.49868300000000004 0.450986 0.053160500000000055 0.09517880000000001 0.22897975
1 0.224353 0.43923100000000004 0.040401999999999993 0.04625410000000002 0.22248575
1 0.44269099999999995 0.43135099999999993 0.023247399999999974 0.028399699999999972 0.19816725
1 0.473293 0.43174999999999997 0.017165600000000003 0.025944899999999993 0.1898755
1 0.598066 0.429832 0.03673269999999995 0.02204440000000002 0.1381785
1 0.167155 0.44331600000000004 0.0445276 0.03647220000000001 0.11953475
1 0.0872872 0.4500799999999999 0.021789799999999998 0.023137499999999978 0.0788725
1 0.0271196 0.484839 0.026774099999999995 0.010083200000000014 0.06977825
1 0.220645 0.422542 0.026473999999999998 0.010247100000000009 0.07488925
1 0.473151 0.42830100000000004 0.010869899999999988 0.026351100000000016 0.09254475
1 0.22257299999999997 0.43714 0.0387371 0.042139800000000005 0.220711
1 0.499553 0.452893 0.04846749999999994 0.08879720000000002 0.22227775
