1 0.483491 0.497385 0.11684000000000005 0.206214 0.24029725
1 0.591472 0.47483699999999995 0.07998850000000002 0.09420069999999997 0.2384485
1 0.436955 0.442128 0.04120459999999998 0.04445460000000001 0.203561
1 0.314642 0.428863 0.02398149999999999 0.019550699999999976 0.17901475
1 0.40693099999999993 0.425972 0.02563589999999999 0.0239414 0.16140825
1 0.346202 0.425332 0.018890200000000024 0.022895600000000016 0.126967
1 0.291013 0.427036 0.02122360000000001 0.017624399999999985 0.09476375
1 0.43087999999999993 0.4534020000000001 0.012001399999999995 0.060936500000000005 0.06824725
1 0.410875 0.43061000000000005 0.029991199999999996 0.01867740000000001 0.1527085
1 0.426418 0.440204 0.035958500000000004 0.04373830000000001 0.12410175
1 0.314365 0.42546400000000006 0.022333199999999997 0.021574900000000008 0.15309175
1 0.3466159999999999 0.427741 0.0169609 0.019550599999999974 0.122193
1 0.291405 0.43014700000000006 0.021871299999999982 0.01665040000000001 0.0646265
1 0.592536 0.479789 0.07719900000000002 0.08015930000000004 0.235798
1 0.42970300000000006 0.444778 0.014830500000000024 0.04489919999999997 0.0701525
