1 0.131067 0.490659 0.10083600000000001 0.11541199999999996 0.24024
1 0.36183 0.440979 0.03281909999999999 0.04344579999999998 0.2313465
1 0.5755540000000001 0.453471 0.03943730000000001 0.0508383 0.230229
1 0.49964400000000003 0.443126 0.026624700000000057 0.03309909999999999 0.2270615
1 0.0520255 0.511235 0.104051 0.17147700000000005 0.23411375
1 0.5482660000000001 0.44108 0.021511100000000005 0.016808099999999992 0.08122375
1 0.5501479999999999 0.444794 0.023102999999999985 0.013759999999999994 0.07921625
1 0.141176 0.495194 0.08274540000000001 0.10170300000000004 0.23584875
1 0.576943 0.455774 0.03603880000000004 0.04491679999999998 0.22306425
1 0.499195 0.442789 0.028165899999999966 0.03712530000000003 0.223142
