1 0.0560772 0.487442 0.111909 0.11328700000000003 0.238388
1 0.941241 0.62698 0.11668900000000004 0.40461199999999997 0.2340985
1 0.399808 0.45555100000000004 0.07622830000000003 0.07131530000000003 0.23389625
1 0.458941 0.44419999999999993 0.049671699999999985 0.03479769999999999 0.22308375
1 0.250436 0.44503500000000007 0.06749040000000003 0.045296100000000006 0.22133075
1 0.641864 0.43728599999999995 0.025333599999999956 0.026346499999999995 0.20838275
1 0.588443 0.440018 0.025402099999999983 0.037434599999999985 0.20826125
1 0.6013580000000001 0.4283 0.024403300000000017 0.02399770000000001 0.185785
1 0.6383480000000001 0.434046 0.02805420000000003 0.03192010000000001 0.19610225
1 0.5880619999999999 0.44619200000000003 0.02411719999999995 0.0214646 0.07670425
1 0.45155200000000006 0.443855 0.0658319 0.037729100000000015 0.22266275
1 0.595204 0.437151 0.03585740000000004 0.035008099999999986 0.07410975
1 0.25128 0.442005 0.0698915 0.047433999999999976 0.19759475
1 0.0590166 0.488346 0.118033 0.12892800000000004 0.1343055
