1 0.8943320000000001 0.475925 0.14057200000000003 0.11023499999999997 0.24122775
1 0.17960399999999999 0.483113 0.0808903 0.10600699999999996 0.239843
1 0.243028 0.46251299999999995 0.0510158 0.06950059999999997 0.23262975
1 0.303018 0.444747 0.03815000000000002 0.0536161 0.23004975
1 0.555623 0.436034 0.04943620000000004 0.029119600000000023 0.2082815
1 0.33855 0.4298120000000001 0.0246865 0.022654200000000013 0.18326125
1 0.33194 0.441566 0.022300299999999995 0.021426400000000012 0.145137
1 0.24052100000000004 0.460046 0.06444920000000001 0.0741792 0.21890775
1 0.179924 0.483931 0.08017760000000002 0.08718010000000004 0.22113175
1 0.5528039999999999 0.43535599999999997 0.04493709999999995 0.02734209999999998 0.19220775
