1 0.8571 0.469669 0.12672899999999998 0.09591539999999998 0.24121775
1 0.199124 0.478626 0.07266699999999998 0.09610929999999995 0.23756975
1 0.306062 0.445723 0.036463899999999994 0.047512900000000025 0.22840075
1 0.25328 0.459507 0.046654100000000004 0.06549860000000002 0.22900625
1 0.367454 0.4405800000000001 0.031084600000000018 0.04464030000000002 0.22430775
1 0.332881 0.434933 0.023102999999999985 0.024769299999999994 0.16952975
1 0.5473540000000001 0.428264 0.04739400000000005 0.028622900000000007 0.15068475
1 0.9832270000000001 0.452623 0.0318659 0.0173219 0.08578625
1 0.335275 0.433699 0.019084600000000007 0.025782799999999995 0.14855675
1 0.304938 0.44174500000000005 0.03609459999999998 0.04635050000000002 0.18699425
1 0.367403 0.43658600000000003 0.0316999 0.039739000000000024 0.123065
1 0.199664 0.479398 0.0706061 0.07968160000000002 0.0902415
1 0.254901 0.4574440000000001 0.04385309999999998 0.06025900000000001 0.20894625
