1 0.878598 0.558445 0.219292 0.230491 0.965528
1 0.7275 0.496042 0.0965607 0.120512 0.950293
2 0.0935418 0.464101 0.0370153 0.112101 0.911262
1 0.0159237 0.446703 0.0314179 0.0653618 0.803409
1 0.500205 0.433318 0.0525721 0.0346558 0.766146
1 0.0215669 0.437663 0.0420018 0.0309392 0.760401
1 0.948713 0.465915 0.10238 0.0979511 0.721708
0 0.752397 0.46298 0.0230055 0.0988458 0.70444
0 0.73765 0.458912 0.0179676 0.0908634 0.700911
0 0.651502 0.442669 0.0114412 0.0558365 0.636596
1 0.0865025 0.435794 0.0528773 0.0350171 0.436174
