0 0.773456 0.452478 0.0135628 0.0598497 0.893561
0 0.915732 0.450335 0.0144196 0.0659494 0.737705
1 0.560226 0.437061 0.0422586 0.0378913 0.705228
0 0.628891 0.435956 0.00712395 0.0365846 0.666681
0 0.968323 0.53942 0.0633544 0.154448 0.628146
1 0.95537 0.466323 0.0892563 0.0732631 0.612345
1 0.0740447 0.536327 0.148089 0.226502 0.553127
0 0.878468 0.461557 0.0180429 0.065544 0.498672
0 0.977603 0.537597 0.0403099 0.143859 0.495847
0 0.645304 0.435197 0.0065836 0.0324621 0.441998
0 0.611721 0.433973 0.00807006 0.0348759 0.252725
