1 0.769581 0.442755 0.115876 0.0615628 0.915301
1 0.834587 0.454346 0.115983 0.066935 0.906216
1 0.348723 0.458458 0.0464197 0.0529455 0.89236
1 0.498651 0.439648 0.0275328 0.0382289 0.879746
1 0.884297 0.437159 0.0696917 0.046848 0.834816
1 0.795551 0.44416 0.0902092 0.0626217 0.818247
1 0.949898 0.446275 0.0742029 0.0441555 0.777708
1 0.983753 0.45268 0.0324936 0.0371077 0.623218
1 0.429716 0.41117 0.0404831 0.0701233 0.540494
1 0.58567 0.428353 0.0217094 0.0215669 0.520795
1 0.666644 0.432516 0.022761 0.0257787 0.328537
