1 0.434598 0.499635 0.0954956 0.165128 0.962298
1 0.522404 0.467022 0.0652172 0.0768111 0.950836
0 0.69876 0.47895 0.024818 0.116039 0.889179
1 0.379121 0.439428 0.0287086 0.0350508 0.838935
2 0.345948 0.443705 0.0131622 0.0474569 0.823974
1 0.410665 0.462172 0.055303 0.0760405 0.7581
0 0.943923 0.536157 0.112154 0.270013 0.711171
1 0.273035 0.437574 0.0222647 0.0318001 0.643488
1 0.296345 0.426753 0.02467 0.0183723 0.557612
1 0.336211 0.429337 0.0162498 0.019884 0.536561
1 0.259096 0.427223 0.0199698 0.0195402 0.430814
1 0.358946 0.43101 0.0210112 0.0229927 0.366402
1 0.234877 0.427411 0.0176329 0.0165709 0.358385
