1 0.307514 0.460452 0.0730875 0.0814138 0.951343
1 0.923162 0.492175 0.0971138 0.117876 0.945839
1 0.661314 0.463523 0.0525435 0.0597547 0.927345
1 0.878928 0.4727 0.0611683 0.077823 0.891055
1 0.371776 0.433407 0.0416644 0.028113 0.84451
1 0.342098 0.436161 0.029718 0.0413136 0.834831
0 0.954567 0.452121 0.0130501 0.0611569 0.679774
0 0.194918 0.465203 0.0158177 0.0872211 0.669007
1 0.880865 0.444072 0.0475388 0.0502587 0.507938
0 0.914185 0.450077 0.0158123 0.077808 0.496751
1 0.700071 0.424711 0.0241173 0.0114244 0.403496
