1 0.725949 0.455909 0.0922609 0.0491463 0.92404
1 0.444661 0.44158 0.0395872 0.0535139 0.920277
1 0.0454724 0.451732 0.0909448 0.0683957 0.913147
1 0.498896 0.431003 0.0196806 0.0337806 0.869942
2 0.876669 0.445957 0.0382402 0.0536036 0.854881
0 0.267178 0.463252 0.0150997 0.0725256 0.83967
0 0.5884 0.444886 0.00902653 0.0491147 0.838113
1 0.472186 0.429657 0.0207626 0.0243456 0.793942
1 0.973783 0.442901 0.0524335 0.0559245 0.680957
0 0.404587 0.432473 0.00595455 0.0346484 0.649554
0 0.564878 0.436996 0.00691344 0.0366376 0.50456
