0 0.77912 0.550327 0.036195 0.165566 0.946264
1 0.356766 0.456131 0.0486132 0.0544063 0.936685
1 0.747685 0.442458 0.0768305 0.0598355 0.906325
1 0.699838 0.445115 0.0740154 0.0399426 0.900493
1 0.907518 0.45389 0.0522861 0.0559503 0.870705
1 0.414322 0.436897 0.0282723 0.036852 0.867418
1 0.650071 0.435894 0.0796074 0.0443137 0.859148
1 0.499202 0.430371 0.0183186 0.0263883 0.808276
1 0.687592 0.444296 0.0741821 0.0377598 0.70008
0 0.547037 0.435281 0.00788727 0.0374627 0.63738
1 0.614326 0.43874 0.0350964 0.0277586 0.49742
1 0.467267 0.431331 0.0177189 0.0225451 0.387633
