1 0.486189 0.478772 0.0628798 0.0939137 0.950793
0 0.895201 0.497586 0.0320187 0.162084 0.919269
1 0.404673 0.441299 0.0334645 0.0327514 0.846489
0 0.552191 0.441742 0.0149986 0.0559234 0.844117
1 0.254261 0.428167 0.0142369 0.0210395 0.819607
0 0.617864 0.459424 0.0109453 0.0509842 0.784349
1 0.287346 0.431203 0.031074 0.02726 0.778867
0 0.489096 0.443684 0.0113281 0.0543654 0.726474
0 0.432923 0.437564 0.00748358 0.0381114 0.70417
0 0.419936 0.433403 0.00685902 0.0398827 0.530493
1 0.32071 0.434022 0.0232799 0.0271157 0.429284
