1 0.357675 0.446944 0.0457047 0.0597885 0.913482
0 0.597792 0.485605 0.0299779 0.12874 0.897837
1 0.302823 0.437752 0.024299 0.0268177 0.883069
1 0.388015 0.446437 0.0429107 0.0449473 0.879025
1 0.265412 0.433039 0.027617 0.0271414 0.832871
1 0.235524 0.429701 0.0146053 0.019537 0.754447
1 0.184698 0.423415 0.0197355 0.0147308 0.703798
1 0.200733 0.428818 0.0143014 0.0161179 0.543164
0 0.141288 0.437016 0.00805291 0.0400701 0.41058
1 0.221444 0.426038 0.0176503 0.0147083 0.406782
1 0.242967 0.427185 0.0119054 0.0172646 0.28316
