1 0.29038 0.483905 0.0978052 0.130817 0.964685
1 0.567373 0.473879 0.0570232 0.0848829 0.946771
1 0.330006 0.469689 0.0714277 0.0886349 0.934844
1 0.397884 0.450474 0.0451413 0.0606574 0.923974
1 0.442191 0.442729 0.0373613 0.0551581 0.905076
1 0.499105 0.441813 0.0265535 0.0385785 0.904732
1 0.321398 0.431224 0.0287932 0.0408672 0.828923
1 0.53766 0.447327 0.0332373 0.0445597 0.81065
1 0.52216 0.430984 0.0239697 0.0295149 0.600989
1 0.525537 0.436167 0.0267496 0.0293911 0.397824
1 0.417414 0.445592 0.0234726 0.0378785 0.3616
1 0.532515 0.436058 0.0286503 0.0371126 0.311445
