1 0.143912 0.538456 0.177483 0.162719 0.965149
1 0.499642 0.513925 0.0972142 0.150839 0.964184
1 0.23753 0.491801 0.137946 0.165557 0.956888
1 0.389739 0.450037 0.0481541 0.067679 0.93468
1 0.788877 0.453807 0.117246 0.0834774 0.922619
1 0.571231 0.473379 0.0668962 0.113026 0.919623
1 0.424938 0.438951 0.028294 0.0395566 0.876543
1 0.499697 0.46189 0.0441673 0.0640535 0.848653
1 0.536338 0.448767 0.0490255 0.0641902 0.834415
0 0.603339 0.445032 0.0109106 0.0558073 0.630015
1 0.439981 0.435239 0.0234404 0.0326474 0.448593
1 0.51785 0.439099 0.0260769 0.0389338 0.301588
