1 0.55413 0.443929 0.0937308 0.0605299 0.946618
1 0.0248982 0.447148 0.0497834 0.0723533 0.917844
1 0.18468 0.451577 0.106966 0.0927385 0.916421
0 0.651079 0.542863 0.0275797 0.14944 0.905307
1 0.235309 0.439813 0.0947467 0.0623923 0.896682
1 0.141106 0.449911 0.0757356 0.0575382 0.892831
1 0.361331 0.463007 0.145069 0.0711409 0.876179
1 0.964669 0.501007 0.07047 0.150081 0.848621
1 0.340362 0.444009 0.080905 0.0508347 0.618973
1 0.979464 0.457265 0.0410603 0.089594 0.583943
1 0.392326 0.449173 0.0903899 0.0512607 0.391718
