1 0.50361 0.517955 0.116435 0.158136 0.964746
1 0.0344743 0.484349 0.0689486 0.106803 0.950122
1 0.404294 0.465782 0.0647202 0.0911174 0.948711
1 0.139889 0.459169 0.047163 0.067054 0.925725
1 0.218808 0.454482 0.04252 0.0595842 0.905252
1 0.596254 0.453834 0.107532 0.0631938 0.890567
1 0.205428 0.443674 0.0388666 0.0512492 0.851879
0 0.554641 0.480016 0.0250846 0.116135 0.848501
1 0.178936 0.434631 0.0357408 0.0381758 0.846583
1 0.34802 0.44563 0.0298315 0.0389845 0.826633
1 0.341 0.439751 0.0240535 0.0345348 0.751962
