1 0.637229 0.470961 0.07076 0.104433 0.937798
0 0.96394 0.506369 0.0352982 0.177783 0.88242
0 0.577265 0.499496 0.0287561 0.103914 0.861983
1 0.532955 0.463832 0.0670191 0.0979536 0.835559
1 0.566092 0.449176 0.0433953 0.0637612 0.806662
1 0.599063 0.437372 0.0228106 0.0315754 0.738026
1 0.548658 0.459852 0.0600799 0.0795391 0.60876
1 0.605425 0.432388 0.0226509 0.0279046 0.488235
1 0.659146 0.432675 0.0212076 0.0291536 0.425486
1 0.657577 0.436405 0.0229474 0.0359056 0.267306
1 0.663126 0.42641 0.0222225 0.0184791 0.265981
