1 0.1398 0.508604 0.172502 0.181783 0.961918
1 0.64693 0.489429 0.131647 0.163011 0.953112
1 0.220129 0.484308 0.119277 0.127076 0.943851
1 0.498896 0.465716 0.0598904 0.0877896 0.890007
1 0.610929 0.47565 0.0620647 0.0775989 0.880542
1 0.397327 0.438163 0.0345777 0.0453147 0.878171
1 0.445597 0.442048 0.031996 0.0457336 0.831438
2 0.498292 0.471522 0.030065 0.116091 0.82788
1 0.534764 0.436562 0.0382175 0.0267799 0.664772
0 0.272997 0.446452 0.0107812 0.0515371 0.484047
1 0.507531 0.445684 0.0402412 0.0488756 0.350983
