1 0.273975 0.454466 0.118773 0.0782121 0.930656
0 0.728904 0.485218 0.0274645 0.133577 0.896103
0 0.247205 0.458642 0.0202117 0.0851806 0.893214
1 0.711618 0.451434 0.12766 0.082362 0.881939
0 0.569758 0.439548 0.00807781 0.0419917 0.847761
0 0.388677 0.4329 0.00801029 0.0436094 0.839435
1 0.498577 0.436967 0.0300948 0.043699 0.839011
1 0.428664 0.443967 0.0391293 0.0580024 0.691579
1 0.474048 0.432108 0.0201973 0.0281687 0.64087
1 0.985965 0.454536 0.028071 0.0519253 0.560227
1 0.446567 0.44706 0.0750454 0.0706367 0.550934
1 0.446112 0.439391 0.0429942 0.05539 0.259523
