1 0.498629 0.542488 0.123704 0.172572 0.962878
1 0.878026 0.449419 0.0943981 0.0471541 0.929977
1 0.759778 0.435992 0.0846018 0.0476759 0.910455
1 0.81188 0.443159 0.0647039 0.0419448 0.903475
1 0.49948 0.438658 0.0262726 0.0397475 0.902406
1 0.723874 0.434021 0.0763329 0.0429685 0.890703
1 0.855796 0.448237 0.080162 0.0422401 0.866068
1 0.565952 0.430798 0.0195194 0.0292789 0.863779
1 0.679739 0.432271 0.0402049 0.0290257 0.848425
1 0.96421 0.451471 0.0715809 0.0774273 0.835056
1 0.534421 0.424101 0.0205308 0.0117751 0.495514
1 0.980524 0.439105 0.0389515 0.0500568 0.270765
