1 0.26402735710144043 0.5414841622114182 0.16283118724822998 0.1838459074497223 0.9653539935334037
0 0.8290207087993622 0.5089763253927231 0.023666322231292725 0.09439793229103088 0.9061660322203013
1 0.3569037467241287 0.4394058734178543 0.038526326417922974 0.04312977194786072 0.8833940413531878
1 0.4059508293867111 0.4409528970718384 0.03260067105293274 0.03438371419906616 0.8696189760180927
0 0.4360516518354416 0.4365088641643524 0.008074194192886353 0.040013670921325684 0.8492219775026864
0 0.086336 0.45910800000000007 0.0189869 0.10059800000000002 0.782815
1 0.2983951270580292 0.4450422078371048 0.026768863201141357 0.0389227569103241 0.7737760001498559
1 0.2543797343969345 0.4290766566991806 0.015689462423324585 0.01931902766227722 0.7294796641225791
1 0.232618 0.423123 0.018602699999999972 0.011541699999999988 0.7238594231840837
1 0.32259030640125275 0.4378523826599121 0.024947136640548706 0.023094534873962402 0.7147129999446703
1 0.288424 0.434459 0.02857949999999998 0.0299296 0.580057
2 0.967141 0.491251 0.0647272000000001 0.07943600000000006 0.5704356510717492
0 0.207269 0.4346 0.01026290000000002 0.047989700000000024 0.5263966258156196
1 0.29695 0.441646 0.02538169999999995 0.020162299999999966 0.4365905727536762
