1 0.40804141759872437 0.4635006785392761 0.06680905818939209 0.08627593517303467 0.941436967671583
1 0.9492534399032593 0.4549911469221115 0.09334337711334229 0.06310704350471497 0.9019030027633188
1 0.50568887591362 0.46547001600265503 0.05928903818130493 0.08555233478546143 0.9001370015608003
1 0.2630450129508972 0.4324735403060913 0.05343186855316162 0.032386720180511475 0.8992970106166551
1 0.19711261242628098 0.4387321323156357 0.06457243859767914 0.03447714447975159 0.8763379894446421
1 0.4304993003606796 0.44911979138851166 0.05625316500663757 0.08045521378517151 0.8532305141107734
2 0.508772075176239 0.4752180725336075 0.04014229774475098 0.13999208807945251 0.8066609737300815
1 0.447153 0.452968 0.03499059999999998 0.05193329999999996 0.70771
1 0.116196 0.689735 0.23239099999999996 0.5295320000000001 0.693816059193726
1 0.482622 0.437876 0.06159939999999997 0.047180200000000005 0.503367
1 0.401069 0.478582 0.03903259999999997 0.029323300000000052 0.4312761646592262
