1 0.8788471519947052 0.5602836906909943 0.218980610370636 0.23066836595535278 0.9685529796135388
1 0.7276565134525299 0.4979057163000107 0.09506934881210327 0.12067010998725891 0.95775897257418
2 0.09323325008153915 0.46693024039268494 0.03463993966579437 0.10432225465774536 0.9288649843710831
1 0.01702192795710289 0.4471393823623657 0.03388197725143982 0.06449878215789795 0.9224170094851138
1 0.9489772319793701 0.46254464983940125 0.10152912139892578 0.09701961278915405 0.9067280372616121
1 0.49997222423553467 0.4328508675098419 0.052646756172180176 0.03430277109146118 0.8380580234232844
0 0.6511628329753876 0.4423309415578842 0.012489259243011475 0.05344751477241516 0.7457869972930469
1 0.0215669 0.437663 0.042001800000000006 0.030939199999999945 0.7297877411068866
0 0.7371699213981628 0.45516346395015717 0.016276955604553223 0.08334293961524963 0.7274339858829934
0 0.7544842958450317 0.4650721698999405 0.02509486675262451 0.10427674651145935 0.6760796782812848
1 0.6645501852035522 0.438137024641037 0.03721201419830322 0.033555448055267334 0.5892877442405212
1 0.0732658 0.43672 0.036952299999999993 0.0297172 0.5289793458626448
