1 0.8822180032730103 0.6172871738672256 0.23532438278198242 0.38376304507255554 0.9559249603516982
1 0.14456650242209435 0.45665742456912994 0.06385130435228348 0.07344886660575867 0.9435799546890601
1 0.6644648015499115 0.47388966381549835 0.07354551553726196 0.08807298541069031 0.9220080292387208
2 0.2671995162963867 0.45250168442726135 0.02766120433807373 0.08911013603210449 0.9177409776246436
1 0.8096600770950317 0.44382619857788086 0.08497977256774902 0.05962640047073364 0.9174200277710258
1 0.643374 0.460568 0.05085139999999999 0.07075500000000001 0.876905
0 0.7556924223899841 0.46336454153060913 0.020914912223815918 0.10284841060638428 0.8339209606134922
1 0.5184878259897232 0.4300899803638458 0.044332355260849 0.02929544448852539 0.7973750013632185
1 0.17821406573057175 0.4323185235261917 0.03763763606548309 0.026918023824691772 0.7656666915584893
0 0.631138 0.433278 0.006882480000000024 0.036739100000000025 0.744567
0 0.674985 0.441013 0.011696099999999987 0.05696869999999998 0.634839
2 0.266097 0.459201 0.02172850000000004 0.05360600000000004 0.5718773758315528
1 0.123862 0.44104 0.03622560000000001 0.03226339999999994 0.5097700789976437
