1 0.7037887573242188 0.5174403190612793 0.1365973949432373 0.19147014617919922 0.9659860206732251
1 0.16720497235655785 0.4991708844900131 0.1633821204304695 0.17998555302619934 0.9564350430014239
1 0.5937770903110504 0.4620780497789383 0.05935138463973999 0.08976659178733826 0.9231679644972102
1 0.07511169019562658 0.55636265873909 0.14949112528120168 0.1912115216255188 0.9140239559932547
1 0.6416469812393188 0.48024044930934906 0.08504271507263184 0.12345519661903381 0.8992300051359653
1 0.5586056709289551 0.44546253979206085 0.039728522300720215 0.06076309084892273 0.8827100004091201
1 0.40734249353408813 0.4386913478374481 0.030708372592926025 0.03888118267059326 0.8684740324360469
1 0.427215 0.436327 0.02929090000000001 0.03918049999999995 0.542648
1 0.501145 0.421901 0.014313299999999973 0.026145100000000032 0.41551669673065217
1 0.531432 0.438347 0.017059500000000005 0.032045699999999955 0.3639007714005738
