1 0.9008314907550812 0.5900033712387085 0.19815045595169067 0.2444394826889038 0.9627170124945792
1 0.5313983261585236 0.44037145376205444 0.04670506715774536 0.05090594291687012 0.9321560230010882
0 0.789386510848999 0.46278226375579834 0.026726841926574707 0.11165523529052734 0.893327032536316
0 0.7319977581501007 0.45951874554157257 0.015978753566741943 0.07888826727867126 0.8428910108231057
1 0.342936 0.440431 0.0828953 0.05273799999999995 0.8163630648663621
0 0.6637918949127197 0.4474955350160599 0.016009807586669922 0.06908699870109558 0.8085880440417069
0 0.696144163608551 0.4393530786037445 0.009965062141418457 0.048217713832855225 0.713742791664587
1 0.014098293858296529 0.4382835030555725 0.02813973694537708 0.038090527057647705 0.6693459931226061
1 0.67126 0.443387 0.032878900000000044 0.03630129999999998 0.619985
1 0.0821081 0.439521 0.018807400000000002 0.015192500000000053 0.4099713221507526
