1 0.4988141506910324 0.4838532507419586 0.084801584482193 0.134718120098114 0.9569869926499982
0 0.703307718038559 0.46914370357990265 0.027361571788787842 0.12589368224143982 0.9255989928102581
1 0.8786773383617401 0.4550327956676483 0.08368557691574097 0.05417788028717041 0.9192350261599695
0 0.6284101903438568 0.4482709616422653 0.017018377780914307 0.08011099696159363 0.8761359674632991
0 0.2576816827058792 0.44669970870018005 0.013285428285598755 0.07017213106155396 0.7866729554610682
1 0.44401542842388153 0.4458194971084595 0.0326637327671051 0.04354524612426758 0.6809225382485202
1 0.4839963912963867 0.4460669159889221 0.08515357971191406 0.07301855087280273 0.6675351083034183
0 0.651838 0.460802 0.010952800000000096 0.04422499999999996 0.588415
1 0.436964 0.451719 0.015108099999999958 0.03212550000000003 0.472366409778184
1 0.539815 0.464617 0.015529399999999915 0.04353079999999998 0.4691452262468343
