1 0.5565018057823181 0.43779072165489197 0.035416364669799805 0.03794139623641968 0.9011790144862886
0 0.9738049209117889 0.5362087041139603 0.04771524667739868 0.14952382445335388 0.870600016698533
1 0.07431120831461158 0.5370122641324997 0.14855880223331042 0.23238494992256165 0.8669819949792683
0 0.773568868637085 0.45293939113616943 0.013572216033935547 0.059725403785705566 0.857586784482222
0 0.877257 0.472467 0.016777800000000065 0.093252 0.834783
0 0.611444 0.432007 0.006687990000000088 0.03285570000000004 0.725983
0 0.915571 0.4585699999999999 0.022801400000000083 0.08776869999999998 0.722416
0 0.644734 0.432286 0.007288870000000003 0.031870900000000035 0.716907
0 0.915732 0.450335 0.014419600000000088 0.06594940000000005 0.7080054675799424
1 0.474812 0.428566 0.021222300000000027 0.02188610000000002 0.67803
0 0.628891 0.435956 0.00712394999999999 0.03658459999999997 0.6398408484850496
0 0.362151 0.447786 0.008858009999999972 0.047709699999999966 0.62944
1 0.95537 0.466323 0.08925629999999996 0.07326310000000003 0.5876923811621716
1 0.504321 0.434745 0.02097020000000005 0.01671520000000004 0.5271468664828037
1 0.447429 0.427747 0.019348200000000038 0.016372900000000024 0.4307510427441945
