1 0.82108074426651 0.5355384051799774 0.17030549049377441 0.19135254621505737 0.964894005022038
1 0.7096909284591675 0.489540159702301 0.07966828346252441 0.1063469648361206 0.948578033355083
1 0.9377512633800507 0.4557575285434723 0.12440329790115356 0.08919769525527954 0.9322260450995989
1 0.12691252678632736 0.4495745599269867 0.039608731865882874 0.04345589876174927 0.8953210169159699
1 0.04095689486712217 0.44479554891586304 0.04399474896490574 0.05716407299041748 0.883016964125568
1 0.6744984090328217 0.4376649856567383 0.040031254291534424 0.03003072738647461 0.8636089591921299
1 0.10203763842582703 0.43680308759212494 0.05661460757255554 0.03508672118186951 0.8393795762668482
1 0.014583102478354704 0.4455949515104294 0.02884708893543575 0.03921672701835632 0.7571989082160655
0 0.808585 0.462032 0.026838700000000104 0.10917200000000005 0.66635
1 0.475033 0.455775 0.028691400000000034 0.016358399999999995 0.5049530208982597
