1 0.21427670121192932 0.46166254580020905 0.07663929462432861 0.07634100317955017 0.95308001550855
1 0.34098100662231445 0.4501977115869522 0.05092364549636841 0.06008824706077576 0.9157939793528677
2 0.3020113855600357 0.4535646289587021 0.02917817234992981 0.09149262309074402 0.9089860214069305
0 0.7438013255596161 0.4520946592092514 0.02168494462966919 0.08031848073005676 0.8564969627349046
0 0.6195330619812012 0.43259112536907196 0.0072481632232666016 0.0364241898059845 0.8069059596622079
2 0.5106624960899353 0.43679021298885345 0.013811349868774414 0.05094841122627258 0.7942045360333905
1 0.5144157707691193 0.43071091175079346 0.02294236421585083 0.030750751495361328 0.7053689805379191
2 0.305514 0.469375 0.026853600000000033 0.05675719999999995 0.6034965424276696
2 0.390448 0.432205 0.014408199999999982 0.03540359999999998 0.5441441496991344
1 0.980688 0.474811 0.03796200000000005 0.09139880000000006 0.5423260129589429
