1 0.34888455271720886 0.45896971225738525 0.04762005805969238 0.05340588092803955 0.9115280246907254
1 0.8350760340690613 0.45593123137950897 0.11003494262695312 0.06794556975364685 0.8997189714609444
1 0.7812283039093018 0.4434410184621811 0.10509395599365234 0.06275483965873718 0.8983910197310938
1 0.4300376921892166 0.41150711476802826 0.03910800814628601 0.06994780898094177 0.8873180212496268
1 0.4992041438817978 0.44019314646720886 0.028417140245437622 0.03762626647949219 0.8790310064448074
1 0.9502626657485962 0.444975882768631 0.06786644458770752 0.0429304838180542 0.8658889737888075
1 0.8824039399623871 0.43693673610687256 0.06717115640640259 0.04643923044204712 0.8142120251992482
1 0.983753 0.45268 0.03249360000000001 0.037107699999999966 0.5981276411224494
1 0.58567 0.428353 0.02170939999999999 0.021566900000000055 0.4998281257254541
1 0.47918 0.42679 0.011878799999999967 0.016530999999999962 0.4026000049783359
1 0.500095 0.41594 0.018734500000000043 0.024092800000000025 0.38124359448097245
