1 0.8174697160720825 0.4425646513700485 0.08021020889282227 0.06010368466377258 0.9189289765701341
1 0.5467393696308136 0.4360656440258026 0.029615581035614014 0.05090838670730591 0.8988649943796293
1 0.699156790971756 0.4353501498699188 0.06484657526016235 0.039470791816711426 0.8822320036034899
1 0.7504267692565918 0.4446343183517456 0.07567775249481201 0.039411842823028564 0.8692706937787638
1 0.4996846169233322 0.406604528427124 0.034075766801834106 0.07834100723266602 0.8445819622307451
1 0.47237177193164825 0.41828177869319916 0.023668795824050903 0.0415937602519989 0.7988340388492889
1 0.719548 0.438995 0.05182829999999994 0.03638370000000002 0.762727
1 0.527444 0.405871 0.031303199999999975 0.05905249999999995 0.756225
1 0.6317041516304016 0.42934955656528473 0.0327298641204834 0.028284519910812378 0.7398320108891512
1 0.6572273671627045 0.43554407358169556 0.048164188861846924 0.02685856819152832 0.6976260081864766
1 0.681423 0.433675 0.05663259999999992 0.03429890000000002 0.546272
1 0.710327 0.442987 0.031170300000000095 0.03375260000000002 0.48250859846629385
