2 0.5381711721420288 0.5438795685768127 0.06960320472717285 0.27232861518859863 0.9631859594467465
1 0.7103304266929626 0.48180150985717773 0.08272600173950195 0.12087535858154297 0.9497199603193078
0 0.09370551444590092 0.5734577476978302 0.07322258874773979 0.25367480516433716 0.9415909980057744
1 0.808392196893692 0.43944115936756134 0.06996291875839233 0.048714011907577515 0.8947290285217719
0 0.849338948726654 0.4661344289779663 0.0255812406539917 0.12541675567626953 0.8873299963082494
1 0.3222377449274063 0.4450763761997223 0.03743121027946472 0.04621022939682007 0.8786520095513014
1 0.681391030550003 0.4538853019475937 0.04725843667984009 0.06102117896080017 0.8762849701011223
0 0.218882 0.453621 0.016242599999999996 0.08650659999999999 0.859606
1 0.299143 0.436823 0.03739579999999998 0.04283749999999997 0.753936735047888
1 0.573817 0.424937 0.018752300000000055 0.011113999999999957 0.5875397824006813
