1 0.3074745833873749 0.46042580902576447 0.07271581888198853 0.08017012476921082 0.9562520348536191
1 0.9230133593082428 0.4923516511917114 0.09717851877212524 0.11787295341491699 0.9540289703448948
1 0.6612959802150726 0.4637541323900223 0.052761852741241455 0.05941155552864075 0.9368649634196052
1 0.877106100320816 0.4720739871263504 0.05717188119888306 0.07861575484275818 0.902919968619627
0 0.19489137083292007 0.4648343026638031 0.016500607132911682 0.0874285101890564 0.8823310035156141
0 0.914304 0.443615 0.014287600000000067 0.06959170000000003 0.8267950000000001
1 0.34219375252723694 0.43783000111579895 0.03150099515914917 0.04445040225982666 0.8142300334935128
1 0.37320783734321594 0.4336574077606201 0.0397377610206604 0.02778548002243042 0.8105105437202702
0 0.954567 0.452121 0.013050100000000064 0.06115689999999996 0.6524067326623619
1 0.880865 0.444072 0.0475388000000001 0.05025869999999999 0.4874887403387815
