1 0.24108020961284637 0.46306832134723663 0.15033355355262756 0.11430022120475769 0.9518970442594279
1 0.813410222530365 0.4713173657655716 0.07020246982574463 0.1046195924282074 0.9500440182034079
1 0.02821430377662182 0.4502234309911728 0.05631231889128685 0.072206050157547 0.9452130418821338
1 0.619226723909378 0.44191111624240875 0.04922682046890259 0.04319879412651062 0.9448460200472505
1 0.44073930382728577 0.4524214118719101 0.06356167793273926 0.05428829789161682 0.9331559861024056
1 0.5102375894784927 0.43839505314826965 0.05020126700401306 0.0329211950302124 0.8577899948281612
1 0.3059499263763428 0.46165426075458527 0.06351101398468018 0.06473115086555481 0.8451159949977162
1 0.7700395882129669 0.4378194808959961 0.0289573073387146 0.04188960790634155 0.828814009467931
1 0.496741 0.436518 0.04306199999999999 0.030332400000000037 0.652024
2 0.32407 0.463216 0.026920100000000002 0.05870900000000001 0.46696193928060276
