1 0.4344450533390045 0.5001383870840073 0.09664702415466309 0.1664159595966339 0.95800496404558
1 0.5221447646617889 0.46783608198165894 0.06562227010726929 0.07385694980621338 0.9567399956393245
0 0.6985139548778534 0.47805818915367126 0.024963319301605225 0.11892718076705933 0.9015640446154365
0 0.9462106823921204 0.5341306030750275 0.10757863521575928 0.26695650815963745 0.8755959928733474
1 0.37904585897922516 0.44055403769016266 0.03127202391624451 0.038907796144485474 0.8605200339561291
1 0.407598078250885 0.46240024268627167 0.05239546298980713 0.07474026083946228 0.8572239676297557
2 0.3458870202302933 0.44552837312221527 0.011967986822128296 0.04393836855888367 0.7908013340680425
1 0.2954361140727997 0.4288625121116638 0.02243572473526001 0.02259117364883423 0.7562319907917868
1 0.27305448055267334 0.4391731172800064 0.021063804626464844 0.027502208948135376 0.6175815626162391
1 0.2602302357554436 0.4276922643184662 0.0235569030046463 0.018558382987976074 0.6093589937375946
1 0.390384 0.464702 0.018006999999999995 0.06831730000000003 0.5324118855174721
1 0.23656 0.427644 0.016271800000000003 0.016807600000000034 0.527167
1 0.33776721358299255 0.42969825863838196 0.01783275604248047 0.01910322904586792 0.5149593780840256
1 0.358343 0.432299 0.021678599999999992 0.023997200000000052 0.40123817428582614
