1 0.7265768349170685 0.4562956541776657 0.08687597513198853 0.04952231049537659 0.929203028392353
2 0.8764552175998688 0.44712860882282257 0.03896826505661011 0.05974438786506653 0.9274540299448255
1 0.4449291229248047 0.4413696378469467 0.038281381130218506 0.05288371443748474 0.9094409822219279
1 0.04795918986201286 0.4516300857067108 0.09591837972402573 0.06956702470779419 0.8763842442512302
0 0.2670675218105316 0.46294015645980835 0.014654695987701416 0.07284152507781982 0.8600930454154715
1 0.49921509623527527 0.4301891475915909 0.018913090229034424 0.031876713037490845 0.8534900346560371
0 0.5886599719524384 0.4450642317533493 0.009094417095184326 0.04884263873100281 0.8396959554874039
1 0.9730018973350525 0.4430341571569443 0.05391287803649902 0.05935332179069519 0.7711740301602868
1 0.4724239557981491 0.4291670620441437 0.020442992448806763 0.02311885356903076 0.7619784192090607
0 0.40446485579013824 0.43222925066947937 0.0062361061573028564 0.03447091579437256 0.6930310136501966
0 0.5649574100971222 0.43700121343135834 0.007284939289093018 0.03826829791069031 0.522180018489136
1 0.691051 0.461175 0.0219571999999999 0.02264849999999996 0.4569040025180028
1 0.623795 0.444149 0.025313799999999942 0.020249799999999984 0.4097759448407339
