1 0.4986265301704407 0.496595099568367 0.07643187046051025 0.12223395705223083 0.9485910139529793
0 0.7738640904426575 0.4887509196996689 0.03434467315673828 0.17015352845191956 0.9469750209275576
1 0.4992515742778778 0.45111171901226044 0.04854053258895874 0.08651217818260193 0.8884319759395118
0 0.6390165090560913 0.45748451352119446 0.01778590679168701 0.08835738897323608 0.8839759743546491
2 0.43642379343509674 0.44463588297367096 0.01770678162574768 0.06436625123023987 0.8778559880972132
0 0.33534394204616547 0.4514074921607971 0.012267202138900757 0.0616794228553772 0.8269269779019293
0 0.32485173642635345 0.4524734914302826 0.011081010103225708 0.060922324657440186 0.822744391586839
1 0.4636569172143936 0.434237077832222 0.02200189232826233 0.03119298815727234 0.8099865663460357
1 0.475716 0.427259 0.015381199999999984 0.02409870000000003 0.5471894067444725
1 0.499475 0.42553 0.03569620000000001 0.030576900000000018 0.4617557513318508
