1 0.5897514820098877 0.41678428649902344 0.0795140266418457 0.1691797971725464 0.9459909636292962
1 0.9250351190567017 0.46223020553588867 0.13214337825775146 0.0679018497467041 0.9248100101310855
1 0.787786990404129 0.44219715893268585 0.10061043500900269 0.05939874053001404 0.9171629753676156
1 0.44158774614334106 0.44633711874485016 0.03653216361999512 0.04855117201805115 0.9149529828694488
1 0.7413009405136108 0.4392465054988861 0.08068609237670898 0.04958200454711914 0.9121309826042723
1 0.8258376121520996 0.4498082399368286 0.07475495338439941 0.05550581216812134 0.9116499691808211
1 0.7025775611400604 0.4404815584421158 0.06573671102523804 0.033585578203201294 0.8737210277786296
1 0.8896315097808838 0.45985472202301025 0.12037765979766846 0.05913043022155762 0.8669154465618847
1 0.522725 0.421315 0.023108200000000023 0.04241380000000006 0.7701218011722442
1 0.191018 0.431939 0.028164599999999984 0.03122720000000001 0.47270632271903446
2 0.866258 0.4714 0.026446200000000086 0.04413699999999998 0.41175513878051473
1 0.660502 0.43144 0.03266100000000005 0.03774180000000005 0.3863161414444327
1 0.333813 0.442483 0.018177 0.011708799999999964 0.38053253728205677
