0 0.7790583968162537 0.5505844205617905 0.03697097301483154 0.1655731499195099 0.9407080431108459
1 0.35660798847675323 0.4563060849905014 0.048248857259750366 0.05451503396034241 0.9322240340210517
1 0.4143560379743576 0.43665288388729095 0.028830140829086304 0.03696277737617493 0.9082389971392676
1 0.7490678131580353 0.44252732396125793 0.07856124639511108 0.06059741973876953 0.9078450085693182
1 0.9064598083496094 0.45372410118579865 0.05559539794921875 0.05729684233665466 0.8880750094973651
1 0.4469968378543854 0.41434910893440247 0.027050793170928955 0.05125159025192261 0.8788459872184552
1 0.4990452080965042 0.4309316575527191 0.017716139554977417 0.02478545904159546 0.8677290192469312
1 0.6920625865459442 0.44404175877571106 0.07262569665908813 0.038503170013427734 0.8667210118314247
1 0.6516952812671661 0.4347045123577118 0.07192474603652954 0.04246854782104492 0.8245592071504602
0 0.5470375120639801 0.4341616779565811 0.008238017559051514 0.03776833415031433 0.7518560209918408
1 0.4677944779396057 0.4338367134332657 0.01921314001083374 0.0234355628490448 0.7189089782146325
1 0.09045362304777882 0.6941698491573334 0.18088278509912925 0.43540459871292114 0.698635112553918
1 0.668359 0.438349 0.05225980000000008 0.03847540000000005 0.531854
1 0.905245 0.455159 0.02627299999999999 0.04649369999999997 0.5127862710415757
1 0.65609 0.442492 0.02890820000000005 0.03217570000000003 0.5060105278253498
1 0.696709 0.443732 0.03701029999999994 0.03291860000000002 0.38734169074460545
