1 0.35792146623134613 0.448409304022789 0.045775145292282104 0.05844035744667053 0.9289530147638584
0 0.5971185564994812 0.4858439117670059 0.030278563499450684 0.12900206446647644 0.9145089915738004
1 0.3890775144100189 0.4464086443185806 0.04034203290939331 0.041897088289260864 0.896138977408756
1 0.3029033839702606 0.43808266520500183 0.024636447429656982 0.02769017219543457 0.8887269645973371
1 0.2655048072338104 0.43459540605545044 0.028105974197387695 0.028409898281097412 0.8816450429056603
0 0.462421 0.444993 0.012325999999999948 0.05228069999999996 0.811241
1 0.2344433069229126 0.4299805164337158 0.016576141119003296 0.020013511180877686 0.7240734279241143
1 0.184698 0.423415 0.019735500000000017 0.014730800000000044 0.6754635417569737
0 0.140943 0.436696 0.007335119999999973 0.038788500000000004 0.541509
1 0.200733 0.428818 0.01430140000000002 0.01611790000000002 0.521296564063673
