1 0.8013685345649719 0.5637901574373245 0.3965635299682617 0.3232879340648651 0.9565379736579814
1 0.24445262551307678 0.47312648594379425 0.07389038801193237 0.11361989378929138 0.9545119948468932
1 0.051550162956118584 0.43659737706184387 0.049429912120103836 0.024763762950897217 0.8878349598489457
1 0.007967690237426162 0.44725584983825684 0.015935364647580386 0.053714632987976074 0.8470980043187475
1 0.01460238010622561 0.44422203302383423 0.024425949435681105 0.03528207540512085 0.8329710002378738
0 0.288329 0.441382 0.013080100000000039 0.06139220000000001 0.8001640000000001
1 0.18651026487350464 0.4452873766422272 0.030555754899978638 0.041314899921417236 0.7905150296130351
1 0.17583713680505753 0.441236287355423 0.03321470320224762 0.0357169508934021 0.7887049675077985
1 0.221831 0.457266 0.048012600000000016 0.06494849999999996 0.7428536501567552
0 0.14308824390172958 0.43201780319213867 0.005216851830482483 0.026124000549316406 0.7021820152227372
