1 0.48645223677158356 0.47984643280506134 0.0633288323879242 0.09192201495170593 0.9461089773749587
0 0.8949402570724487 0.49840931594371796 0.03248763084411621 0.1613169014453888 0.9233519781842887
1 0.28711003065109253 0.432247519493103 0.02886277437210083 0.02677983045578003 0.8678549858941216
0 0.6176386475563049 0.45992352068424225 0.009548306465148926 0.04896816611289978 0.8166299815017387
1 0.4041425585746765 0.4413613826036453 0.033905744552612305 0.03260532021522522 0.8124099159955395
0 0.552191 0.441742 0.014998599999999973 0.055923399999999956 0.8101333883831318
1 0.321172 0.434968 0.021901500000000018 0.02465090000000003 0.807511
0 0.48929931223392487 0.44495806097984314 0.011475414037704468 0.05615907907485962 0.793170018946124
1 0.25372712314128876 0.42891357839107513 0.015495091676712036 0.020508915185928345 0.7907009629659997
0 0.4331154376268387 0.43650639057159424 0.007909685373306274 0.03768801689147949 0.7365740179361848
0 0.419919952750206 0.4336508512496948 0.007102519273757935 0.03849673271179199 0.6851699818467611
1 0.970086 0.49418699999999993 0.05904200000000004 0.07704039999999995 0.6434087132088936
