1 0.497702956199646 0.5419899076223373 0.14550185203552246 0.22010889649391174 0.9668359755974457
1 0.21343468874692917 0.4382297396659851 0.04435102641582489 0.043846309185028076 0.8827300197819319
0 0.6058133542537689 0.44458387792110443 0.013988673686981201 0.06388774514198303 0.87457098270285
0 0.28161028027534485 0.4505625218153 0.015963852405548096 0.08165845274925232 0.8594059878535828
0 0.3192913383245468 0.4435975104570389 0.013960212469100952 0.06830617785453796 0.8155578023980409
1 0.154293 0.442659 0.04529650000000002 0.03701140000000003 0.814768
1 0.49982137978076935 0.43057793378829956 0.020863384008407593 0.03260320425033569 0.7701889673227519
0 0.4059596657752991 0.4322981834411621 0.005218923091888428 0.02892589569091797 0.6895939890001894
1 0.167269 0.447518 0.02857510000000002 0.022699899999999995 0.44046470870772797
1 0.498265 0.424715 0.019808200000000054 0.018528199999999995 0.42137874234091677
