1 0.4982883036136627 0.5064407587051392 0.08652585744857788 0.13613808155059814 0.963243000947361
1 0.8880855739116669 0.49026986956596375 0.22347921133041382 0.1632053256034851 0.948744038747897
1 0.3979191333055496 0.44443662464618683 0.03635743260383606 0.03722873330116272 0.9175599805553861
1 0.3261135369539261 0.44339415431022644 0.028215020895004272 0.034275949001312256 0.9071680064001659
1 0.2771897166967392 0.4336581826210022 0.02667495608329773 0.026604533195495605 0.8794349589948321
1 0.3144453316926956 0.43658697605133057 0.024838298559188843 0.029087603092193604 0.8028570186578522
1 0.21605727076530457 0.4305221736431122 0.022542119026184082 0.024534285068511963 0.7819790067189947
1 0.24497800000000003 0.430321 0.016888900000000012 0.022495900000000013 0.7669470000000002
1 0.23318278044462204 0.42954206466674805 0.01729811728000641 0.02169346809387207 0.7078609810960149
1 0.309416 0.44058 0.015166400000000024 0.01885530000000002 0.45186268687175746
