1 0.6690121591091156 0.4990999400615692 0.11492186784744263 0.15589064359664917 0.9678180218171597
1 0.2937020808458328 0.47255831956863403 0.062186866998672485 0.08156883716583252 0.945735008177821
1 0.3908730447292328 0.4488910883665085 0.04484158754348755 0.060648173093795776 0.9208340164304003
1 0.5630123913288116 0.4514356255531311 0.03512448072433472 0.04616069793701172 0.9105789784417194
1 0.36867377161979675 0.4374220073223114 0.03877365589141846 0.04446691274642944 0.8869560271111118
1 0.5017215758562088 0.4426293820142746 0.023570269346237183 0.03514835238456726 0.8782529932849836
1 0.5511610209941864 0.4445183277130127 0.027963101863861084 0.04032820463180542 0.8750139684592249
1 0.05552675205399282 0.5430711507797241 0.11095751071115956 0.20626592636108398 0.8655795419305061
1 0.938887 0.471549 0.12222599999999995 0.09922399999999998 0.7852626694821258
1 0.9531157910823822 0.7786622047424316 0.092776358127594 0.44257068634033203 0.5431562076261665
