1 0.2908374071121216 0.4841872304677963 0.09756940603256226 0.1303131878376007 0.9632470231044556
1 0.5678167641162872 0.47370535135269165 0.056498825550079346 0.082497239112854 0.9424089584985605
1 0.3301694095134735 0.4697849005460739 0.07082891464233398 0.08986428380012512 0.9245280020711565
1 0.39763958752155304 0.4500643163919449 0.04363963007926941 0.0594048798084259 0.9221459709445338
1 0.4422421455383301 0.4429790526628494 0.03627324104309082 0.054732948541641235 0.8877000347609537
1 0.4993068128824234 0.4421806037425995 0.02573046088218689 0.0391882061958313 0.8683080270432328
1 0.5370199084281921 0.44546933472156525 0.0364987850189209 0.048953503370285034 0.8270069639805153
1 0.321398 0.431224 0.028793199999999963 0.04086719999999999 0.7955510891247429
1 0.350733 0.470123 0.030030699999999966 0.08618329999999996 0.6349646366056306
1 0.5221301913261414 0.43320703506469727 0.027699947357177734 0.035179316997528076 0.6097139948075248
1 0.0561711 0.607104 0.112342 0.36703700000000006 0.6071723958328918
2 0.250455 0.523093 0.019145999999999996 0.05417160000000004 0.5644755536516239
