1 0.4283377528190613 0.5824009329080582 0.15861129760742188 0.2561623752117157 0.9665810256852441
1 0.5062572509050369 0.4667428582906723 0.06474193930625916 0.07159271836280823 0.9425040276662514
1 0.3209744989871979 0.44281698763370514 0.034947335720062256 0.042328447103500366 0.9177449997817382
1 0.3672560602426529 0.44088731706142426 0.034763723611831665 0.03807374835014343 0.9007409650136209
1 0.40408802032470703 0.4477568119764328 0.0342787504196167 0.03973439335823059 0.8945179566869661
1 0.24667120724916458 0.42774687707424164 0.02247624099254608 0.0198422372341156 0.8398540079786899
1 0.3000759780406952 0.43821103870868683 0.021056830883026123 0.029085010290145874 0.7676370000588818
1 0.2751505523920059 0.4278239458799362 0.01738068461418152 0.020438283681869507 0.6936342915080578
1 0.3369750529527664 0.4348577857017517 0.039438098669052124 0.032587409019470215 0.5973890085176986
1 0.280504 0.440409 0.02212219999999998 0.02037330000000004 0.4653306476884017
