1 0.11637230962514877 0.519194096326828 0.14495329558849335 0.1567787528038025 0.9710520189465502
1 0.6287373006343842 0.480529323220253 0.08099514245986938 0.11913201212882996 0.9611919750670925
1 0.2739119529724121 0.4705081731081009 0.09471148252487183 0.1189405620098114 0.9483059892752292
1 0.22092386335134506 0.4977070987224579 0.10779906809329987 0.10492712259292603 0.9435600267289095
1 0.6010359525680542 0.4653638005256653 0.05986177921295166 0.09569776058197021 0.8966156030244675
1 0.5477191805839539 0.4412735104560852 0.03099679946899414 0.05013209581375122 0.8588970021557919
1 0.5723750591278076 0.4519175589084625 0.04657638072967529 0.07221084833145142 0.8129204557085715
1 0.4639267027378082 0.4321698993444443 0.021275103092193604 0.03091445565223694 0.7991379859479159
1 0.41865 0.439961 0.025034200000000006 0.030658999999999992 0.6428908543908886
1 0.438574 0.436569 0.016611700000000007 0.021847199999999956 0.440612875887073
1 0.478274 0.42791 0.010839700000000008 0.01966330000000005 0.3768828310261306
