1 0.577675849199295 0.6526127755641937 0.24389952421188354 0.41451460123062134 0.9713279937708375
2 0.43220242857933044 0.4577724039554596 0.053454816341400146 0.0849485993385315 0.9450930170579241
1 0.927013099193573 0.4587579220533371 0.06376051902770996 0.0747927725315094 0.9289169981753294
1 0.3256077170372009 0.44102706015110016 0.06375068426132202 0.05061367154121399 0.9165059925712753
1 0.8648798167705536 0.4423539787530899 0.04160219430923462 0.05319741368293762 0.9148689746337682
1 0.800698459148407 0.4399058222770691 0.04612410068511963 0.03702545166015625 0.9059150130525331
1 0.5279006510972977 0.45345526933670044 0.060155123472213745 0.05112135410308838 0.8951280447880897
1 0.6157889664173126 0.4492637515068054 0.08257359266281128 0.07343006134033203 0.8848280317700782
1 0.707221 0.434811 0.04316080000000011 0.02885110000000002 0.8294060000000001
1 0.9555534422397614 0.5358027666807175 0.08848041296005249 0.3565268814563751 0.7690740070935932
1 0.6441160440444946 0.4467437267303467 0.04578351974487305 0.04100370407104492 0.7479460272325718
1 0.34054 0.443646 0.034296299999999946 0.04653969999999996 0.6581375476693763
