1 0.8414440751075745 0.7144085466861725 0.3169574737548828 0.5637602210044861 0.9686199850942286
1 0.23984473943710327 0.49142906069755554 0.13319522142410278 0.16332536935806274 0.962960992887432
1 0.14721684902906418 0.5389371514320374 0.1696929782629013 0.1634368896484375 0.9611399612628464
1 0.4996225833892822 0.5150864273309708 0.09531748294830322 0.1496879756450653 0.958943040775237
1 0.3904310613870621 0.44960349798202515 0.04979774355888367 0.0675818920135498 0.9278229714455949
1 0.7893034815788269 0.4529591351747513 0.11760783195495605 0.08211526274681091 0.9176820164581431
1 0.5721795856952667 0.47227029502391815 0.06553834676742554 0.11151817440986633 0.8825995739143406
1 0.4252529442310333 0.4386197030544281 0.027764439582824707 0.03866410255432129 0.8569639900211858
1 0.49992653727531433 0.4637463688850403 0.04512733221054077 0.06650012731552124 0.8144868116589392
1 0.5377618372440338 0.44961366057395935 0.050926387310028076 0.06571251153945923 0.8126529822617798
1 0.05186775818674505 0.606562465429306 0.1036805859166634 0.2840574383735657 0.6806659886147468
0 0.603339 0.445032 0.010910600000000104 0.055807300000000004 0.6046509982410007
1 0.499092 0.441704 0.032669599999999965 0.01755680000000004 0.5408588673595457
1 0.443423 0.438266 0.017556400000000028 0.02310599999999996 0.5062167997809087
1 0.477853 0.426342 0.016372700000000018 0.015494600000000025 0.47175049915031825
1 0.457483 0.433176 0.014973299999999967 0.01791699999999996 0.4346535047766504
