1 0.5044285356998444 0.5196627974510193 0.11563640832901001 0.1543811559677124 0.9612109889006307
1 0.034687025497987634 0.4850306063890457 0.06934452424320625 0.1072063148021698 0.957957977937702
1 0.40477102994918823 0.4653862416744232 0.064261794090271 0.08936470746994019 0.9523520050744252
1 0.13977200537919998 0.4592527151107788 0.04551093280315399 0.06358063220977783 0.9215120241388262
1 0.21909699589014053 0.455100417137146 0.04148460924625397 0.06001842021942139 0.917852958134664
1 0.59733846783638 0.45158474147319794 0.11056393384933472 0.06522640585899353 0.8951179893953533
0 0.553202897310257 0.48143070936203003 0.02836829423904419 0.11908078193664551 0.879928038889567
1 0.17765862494707108 0.43441322445869446 0.03529559075832367 0.039018452167510986 0.8338879606427841
1 0.20547625422477722 0.4434382766485214 0.03818768262863159 0.0504736602306366 0.8262250200762582
1 0.3459108918905258 0.4434962570667267 0.028722316026687622 0.03695148229598999 0.7933533013319126
1 0.335868 0.440458 0.01691290000000001 0.02902950000000004 0.41198755788536967
