1 0.31928689777851105 0.47548767924308777 0.07981833815574646 0.11083763837814331 0.9520420247401564
1 0.16117441281676292 0.46676163375377655 0.08103299885988235 0.10987046360969543 0.9480950088530846
0 0.023318049032241106 0.47821201384067535 0.022396056912839413 0.11558172106742859 0.8889700308635775
1 0.721091240644455 0.43739351630210876 0.04812973737716675 0.024885118007659912 0.8579764766570932
1 0.42875419557094574 0.4372764974832535 0.04348018765449524 0.024751991033554077 0.8394329612610131
1 0.7761110961437225 0.43567654490470886 0.04442209005355835 0.027405381202697754 0.7991329582515476
0 0.09841742739081383 0.44598565995693207 0.015370689332485199 0.06412020325660706 0.7127696124730134
2 0.276458 0.443576 0.016969800000000035 0.06232570000000004 0.6676666088113933
1 0.314126 0.440062 0.0431165 0.05253260000000004 0.652412
1 0.662556 0.434658 0.04199660000000005 0.027285299999999957 0.5193262165332351
