1 0.45679931342601776 0.4562773108482361 0.05294427275657654 0.05758249759674072 0.9404009879817368
2 0.38755662739276886 0.4585043787956238 0.02605530619621277 0.0839076042175293 0.8916090229809491
0 0.5363919138908386 0.44867703318595886 0.015152812004089355 0.07251948118209839 0.8909049626640696
0 0.5872130692005157 0.4548027217388153 0.020460426807403564 0.0893634557723999 0.8866869996490789
0 0.12027343735098839 0.4504515826702118 0.015323318541049957 0.08086180686950684 0.8771720385658067
1 0.3581535220146179 0.44301629066467285 0.03048032522201538 0.03349161148071289 0.830880027024643
0 0.44314342737197876 0.4404617249965668 0.010539889335632324 0.05121588706970215 0.6960660054160651
1 0.18786907196044922 0.4274265766143799 0.023967593908309937 0.01961463689804077 0.5716609150113677
1 0.29527 0.431421 0.018580599999999947 0.025834899999999994 0.510701
1 0.55786 0.94679 0.09660880000000005 0.10583000000000009 0.37103240637110885
