1 0.18412872403860092 0.4524693191051483 0.1104707270860672 0.09237748384475708 0.9556230243316185
1 0.5541796982288361 0.4441572278738022 0.09356898069381714 0.060371845960617065 0.9512399700504263
1 0.025117324255916174 0.4481116831302643 0.05014774657684029 0.07393288612365723 0.9396800163225275
1 0.36081722378730774 0.46360842883586884 0.1191754937171936 0.06927570700645447 0.9253649763974807
1 0.23495008796453476 0.43993230164051056 0.09648282825946808 0.06295445561408997 0.9190929708844007
1 0.96525838971138 0.5016192495822906 0.06914681196212769 0.14701229333877563 0.9133610313739335
0 0.6509145796298981 0.5420683771371841 0.026921451091766357 0.14899882674217224 0.9067869984281127
1 0.13786618411540985 0.4495193511247635 0.06922677159309387 0.05555972456932068 0.9051390109712566
1 0.33980192244052887 0.4428936392068863 0.08025231957435608 0.04925301671028137 0.885075028780752
1 0.395356 0.450661 0.09360440000000003 0.05572949999999999 0.8790310000000001
1 0.256732 0.440987 0.05189030000000003 0.05689500000000003 0.6434181552350283
1 0.9778998494148254 0.4569971263408661 0.04404628276824951 0.08931976556777954 0.5604338404893787
