1 0.557057648897171 0.4372190684080124 0.03301197290420532 0.04569283127784729 0.8833039998818653
1 0.31198665499687195 0.4559221416711807 0.048417508602142334 0.05186757445335388 0.8722870373617391
1 0.3544958382844925 0.4438471496105194 0.032285720109939575 0.04552102088928223 0.8696810452150755
1 0.3303152620792389 0.4458865523338318 0.05382877588272095 0.06031787395477295 0.8592409880000424
1 0.23414955288171768 0.4384263753890991 0.05023883283138275 0.039334893226623535 0.8533969765668936
1 0.4033748656511307 0.4347345381975174 0.032493144273757935 0.0313701331615448 0.8153640075562095
1 0.3963210880756378 0.4378320872783661 0.026998519897460938 0.028914809226989746 0.803895100838907
0 0.291896 0.436764 0.008942600000000023 0.04215020000000003 0.756725
1 0.43553 0.429257 0.01712020000000003 0.022399599999999964 0.5263508310486753
1 0.531895 0.432885 0.01639579999999996 0.01851159999999996 0.4137510378434569
