1 0.6478670537471771 0.49055978655815125 0.13048964738845825 0.16263705492019653 0.9648180411005466
1 0.1393734049052 0.5093276798725128 0.17090946808457375 0.1780140995979309 0.9643309944414535
1 0.22273852676153183 0.4855470508337021 0.11469806730747223 0.1275489628314972 0.9482409948730868
1 0.3970485180616379 0.4397713392972946 0.03411737084388733 0.048767298460006714 0.9177229693303791
1 0.49932974576950073 0.46658657491207123 0.061878085136413574 0.09252336621284485 0.9142320112102396
1 0.4453198164701462 0.44437891244888306 0.03117510676383972 0.04399019479751587 0.8943739817455112
2 0.49876663088798523 0.4738163650035858 0.030529439449310303 0.11740285158157349 0.8885410312443726
1 0.610929 0.47565 0.062064700000000084 0.07759889999999997 0.8450919411333495
1 0.534764 0.436562 0.038217500000000015 0.026779899999999968 0.6380087036065276
2 0.546334 0.437964 0.013263500000000095 0.039120000000000044 0.608402
