1 0.7095755040645599 0.4548454284667969 0.12237328290939331 0.07424187660217285 0.9446190424093887
1 0.2742544859647751 0.45342598855495453 0.11821684241294861 0.07634106278419495 0.9358500086418444
0 0.7293085157871246 0.4821876734495163 0.028723180294036865 0.1367035210132599 0.9094620071340134
1 0.4987516701221466 0.43771544098854065 0.03106743097305298 0.04416096210479736 0.9004939680029471
0 0.24697621911764145 0.4591890573501587 0.020367100834846497 0.08603107929229736 0.8572537681573204
1 0.4350880980491638 0.44492264091968536 0.05193358659744263 0.062302738428115845 0.8447430313398521
0 0.3887581080198288 0.43314996361732483 0.008064180612564087 0.04330945014953613 0.8388840282302598
1 0.0934995 0.465646 0.110125 0.06327970000000005 0.8213029999999999
0 0.5698400437831879 0.4384050667285919 0.00891941785812378 0.04435253143310547 0.8136306406737542
1 0.474048 0.432108 0.020197299999999974 0.028168700000000046 0.615068982869789
1 0.98596475 0.454536 0.028070499999999998 0.05192529999999995 0.5376726185750516
1 0.524002 0.464722 0.11224199999999995 0.03828140000000002 0.4818113411517289
1 0.986093 0.470177 0.027054799999999934 0.0342247 0.47883710291928766
