1 0.49871620535850525 0.5421216487884521 0.12189048528671265 0.17340970039367676 0.966096995643972
1 0.8686752319335938 0.44914229214191437 0.08899867534637451 0.046044498682022095 0.9231709811150312
1 0.7570988237857819 0.4363597333431244 0.07983797788619995 0.0469280481338501 0.9037309817501586
1 0.49965809285640717 0.4383655786514282 0.02680531144142151 0.03840678930282593 0.8996760075101611
1 0.8101907968521118 0.4442039281129837 0.06269526481628418 0.042179375886917114 0.8958840274965543
1 0.7235477864742279 0.4339592456817627 0.07194584608078003 0.04265105724334717 0.8907000154775668
1 0.5655466616153717 0.43039746582508087 0.02003556489944458 0.028995662927627563 0.8290037821526677
1 0.6784618496894836 0.4318995475769043 0.03888964653015137 0.03073561191558838 0.8142679697479278
1 0.9642350375652313 0.4506882131099701 0.07138508558273315 0.07564693689346313 0.8014371972034541
1 0.698692 0.43532 0.05145589999999989 0.032313099999999984 0.565437
2 0.964252 0.452978 0.07094610000000001 0.06604180000000004 0.38350968075330866
