1 0.897283136844635 0.5109102129936218 0.10204017162322998 0.1261577606201172 0.961133013900592
1 0.11638286896049976 0.4522586166858673 0.11457383260130882 0.09331357479095459 0.9553550024088593
1 0.48961082100868225 0.44382768869400024 0.09242719411849976 0.05994659662246704 0.9527660130171866
1 0.16994980350136757 0.4407309591770172 0.09741642326116562 0.0631600022315979 0.932692980973219
1 0.2981131970882416 0.4635833650827408 0.11288803815841675 0.06912955641746521 0.9287139706547127
1 0.06901013664901257 0.4504249840974808 0.0708448626101017 0.05399182438850403 0.9097829569876312
1 0.8539575636386871 0.44752249121665955 0.06809026002883911 0.06528711318969727 0.9030219851495721
1 0.7321107685565948 0.4512178897857666 0.07900971174240112 0.04355454444885254 0.9013930115262542
1 0.33016344904899597 0.450188085436821 0.09458297491073608 0.05512544512748718 0.8887419562737807
1 0.27656376361846924 0.442364826798439 0.08044159412384033 0.04865118861198425 0.8841990212480776
1 0.191981 0.442487 0.05166100000000001 0.05911999999999995 0.6298427005823887
1 0.275883 0.43739 0.04646309999999998 0.03529939999999998 0.5664060848413257
