1 0.9008322656154633 0.5899979174137115 0.198225200176239 0.24573975801467896 0.23871255666017532
1 0.5314124524593353 0.4403017461299896 0.04696255922317505 0.0511934757232666 0.2185126170516014
0 0.7893844544887543 0.46278953552246094 0.02673858404159546 0.11173200607299805 0.18798495829105377
0 0.7319895327091217 0.45951607823371887 0.01599198579788208 0.07903176546096802 0.1729261428117752
0 0.6637543439865112 0.4473457336425781 0.016021370887756348 0.06903499364852905 0.1698656976222992
1 0.014193531529599568 0.43796171247959137 0.028313457158219535 0.03882220387458801 0.16244995594024658
0 0.6961045265197754 0.43925894796848297 0.010000348091125488 0.04801395535469055 0.1325106918811798
1 0.342936 0.440431 0.0828953 0.05273800000000001 0.08099194496235242
1 0.67126 0.443387 0.032878900000000044 0.03630129999999998 0.07108783475097928
0 0.36680899999999994 0.42171 0.008405209999999996 0.03767609999999999 0.0468640690007343
1 0.445463 0.425141 0.0228796 0.012285199999999996 0.03908419694184811
1 0.368896 0.425196 0.021038 0.012186699999999995 0.0297096531552056
1 0.0821081 0.43952099999999994 0.018807400000000002 0.015192499999999998 0.022206720004052858
