1 0.14458467066287994 0.45644883811473846 0.06388777494430542 0.07364693284034729 0.2350996881723404
1 0.8822389245033264 0.6130325198173523 0.23536181449890137 0.37534868717193604 0.22469546645879745
1 0.6644810140132904 0.47342370450496674 0.07360965013504028 0.08804956078529358 0.2232227548956871
1 0.8096494972705841 0.44381578266620636 0.0850418210029602 0.05967637896537781 0.1921379268169403
2 0.2671732008457184 0.45243819057941437 0.02768087387084961 0.088982492685318 0.1895565688610077
0 0.7556884586811066 0.4632493257522583 0.020880043506622314 0.10275590419769287 0.17091956734657288
1 0.5184941589832306 0.4300701469182968 0.04434901475906372 0.029348284006118774 0.14836353063583374
1 0.6443002223968506 0.4605863243341446 0.05313694477081299 0.07013252377510071 0.140062153339386
1 0.17753111571073532 0.43219679594039917 0.03905870020389557 0.02748173475265503 0.10468889772891998
0 0.631138 0.433278 0.006882480000000024 0.036739100000000025 0.0853724781358136
0 0.674985 0.441013 0.011696099999999987 0.05696869999999998 0.0727910028879359
1 0.123862 0.44104 0.03622560000000001 0.0322634 0.05057464253161661
2 0.2660969999999999 0.45920099999999997 0.021728499999999984 0.05360599999999999 0.030976607571282743
1 0.633093 0.46512699999999996 0.029046099999999964 0.05783569999999999 0.018424844670069468
