1 0.19601596146821976 0.43862108886241913 0.0649733692407608 0.034769028425216675 0.24812890589237213
1 0.26304005831480026 0.4324093461036682 0.05389811098575592 0.03262984752655029 0.22299812734127045
1 0.9500485360622406 0.45472003519535065 0.09496861696243286 0.06403586268424988 0.22230011969804764
1 0.407545730471611 0.46426574885845184 0.06607469916343689 0.08816996216773987 0.22227416932582855
1 0.5057103186845779 0.46549874544143677 0.0592401921749115 0.08569061756134033 0.1887700855731964
1 0.43036097288131714 0.44925616681575775 0.05607736110687256 0.0807364284992218 0.18178784847259521
2 0.5086667984724045 0.4751742333173752 0.04019978642463684 0.14004579186439514 0.16352812945842743
1 0.447153 0.45296800000000004 0.03499059999999998 0.051933300000000016 0.08114643343244683
1 0.482622 0.437876 0.06159939999999997 0.047180200000000005 0.057716348161804217
1 0.11619599999999998 0.689735 0.23239099999999996 0.5295320000000001 0.03758160175692707
2 0.505875 0.440317 0.02259140000000004 0.069295 0.023839077794224003
1 0.401069 0.47858199999999995 0.03903260000000003 0.029323299999999997 0.023360729191412914
