1 0.03583667066413909 0.44417351484298706 0.06758546060882509 0.05495685338973999 0.2516161799430847
1 0.1443680301308632 0.439673587679863 0.04299531877040863 0.045689672231674194 0.22533591091632843
1 0.47888419032096863 0.43191055953502655 0.02315729856491089 0.02606561779975891 0.2248174548149109
0 0.17404284328222275 0.440278559923172 0.01115824282169342 0.0526774525642395 0.15549379587173462
1 0.05448783002793789 0.44351114332675934 0.045693013817071915 0.03652647137641907 0.09490509331226349
0 0.288893 0.426547 0.008318040000000027 0.036402900000000016 0.0865362829419338
1 0.5076896697282791 0.43046504259109497 0.015457957983016968 0.017185628414154053 0.08650617301464081
1 0.611414 0.424432 0.02220080000000002 0.01842189999999999 0.05375649342510331
1 0.4484989494085312 0.432966023683548 0.018597811460494995 0.02155822515487671 0.05338166654109955
1 0.0682089 0.44545899999999994 0.019552299999999995 0.03238849999999999 0.018138319292114832
