1 0.703674852848053 0.5174508690834045 0.13689959049224854 0.19206655025482178 0.24035482853651047
1 0.16600682213902473 0.49918991327285767 0.1657191440463066 0.18063759803771973 0.23885777592658997
1 0.07523760579351801 0.5565585345029831 0.14959117010585032 0.19228628277778625 0.22747237980365753
1 0.5590199530124664 0.44544829428195953 0.04094177484512329 0.06118139624595642 0.21939868479967117
1 0.6421718001365662 0.4821915477514267 0.08647477626800537 0.12788143754005432 0.21365062147378922
1 0.40714187920093536 0.4385903626680374 0.030394941568374634 0.03907868266105652 0.20489222556352615
1 0.5946712493896484 0.4624287784099579 0.06107902526855469 0.09053045511245728 0.1936066523194313
1 0.4275405555963516 0.4369222819805145 0.028827279806137085 0.03795820474624634 0.0761452317237854
1 0.501145 0.42190099999999997 0.014313299999999973 0.026145099999999977 0.02250709364962249
1 0.531432 0.43834700000000004 0.017059500000000005 0.03204570000000001 0.01971123857482858
1 0.5221800000000001 0.427866 0.016647100000000026 0.020113099999999995 0.01674287027988761
1 0.465866 0.426058 0.01239990000000002 0.01367649999999998 0.01670431544391403
