1 0.5626521110534668 0.4721648097038269 0.08811533451080322 0.12114167213439941 0.2385401576757431
1 0.4105137437582016 0.4439324885606766 0.03545030951499939 0.05209359526634216 0.2193257063627243
1 0.5169473588466644 0.43195463716983795 0.02015012502670288 0.02493324875831604 0.1317821815609932
1 0.5431698262691498 0.4525582492351532 0.048579275608062744 0.07289731502532959 0.12216360121965408
1 0.4277367889881134 0.4373965263366699 0.02676159143447876 0.038489460945129395 0.06939171999692917
1 0.433798 0.446936 0.01659630000000001 0.022664899999999988 0.03066458879158232
1 0.450067 0.430075 0.026498999999999995 0.022504599999999986 0.02958025388644275
1 0.469865 0.426611 0.01224160000000002 0.018744399999999994 0.027405997001766793
1 0.438637 0.432413 0.027813399999999988 0.02975430000000001 0.026720234875530338
1 0.443804 0.438857 0.015025899999999981 0.023372700000000024 0.024732258468668777
1 0.522445 0.43983 0.01610659999999997 0.02791189999999999 0.018936679788453346
