1 0.3842139393091202 0.4395427405834198 0.039213329553604126 0.03395414352416992 0.2811413109302521
1 0.25032389909029007 0.4696863740682602 0.06848351657390594 0.06596222519874573 0.23112593591213226
1 0.2807408422231674 0.45298680663108826 0.07649394869804382 0.07906925678253174 0.22777915745973587
1 0.31934355199337006 0.44972434639930725 0.04432001709938049 0.05562615394592285 0.20385059714317322
1 0.1780685856938362 0.44201532006263733 0.07432074844837189 0.046872615814208984 0.18690630793571472
1 0.5700893998146057 0.4438628554344177 0.038407087326049805 0.06008422374725342 0.15511495247483253
1 0.4375198036432266 0.4369707554578781 0.050435930490493774 0.05023840069770813 0.13466857373714447
1 0.48306400000000005 0.440439 0.038174100000000044 0.017098700000000022 0.018884434051542217
1 0.534595 0.432225 0.01881580000000005 0.013443800000000006 0.01642974993344508
1 0.183844 0.433853 0.060598999999999986 0.027965000000000018 0.01583179590083043
