1 0.5236647427082062 0.4497462660074234 0.05699688196182251 0.06924048066139221 0.2299855425953865
1 0.06019989014748717 0.5520672500133514 0.12028267262212466 0.18143266439437866 0.2286103293299675
1 0.2882305383682251 0.46399666368961334 0.050498247146606445 0.06359031796455383 0.22493552416563034
1 0.3466430753469467 0.44217394292354584 0.03064587712287903 0.04665300250053406 0.22081714868545532
1 0.3791062533855438 0.43698327243328094 0.02149033546447754 0.024080663919448853 0.21472810953855515
1 0.625105 0.438852 0.07619480000000001 0.047713899999999976 0.0854868318501289
1 0.4738859999999999 0.431952 0.0298968 0.023076700000000006 0.07739817933273552
1 0.512132 0.444448 0.04083600000000004 0.05227740000000003 0.07044566651684625
1 0.45776429772377014 0.4319632351398468 0.017382383346557617 0.018334269523620605 0.04831385612487793
1 0.4972150000000001 0.446298 0.01517240000000003 0.04584929999999998 0.015113062943278157
