1 0.14120028540492058 0.5103412717580795 0.1255180612206459 0.15341654419898987 0.2402360737323761
1 0.27655763924121857 0.4698454886674881 0.09904727339744568 0.11270341277122498 0.23664922267198563
1 0.560406357049942 0.44811709225177765 0.04123455286026001 0.05848768353462219 0.2291286140680313
1 0.35781657695770264 0.454381063580513 0.04404401779174805 0.058469146490097046 0.21744205802679062
1 0.4304145574569702 0.43452826142311096 0.02703070640563965 0.03591233491897583 0.21107617020606995
0 0.05686959996819496 0.5028575360774994 0.02290264517068863 0.10811787843704224 0.19274649024009705
2 0.5445396900177002 0.43380309641361237 0.020520687103271484 0.05475857853889465 0.14300043135881424
1 0.5235256254673004 0.4268314838409424 0.01725977659225464 0.022270560264587402 0.08553757518529892
1 0.5461660000000002 0.435872 0.024730800000000053 0.05276930000000002 0.04312223490282238
1 0.470006 0.429514 0.018368700000000016 0.02348450000000002 0.030936400385196017
