1 0.8788554966449738 0.5601499825716019 0.21908420324325562 0.2313823401927948 0.24087001383304596
1 0.7276599705219269 0.49731315672397614 0.09548717737197876 0.12221619486808777 0.2364397644996643
2 0.0931238941848278 0.4652300924062729 0.035141147673130035 0.10806480050086975 0.22671736031770706
1 0.016939342360274168 0.4470106512308121 0.03370178423210746 0.06491634249687195 0.21803610026836395
1 0.9489935040473938 0.4623357504606247 0.10147631168365479 0.09696188569068909 0.17268449068069458
1 0.4999565929174423 0.4328194558620453 0.052651792764663696 0.034279048442840576 0.1690419763326645
0 0.737136721611023 0.4549039751291275 0.016159892082214355 0.08282235264778137 0.15014632046222687
0 0.651140958070755 0.44230911135673523 0.012556850910186768 0.05329316854476929 0.14612682163715363
0 0.7546403110027313 0.46522848308086395 0.02525085210800171 0.10468247532844543 0.1398073136806488
1 0.6645462214946747 0.4385253041982651 0.03712648153305054 0.03341898322105408 0.09714926034212112
1 0.021566900000000003 0.437663 0.042001800000000006 0.0309392 0.07240274714241783
0 0.456714 0.434036 0.010625800000000019 0.03739100000000001 0.049497134376866765
1 0.0865025 0.435794 0.052877299999999995 0.03501710000000002 0.04153097619821246
1 0.07326580000000002 0.43672 0.03695230000000001 0.0297172 0.028652970553826398
1 0.0358009 0.439292 0.013639199999999997 0.01840130000000001 0.014822170640024475
