1 0.36450648307800293 0.4517708122730255 0.05203962326049805 0.0747728943824768 0.23485252261161804
2 0.22329290211200714 0.5186125785112381 0.07624778151512146 0.23053380846977234 0.2231307104229927
1 0.4292272627353668 0.43761856853961945 0.03184539079666138 0.043091028928756714 0.19710934907197952
0 0.1825253814458847 0.6696822792291641 0.13543805480003357 0.4952866733074188 0.18277372419834137
1 0.5010900050401688 0.4408334791660309 0.023315995931625366 0.03175455331802368 0.14688898622989655
1 0.5182652175426483 0.4310876429080963 0.03276699781417847 0.028766751289367676 0.12155116349458694
1 0.480607 0.433303 0.024193599999999982 0.03876459999999998 0.09477361309725225
1 0.449306 0.425056 0.03570770000000001 0.01890900000000001 0.04687587903965355
1 0.458816 0.4218970000000001 0.021999099999999994 0.01575500000000002 0.03694049191099676
1 0.4020680785179138 0.4335309863090515 0.025681614875793457 0.023679494857788086 0.036419592797756195
1 0.379057 0.430418 0.021154600000000023 0.024609199999999998 0.03237219307604136
1 0.459321 0.427832 0.02015290000000003 0.018437399999999993 0.01014790821993028
