1 0.2639615014195442 0.541097566485405 0.16270987689495087 0.18419376015663147 0.24135464429855347
1 0.356892392039299 0.4393569529056549 0.038579851388931274 0.043187081813812256 0.2167149782180786
1 0.405764177441597 0.4411109983921051 0.03261616826057434 0.03416997194290161 0.1911201998591423
0 0.8290226757526398 0.5089967101812363 0.023652970790863037 0.09440985321998596 0.18959525227546692
1 0.2974529415369034 0.4444298893213272 0.02820083498954773 0.03848746418952942 0.18913999199867249
1 0.2544236183166504 0.4290737807750702 0.015687644481658936 0.019543945789337158 0.17448026686906815
0 0.4360661208629608 0.43649283051490784 0.008042454719543457 0.03986567258834839 0.17029167711734772
1 0.32305434346199036 0.43665482103824615 0.02469038963317871 0.024419575929641724 0.1551620475947857
1 0.23270808160305023 0.42379914224147797 0.018420934677124023 0.011834412813186646 0.10192125290632248
0 0.086336 0.45910800000000007 0.0189869 0.10059800000000002 0.08975801569487625
0 0.20702966302633286 0.43441878259181976 0.01076759397983551 0.04549470543861389 0.0814509242773056
1 0.288424 0.434459 0.02857949999999998 0.0299296 0.06650966743090364
2 0.207121 0.4314779999999999 0.011984099999999998 0.03235729999999998 0.03624134030487153
2 0.967141 0.491251 0.06472719999999998 0.07943600000000006 0.030898514357601575
1 0.192468 0.424659 0.017160200000000014 0.014770799999999973 0.028769484128435708
1 0.29695000000000005 0.441646 0.025381700000000007 0.020162300000000022 0.023648592186125812
1 0.967188 0.491021 0.06483970000000006 0.08011800000000002 0.013580232821643055
