1 0.4987730085849762 0.4837835431098938 0.08539527654647827 0.13515043258666992 0.23874713480472565
1 0.8787012100219727 0.45479197800159454 0.08378612995147705 0.05503246188163757 0.22861368209123611
0 0.7032972872257233 0.46911898255348206 0.027400314807891846 0.1259952187538147 0.19212861359119415
0 0.6284509003162384 0.44825324416160583 0.017118990421295166 0.08013391494750977 0.18253470957279205
1 0.48426470160484314 0.44741594791412354 0.0852929949760437 0.07557821273803711 0.17429925501346588
0 0.25761786103248596 0.44687144458293915 0.013368308544158936 0.0707305371761322 0.15208293497562408
1 0.4440120607614517 0.44586436450481415 0.032693058252334595 0.043464213609695435 0.134866863489151
0 0.6518379999999999 0.46080200000000004 0.010952799999999985 0.044225000000000014 0.06746800049194332
0 0.41501999999999994 0.428718 0.006789019999999979 0.030215199999999998 0.030587427497995895
1 0.434825 0.428246 0.024947700000000017 0.027099800000000007 0.028485358969957016
0 0.33254300000000003 0.434412 0.005946920000000022 0.02976869999999998 0.027052635793301597
1 0.436964 0.451719 0.015108100000000013 0.03212550000000003 0.02558644479383025
1 0.5398150000000002 0.464617 0.015529400000000027 0.04353079999999998 0.02541196449021515
