0 0.9749186933040619 0.5363809913396835 0.04532068967819214 0.14800909161567688 0.2068462148308754
1 0.5566710233688354 0.4374919831752777 0.035671234130859375 0.038066208362579346 0.2061580941081047
1 0.07429465324003104 0.5376966744661331 0.14855132161937945 0.23205634951591492 0.18915626406669617
0 0.7735770046710968 0.45297275483608246 0.013572752475738525 0.05971643328666687 0.1831481009721756
0 0.8776585459709167 0.46884943544864655 0.017197251319885254 0.08406457304954529 0.14319851994514465
0 0.6449270248413086 0.43327169120311737 0.007050037384033203 0.032071083784103394 0.12428648769855499
0 0.6283131837844849 0.4350537061691284 0.0079575777053833 0.03563225269317627 0.11556316167116165
0 0.6115061044692993 0.4324478805065155 0.006997942924499512 0.03330868482589722 0.10730522125959396
0 0.9155709999999999 0.4585699999999999 0.02280139999999997 0.08776869999999998 0.08283263180474276
1 0.474812 0.428566 0.021222300000000027 0.02188610000000002 0.07774330765455048
0 0.362151 0.447786 0.008858009999999972 0.04770970000000002 0.07217195045953756
0 0.915732 0.45033499999999993 0.014419599999999977 0.06594939999999999 0.07024171270250479
1 0.95537 0.466323 0.08925629999999996 0.07326310000000003 0.05830536808726428
1 0.504321 0.43474499999999994 0.02097020000000005 0.016715199999999986 0.028553711522029127
1 0.44742899999999997 0.427747 0.019348199999999982 0.016372900000000024 0.023332285164465064
