1 0.5630379617214203 0.4713824391365051 0.07205480337142944 0.0823749303817749 0.23916254937648773
1 0.41406646370887756 0.44204095005989075 0.03616112470626831 0.04029953479766846 0.2258232682943344
1 0.4527958482503891 0.44914497435092926 0.03330102562904358 0.041453152894973755 0.22200089693069458
1 0.3020152151584625 0.4388086050748825 0.026097655296325684 0.036888688802719116 0.21495477855205536
0 0.7542912364006042 0.4866068512201309 0.024024248123168945 0.13206645846366882 0.18858970701694489
1 0.39153987169265747 0.4345882833003998 0.019675374031066895 0.025815963745117188 0.18637065589427948
1 0.2697297930717468 0.42860157787799835 0.02455204725265503 0.016797631978988647 0.059308599680662155
1 0.32455919682979584 0.4268254190683365 0.019076377153396606 0.020457178354263306 0.05314049497246742
1 0.35321956872940063 0.4322887063026428 0.020251870155334473 0.02145063877105713 0.05007345229387283
1 0.342078 0.427659 0.024645699999999993 0.018962900000000005 0.044374998831529455
0 0.438418 0.430434 0.005762099999999992 0.028616299999999983 0.026288332680454312
1 0.29195899999999997 0.428193 0.01352239999999999 0.017876000000000003 0.016577399218556124
