1 0.5287064611911774 0.44086745381355286 0.037737905979156494 0.03973376750946045 0.2226065844297409
1 0.6666654646396637 0.4496128261089325 0.04137486219406128 0.04650723934173584 0.2169841155409813
0 0.6944576799869537 0.46326836943626404 0.02390378713607788 0.09875446557998657 0.17713303864002228
1 0.7486399710178375 0.4351252019405365 0.038966238498687744 0.03773295879364014 0.14908315241336823
0 0.7048590779304504 0.4469108581542969 0.009059548377990723 0.05501115322113037 0.12607258558273315
1 0.279354 0.42711699999999997 0.021852499999999997 0.01359539999999998 0.07282931721162872
1 0.307917 0.4267270000000001 0.021796900000000008 0.011953900000000017 0.062192392626415224
1 0.5762850000000002 0.423739 0.021747300000000025 0.01661459999999998 0.06185047005531337
1 0.399721 0.424948 0.02019120000000002 0.011912499999999993 0.04696326985638653
1 0.371915 0.425113 0.018281199999999997 0.012112000000000012 0.03346946840585974
