1 0.6617148220539093 0.46008536219596863 0.053936779499053955 0.06631982326507568 0.23000314831733704
1 0.9334239363670349 0.5720401555299759 0.13258707523345947 0.22858664393424988 0.22916588187217712
1 0.7848684191703796 0.44023506343364716 0.04716753959655762 0.03517523407936096 0.21917230635881424
1 0.522839367389679 0.436214879155159 0.04343414306640625 0.038828104734420776 0.2124277800321579
1 0.6867269575595856 0.4460071325302124 0.047628700733184814 0.040425121784210205 0.20628373324871063
1 0.8857476115226746 0.4874323010444641 0.08720576763153076 0.14282524585723877 0.19439281523227692
1 0.8602194488048553 0.4353763312101364 0.04189401865005493 0.02699616551399231 0.08839836716651917
1 0.943709 0.439611 0.04881800000000003 0.0414427 0.07472174581108554
0 0.736594 0.433633 0.009171869999999971 0.037231000000000014 0.033686657318330725
1 0.847252 0.448005 0.012673399999999946 0.021011500000000016 0.01408502578121135
