1 0.8210912048816681 0.5354741960763931 0.17038744688034058 0.19189223647117615 0.24026037007570267
1 0.7099336981773376 0.4889959394931793 0.08040142059326172 0.10781937837600708 0.23418107628822327
1 0.1269245222210884 0.4493555426597595 0.03973321616649628 0.04461336135864258 0.21995224058628082
1 0.040854317136108875 0.44449763000011444 0.044305404648184776 0.057340532541275024 0.21797174960374832
1 0.6745841205120087 0.43754346668720245 0.04021090269088745 0.03032699227333069 0.21000324189662933
1 0.10204609483480453 0.43674780428409576 0.057010218501091 0.03538617491722107 0.19740307331085205
1 0.9376798868179321 0.4556906819343567 0.12455296516418457 0.0892949104309082 0.19424398243427277
1 0.015045132429804653 0.4457996189594269 0.02983571228105575 0.04070764780044556 0.1836242377758026
0 0.8085849999999999 0.462032 0.026838699999999993 0.10917200000000005 0.07640407217322201
1 0.42264 0.425796 0.01570640000000001 0.009792330000000016 0.04085712879200588
0 0.6089769999999999 0.430033 0.006900849999999958 0.027590700000000024 0.04066930227558585
1 0.4750329999999999 0.455775 0.028691399999999978 0.016358399999999995 0.027351548131371462
