1 0.21419552713632584 0.46149592101573944 0.07672320306301117 0.0766763985157013 0.2369880974292755
1 0.3409416079521179 0.4503571689128876 0.05110800266265869 0.06084984540939331 0.2165558785200119
2 0.5109342932701111 0.43493233621120453 0.013834118843078613 0.04781392216682434 0.2027057781815529
2 0.3020421266555786 0.4535408914089203 0.029201149940490723 0.09140634536743164 0.18892405927181244
0 0.7437848448753357 0.45209306478500366 0.02164924144744873 0.08038657903671265 0.17732490599155426
0 0.6195318102836609 0.4325559735298157 0.0072716474533081055 0.03645044565200806 0.16860869526863098
1 0.5144212245941162 0.43064530193805695 0.022931456565856934 0.030742377042770386 0.149471715092659
1 0.9808046221733093 0.47582268714904785 0.03811657428741455 0.09229552745819092 0.07098095864057541
2 0.390448 0.432205 0.014408199999999982 0.03540359999999998 0.053984917888504395
2 0.30551399999999995 0.469375 0.026853599999999977 0.05675720000000001 0.03268930780523538
