1 0.2266821190714836 0.5388293266296387 0.21965427696704865 0.27910947799682617 0.24222055077552795
1 0.4550427049398422 0.43827150762081146 0.024263709783554077 0.03574052453041077 0.18787959218025208
0 0.6645890772342682 0.47531837224960327 0.021892249584197998 0.10743570327758789 0.18745872378349304
0 0.5800206959247589 0.44312119483947754 0.010125458240509033 0.051086366176605225 0.17561668157577515
0 0.4047219604253769 0.43090614676475525 0.007316678762435913 0.03316020965576172 0.1657833606004715
0 0.3777253329753876 0.43677209317684174 0.00788205862045288 0.040998369455337524 0.11799944937229156
0 0.55794 0.43324000000000007 0.006502910000000028 0.03141290000000002 0.062475220543401586
1 0.49990900000000005 0.428157 0.014253200000000021 0.01994659999999998 0.0521987667750741
1 0.455399 0.444578 0.01947270000000001 0.02029320000000001 0.0332271871087361
1 0.46867000000000003 0.427721 0.01704040000000001 0.022658100000000014 0.02845412794703265
1 0.456254 0.42978400000000005 0.01672499999999999 0.022351100000000013 0.01735852806371461
