1 0.7401227056980133 0.4892479479312897 0.07823508977890015 0.1144455075263977 0.23511723428964615
1 0.8148014843463898 0.45484186708927155 0.05789095163345337 0.08325013518333435 0.23204132169485092
1 0.6925045251846313 0.432755246758461 0.035086750984191895 0.03226616978645325 0.21243122220039368
1 0.8694906532764435 0.44346028566360474 0.031201303005218506 0.036428630352020264 0.21017812192440033
1 0.7414595484733582 0.4411616027355194 0.03248119354248047 0.046285808086395264 0.162252739071846
1 0.011996683424058574 0.4852147102355957 0.02396622534524795 0.13721954822540283 0.1606549322605133
1 0.8468846380710602 0.44021305441856384 0.03161519765853882 0.03530246019363403 0.14362892508506775
1 0.9868115484714508 0.46010228991508484 0.026169121265411377 0.07880622148513794 0.10369832068681717
1 0.7302036285400391 0.4642600566148758 0.0516737699508667 0.07412669062614441 0.06246877834200859
1 0.79801 0.430094 0.02680210000000005 0.029209600000000002 0.04004436046370584
1 0.741564 0.427433 0.023405099999999956 0.013770500000000019 0.02814967257769381
1 0.84969 0.437501 0.02061500000000005 0.02605780000000002 0.014380796451465772
1 0.7155389999999999 0.43595 0.012874799999999964 0.013110999999999984 0.01131065125788843
