1 0.655531108379364 0.602391242980957 0.1797471046447754 0.2887141704559326 0.24103429913520813
1 0.1099843038682593 0.556876003742218 0.2192321511975024 0.23372280597686768 0.24073538929224014
1 0.3814467787742615 0.4800323247909546 0.06648749113082886 0.09499478340148926 0.2322484701871872
1 0.28213396668434143 0.447163850069046 0.0657380223274231 0.062078654766082764 0.2211376428604126
1 0.38257043063640594 0.4447901248931885 0.07728132605552673 0.0612868070602417 0.2007329910993576
1 0.4991411119699478 0.466542050242424 0.06174895167350769 0.09323814511299133 0.19151757657527924
1 0.5491429269313812 0.45595522224903107 0.09080272912979126 0.06401976943016052 0.18214702606201172
1 0.5993519425392151 0.451010137796402 0.08150196075439453 0.07180404663085938 0.16195255517959595
2 0.499644 0.479109 0.03629389999999999 0.13190600000000002 0.0833882594560646
0 0.501474 0.480839 0.026448999999999945 0.13255900000000004 0.03585069173596005
1 0.620662 0.452034 0.042628 0.060402100000000014 0.029923128622877656
