1 0.7848940789699554 0.48561735451221466 0.08586841821670532 0.1300395429134369 0.23919640481472015
1 0.14466867223381996 0.4737975746393204 0.10949774831533432 0.0877293050289154 0.23583566397428513
1 0.3299122005701065 0.45796263217926025 0.07537421584129333 0.06524676084518433 0.23377203941345215
1 0.5343653857707977 0.4431783854961395 0.053565919399261475 0.04759395122528076 0.22975585609674454
1 0.414911225438118 0.4392635226249695 0.054068177938461304 0.03557860851287842 0.17143605649471283
1 0.6900120675563812 0.4373988062143326 0.024218380451202393 0.027992278337478638 0.1672375313937664
1 0.545256 0.43618100000000004 0.05459729999999996 0.0324412 0.04680662405414649
2 0.48361 0.459507 0.0155304 0.02190960000000003 0.029419661006329475
1 0.563543 0.438565 0.018483699999999992 0.024012900000000004 0.023984530700797604
2 0.991268 0.583872 0.016790399999999983 0.045867699999999956 0.01161720154554771
1 0.58836 0.441209 0.02285119999999996 0.016839700000000013 0.010850825826399516
1 0.990297 0.576427 0.018730000000000024 0.10246299999999997 0.00030107407533049577
