1 0.10119990259408951 0.5193070769309998 0.16411052644252777 0.16481494903564453 0.24170264601707458
1 0.4105066657066345 0.4656318575143814 0.05761998891830444 0.06550821661949158 0.23177656531333923
2 0.3602387607097626 0.4809001088142395 0.03488659858703613 0.12906527519226074 0.21495287865400314
1 0.668805718421936 0.435431569814682 0.057440757751464844 0.03668862581253052 0.18635417520999908
1 0.6484414339065552 0.43259547650814056 0.05862104892730713 0.03350457549095154 0.17883285880088806
1 0.740921139717102 0.43081025779247284 0.04914712905883789 0.027019649744033813 0.1728532314300537
1 0.7765232026576996 0.43502408266067505 0.049159348011016846 0.027027547359466553 0.16900071501731873
1 0.499227 0.4184300000000001 0.016219699999999948 0.027472400000000008 0.08154098046080738
1 0.571006178855896 0.42814700305461884 0.027399301528930664 0.01939442753791809 0.06230836734175682
1 0.5583370000000001 0.427426 0.020775600000000005 0.015550100000000011 0.02697893819652275
1 0.130057 0.87049775 0.260114 0.25900449999999997 0.01692073396706774
1 0.733057 0.43294199999999994 0.029418399999999956 0.020810099999999998 0.010784535113526585
