1 0.934819221496582 0.45711150765419006 0.10383164882659912 0.05400460958480835 0.2798505127429962
1 0.7711268961429596 0.4375688284635544 0.0756576657295227 0.04409453272819519 0.2702908515930176
1 0.8215241134166718 0.4401925057172775 0.09584182500839233 0.054901331663131714 0.23008103668689728
1 0.8603581786155701 0.4486200511455536 0.07546532154083252 0.05044281482696533 0.22396455705165863
1 0.5563581585884094 0.40889641642570496 0.06243634223937988 0.11711114645004272 0.2239634022116661
1 0.7311349511146545 0.43880629539489746 0.05134391784667969 0.028760313987731934 0.19898045808076859
1 0.525558 0.41485099999999997 0.019447899999999962 0.051307099999999994 0.03729850607622733
1 0.686763 0.43040100000000003 0.02781469999999997 0.0348523 0.02979092834008725
1 0.879184 0.4587629999999999 0.03066179999999996 0.03992279999999998 0.017450941645043107
1 0.5967549999999999 0.4490120000000001 0.020985799999999943 0.020679700000000023 0.015161374513253209
1 0.913325 0.437195 0.021810499999999955 0.014467899999999978 0.012904146233677874
