1 0.7811838984489441 0.4434426724910736 0.10519075393676758 0.06280511617660522 0.3535296618938446
1 0.3488696962594986 0.45875874161720276 0.04740026593208313 0.05376642942428589 0.22465764731168747
1 0.834241658449173 0.45560987293720245 0.11218971014022827 0.06860038638114929 0.2224440649151802
1 0.49909578263759613 0.44027605652809143 0.028880029916763306 0.03835272789001465 0.21878472715616226
1 0.4301973432302475 0.4110013097524643 0.03965321183204651 0.06912794709205627 0.18866564333438873
1 0.9502869248390198 0.4448894262313843 0.06744492053985596 0.042848944664001465 0.17333398759365082
1 0.8822682499885559 0.43692079186439514 0.06699061393737793 0.0464099645614624 0.17284630239009857
1 0.984539806842804 0.4502033144235611 0.030858159065246582 0.039002925157547 0.11395294591784477
1 0.4796002358198166 0.42457379400730133 0.01383104920387268 0.019872039556503296 0.053544800728559494
1 0.58567 0.428353 0.02170939999999999 0.0215669 0.04958829446309972
1 0.666644 0.432516 0.02276100000000003 0.025778699999999988 0.03128215420275424
1 0.500095 0.41594 0.018734500000000043 0.024092800000000025 0.020650638955825525
