1 0.7912888526916504 0.5541997700929642 0.2881343364715576 0.31318411231040955 0.2425040602684021
1 0.4214561879634857 0.46009561419487 0.046047747135162354 0.05710417032241821 0.22836482524871826
1 0.6069175601005554 0.4772132635116577 0.06850779056549072 0.09229028224945068 0.22798892855644226
1 0.3949574679136276 0.4416476786136627 0.04049721360206604 0.051581501960754395 0.2240145429968834
1 0.5797685384750366 0.4595375806093216 0.05278182029724121 0.08288022875785828 0.21332643926143646
1 0.4992637038230896 0.4342593252658844 0.023211956024169922 0.03566944599151611 0.20961693674325943
1 0.046724628657102585 0.574547290802002 0.09344925731420517 0.21539783477783203 0.09302474744617939
1 0.5249939858913422 0.430031955242157 0.017282545566558838 0.024619340896606445 0.06217493116855621
2 0.445296 0.43866499999999997 0.011681400000000008 0.04205169999999997 0.047517239647160855
1 0.461666 0.426361 0.01357750000000002 0.01678639999999998 0.017270560091023887
1 0.437628 0.438808 0.026439199999999996 0.0404158 0.014939133423034105
