1 0.38280391693115234 0.482227087020874 0.06995528936386108 0.0865401029586792 0.23737335205078125
1 0.6534960567951202 0.4396253675222397 0.035322606563568115 0.03262493014335632 0.22459550201892853
1 0.5272648334503174 0.4380561262369156 0.06409740447998047 0.04071483016014099 0.22151003032922745
1 0.4605143368244171 0.4342701584100723 0.02475792169570923 0.035401850938797 0.2166939675807953
1 0.8353642523288727 0.43807195127010345 0.0660141110420227 0.038536518812179565 0.19886767119169235
1 0.21327286958694458 0.4468611031770706 0.05863398313522339 0.04026642441749573 0.16921840608119965
1 0.30421 0.439982 0.07138240000000001 0.04777100000000001 0.08228982865674543
1 0.331399 0.440489 0.040206699999999984 0.026641000000000026 0.025958105544281636
1 0.483965 0.42496899999999993 0.010448500000000027 0.016255799999999987 0.014714177757629104
2 0.357932 0.505457 0.019932100000000008 0.04001159999999998 0.013016191308017405
