1 0.7506981194019318 0.4445612281560898 0.0770156979560852 0.03958931565284729 0.2931978702545166
1 0.7008647620677948 0.4352160096168518 0.06646913290023804 0.039418697357177734 0.2500487267971039
1 0.8175444602966309 0.4425417482852936 0.08121562004089355 0.060082077980041504 0.22554773837327957
1 0.5466439127922058 0.4360060393810272 0.0297929048538208 0.05127209424972534 0.2250356376171112
1 0.472322940826416 0.41805996000766754 0.024007320404052734 0.04192158579826355 0.1607416793704033
1 0.4997081011533737 0.40666215121746063 0.034084826707839966 0.07866242527961731 0.15815332531929016
1 0.6571196615695953 0.4354020953178406 0.04820531606674194 0.026620864868164062 0.14157862961292267
1 0.6325591802597046 0.4292910695075989 0.033850669860839844 0.028406977653503418 0.10750818252563477
1 0.7195480000000001 0.438995 0.05182830000000005 0.03638370000000002 0.08745471412390651
1 0.527444 0.405871 0.031303199999999975 0.05905250000000001 0.08670919108455738
1 0.6814230000000001 0.433675 0.05663260000000003 0.03429890000000002 0.06263586000481779
1 0.7103269999999999 0.442987 0.031170299999999984 0.03375260000000002 0.026135811864784322
1 0.656517 0.4364279999999999 0.024996600000000035 0.025079699999999983 0.013197949820464254
1 0.791598 0.46416499999999994 0.019093499999999985 0.016441399999999995 0.01180246146656767
