1 0.5050425231456757 0.4381705969572067 0.047505080699920654 0.03174212574958801 0.2851632535457611
1 0.24094604700803757 0.4630179852247238 0.15031607449054718 0.11476185917854309 0.23664913326501846
1 0.8134207427501678 0.47107838094234467 0.07025223970413208 0.10560396313667297 0.23662380874156952
1 0.6191829144954681 0.4419171065092087 0.04918617010116577 0.04333183169364929 0.23337772488594055
1 0.4407423287630081 0.45231595635414124 0.063478022813797 0.05412924289703369 0.23326459527015686
1 0.028229164036019938 0.4499015063047409 0.05637541025498649 0.07285842299461365 0.23282094299793243
1 0.7698602676391602 0.4375355839729309 0.02860081195831299 0.04202902317047119 0.20450100302696228
1 0.30585433542728424 0.4616229236125946 0.06363227963447571 0.0646895170211792 0.1754140853881836
2 0.32407 0.463216 0.026920100000000002 0.05870900000000001 0.025293703432116618
1 0.673222 0.441745 0.022245100000000018 0.0177022 0.013672410352955383
1 0.32478699999999994 0.463503 0.02489659999999999 0.05801849999999997 0.013341507571961779
