1 0.43406161665916443 0.5002746134996414 0.0973060131072998 0.16724559664726257 0.23871340602636337
1 0.5221351832151413 0.4673554301261902 0.0657217800617218 0.07497310638427734 0.23727384209632874
1 0.3793238550424576 0.4402579814195633 0.03197941184043884 0.03934714198112488 0.2123340368270874
0 0.6984966993331909 0.4779956638813019 0.024973511695861816 0.1191297173500061 0.18803837895393372
1 0.2953914552927017 0.4284175634384155 0.02244850993156433 0.022137463092803955 0.17232303321361542
1 0.4073958843946457 0.46241533756256104 0.05220380425453186 0.07465457916259766 0.17047344148159027
0 0.9463542103767395 0.5340035259723663 0.107291579246521 0.2667648196220398 0.16811157763004303
2 0.3460090458393097 0.4444952458143234 0.01200556755065918 0.04565045237541199 0.15157660469412804
1 0.2730433791875839 0.43858543038368225 0.02092769742012024 0.02901911735534668 0.1438397280871868
1 0.2596677094697952 0.4273988902568817 0.02192172408103943 0.019119858741760254 0.13967404514551163
1 0.2356552705168724 0.42784442007541656 0.01764489710330963 0.016689926385879517 0.1060493029654026
1 0.33727025985717773 0.4295829087495804 0.017327189445495605 0.019352585077285767 0.07263442873954773
1 0.3585546463727951 0.4324045479297638 0.021608442068099976 0.024818003177642822 0.06832373701035976
1 0.362414 0.433423 0.031957100000000016 0.031187599999999982 0.04931860786621364
1 0.390384 0.464702 0.018006999999999995 0.06831730000000003 0.028838899283225496
