1 0.3074417859315872 0.46033045649528503 0.07295343279838562 0.08044356107711792 0.23733430355787277
1 0.9230369925498962 0.492201566696167 0.0971604585647583 0.1182781457901001 0.2367614060640335
1 0.6613012850284576 0.46385303139686584 0.05284065008163452 0.059816718101501465 0.23171670734882355
1 0.8778514266014099 0.471708208322525 0.059122443199157715 0.07992333173751831 0.2215273752808571
1 0.34175319969654083 0.43779759109020233 0.031967490911483765 0.04502639174461365 0.20202060788869858
1 0.37217414379119873 0.43373583257198334 0.04189485311508179 0.02828332781791687 0.19455678015947342
0 0.19488977640867233 0.46481212973594666 0.0165417343378067 0.08744102716445923 0.16486909985542297
0 0.914264440536499 0.44576595723629 0.014795064926147461 0.07232657074928284 0.14209969341754913
0 0.9545669999999999 0.452121 0.013050099999999953 0.061156900000000014 0.06472572371155474
1 0.880865 0.444072 0.04753879999999999 0.05025869999999999 0.048364095494384446
1 0.7000710000000001 0.424711 0.024117300000000008 0.011424400000000001 0.03841949032283891
0 0.6224050000000001 0.434216 0.009117130000000029 0.04321140000000001 0.035162269661482635
1 0.981033 0.47728799999999993 0.026492700000000036 0.011271199999999981 0.010095347749664264
1 0.715522 0.456287 0.023212800000000033 0.009820639999999992 0.009866969359024879
