1 0.3222818374633789 0.4443645477294922 0.037500083446502686 0.04823726415634155 0.23485125601291656
1 0.7101305425167084 0.48164622485637665 0.0831037163734436 0.12108555436134338 0.2333139404654503
2 0.5381879806518555 0.5437567979097366 0.06962740421295166 0.2721094787120819 0.20146122574806213
1 0.6807554066181183 0.4539743512868881 0.04610055685043335 0.06084910035133362 0.19948089122772217
0 0.09368169121444225 0.5733786523342133 0.07315755262970924 0.2535516619682312 0.19791994988918304
1 0.8083838820457458 0.43941956758499146 0.07010281085968018 0.04884093999862671 0.18851782381534576
0 0.8493232131004333 0.4660719782114029 0.025629520416259766 0.12543413043022156 0.18464261293411255
0 0.21894674003124237 0.45321354269981384 0.016030311584472656 0.08559995889663696 0.1260244995355606
1 0.30177387595176697 0.4359729588031769 0.040248334407806396 0.0426982045173645 0.11817066371440887
1 0.573817 0.424937 0.018752300000000055 0.011114000000000013 0.058290228658468626
1 0.806929 0.492754 0.0339796 0.01040089999999999 0.017547289393307682
