1 0.49938054382801056 0.43704676628112793 0.02408275008201599 0.040204763412475586 0.20935893058776855
0 0.8374191224575043 0.5414837896823883 0.036184847354888916 0.1512656807899475 0.1984001100063324
0 0.7856000363826752 0.49668869376182556 0.037435710430145264 0.17874473333358765 0.1967770755290985
1 0.42950865626335144 0.45253604650497437 0.03742152452468872 0.05591559410095215 0.19199953973293304
1 0.47745707631111145 0.43169234693050385 0.023505747318267822 0.030141741037368774 0.12080651521682739
0 0.33548 0.438508 0.008604429999999996 0.048898 0.07208950950824689
1 0.6535089999999999 0.434247 0.047426599999999985 0.03550229999999999 0.07199693427746764
1 0.42932100000000006 0.466616 0.0337114 0.0275088 0.032529069185928884
0 0.380389 0.430984 0.009249400000000019 0.045160599999999995 0.032284289303490775
1 0.428959 0.443576 0.0326979 0.030587299999999984 0.0232914091699992
1 0.455354 0.45557900000000007 0.026436400000000027 0.042842800000000014 0.019115566359036856
