1 0.4979660362005234 0.5469856709241867 0.12309113144874573 0.19898799061775208 0.24144434183835983
1 0.12531752555605635 0.630262017250061 0.2505762344790128 0.3556950092315674 0.23923668265342712
1 0.4328806549310684 0.4436560124158859 0.04171821475028992 0.06783577799797058 0.22872796654701233
1 0.499033659696579 0.4437432885169983 0.038713157176971436 0.05639684200286865 0.21768875420093536
1 0.3727451413869858 0.43376149237155914 0.03679773211479187 0.02064266800880432 0.1913987472653389
1 0.2394825965166092 0.4370124042034149 0.0343034565448761 0.04154080152511597 0.18457919359207153
1 0.48412203788757324 0.43236809968948364 0.02274763584136963 0.028557658195495605 0.14439859986305237
1 0.594641 0.4306420000000001 0.03395769999999998 0.020631200000000016 0.04163676176671543
1 0.312253 0.4294 0.04000809999999999 0.02194879999999999 0.029640145085892224
1 0.655777 0.43111599999999994 0.040523100000000034 0.02307039999999999 0.025332263469528736
1 0.18727499999999997 0.454763 0.04639869999999999 0.015658700000000025 0.020668303365368523
1 0.237968 0.422214 0.024572200000000016 0.008236520000000025 0.015238916943563326
1 0.105166 0.448055 0.027511499999999994 0.01264670000000001 0.013263611066627413
