1 0.4985705763101578 0.4964150935411453 0.07692667841911316 0.1227162778377533 0.23677752166986465
0 0.7738569378852844 0.4887157380580902 0.03435492515563965 0.17015904188156128 0.19889681041240692
1 0.464072123169899 0.4340573102235794 0.02239099144935608 0.030707508325576782 0.18798210471868515
0 0.6390278041362762 0.45746633410453796 0.017833173274993896 0.08829087018966675 0.1873520016670227
1 0.49926675856113434 0.4510065019130707 0.04856798052787781 0.08632725477218628 0.18505480885505676
2 0.43644458055496216 0.4446510672569275 0.017670273780822754 0.06438970565795898 0.18461893498897552
0 0.3353518396615982 0.45135103166103363 0.012267440557479858 0.061467498540878296 0.1711941510438919
0 0.324812576174736 0.4524126797914505 0.011107712984085083 0.0608692467212677 0.17030730843544006
1 0.475716 0.427259 0.015381199999999984 0.02409870000000003 0.05428703994868434
1 0.499475 0.42553 0.03569620000000001 0.030576900000000018 0.025011702346138472
1 0.9894349999999998 0.535175 0.02019749999999998 0.11899799999999999 0.019492380868174508
2 0.437898 0.455468 0.01353399999999999 0.03873389999999999 0.015636779245808995
