1 0.726306289434433 0.4563452899456024 0.08935266733169556 0.049796104431152344 0.22829310595989227
1 0.44490303099155426 0.44149141013622284 0.038895100355148315 0.053241878747940063 0.22790204733610153
1 0.4991164207458496 0.4300955682992935 0.019268035888671875 0.031946152448654175 0.21379416435956955
2 0.876440703868866 0.4472076892852783 0.039017319679260254 0.06015896797180176 0.1877412050962448
1 0.048139024525880814 0.45162273943424225 0.09627804905176163 0.06965175271034241 0.18723513185977936
0 0.2670598030090332 0.46291840076446533 0.014623701572418213 0.07286351919174194 0.1785692274570465
0 0.5886783301830292 0.4450768381357193 0.009099185466766357 0.04882344603538513 0.17608223855495453
1 0.9729504883289337 0.44304294884204865 0.05401033163070679 0.05957922339439392 0.15326161682605743
1 0.4727882295846939 0.42881573736667633 0.02032753825187683 0.022498518228530884 0.14920901879668236
0 0.4044565260410309 0.4322126507759094 0.00625532865524292 0.03445887565612793 0.1413116157054901
0 0.5649629235267639 0.4370015561580658 0.007310628890991211 0.038381338119506836 0.10791590809822083
1 0.6910510000000001 0.461175 0.02195720000000001 0.022648500000000016 0.024748899994808393
1 0.6237950000000001 0.444149 0.025313800000000053 0.020249799999999984 0.02219613709499481
2 0.87541 0.46453900000000004 0.038458299999999945 0.026483800000000002 0.019645144570302454
1 0.292653 0.462443 0.010960999999999999 0.011199999999999988 0.014568495555986098
1 0.763707 0.457707 0.015526499999999999 0.028779100000000002 0.010834105616921181
