1 0.5894322991371155 0.41896194219589233 0.08006703853607178 0.16504931449890137 0.23465175926685333
1 0.9253641963005066 0.4622671604156494 0.13197553157806396 0.06792646646499634 0.22988389432430267
1 0.44171489775180817 0.44627003371715546 0.036641210317611694 0.048934370279312134 0.2287845015525818
1 0.7895764112472534 0.4421173185110092 0.10438644886016846 0.059741050004959106 0.22780802845954895
1 0.8274247348308563 0.44934752583503723 0.07791751623153687 0.05624181032180786 0.22650660574436188
1 0.742117702960968 0.4392334967851639 0.08315956592559814 0.04957816004753113 0.2175096496939659
1 0.8896735906600952 0.4598189741373062 0.12045681476593018 0.059106260538101196 0.18372148275375366
1 0.7025585770606995 0.4404008388519287 0.06577551364898682 0.033553361892700195 0.179062157869339
1 0.5236191749572754 0.42045241594314575 0.023163199424743652 0.04041922092437744 0.11710022389888763
2 0.8688240945339203 0.47129322588443756 0.03153508901596069 0.04480287432670593 0.03419467806816101
1 0.19101800000000002 0.431939 0.028164600000000012 0.03122720000000001 0.0256048566950911
1 0.660502 0.43143999999999993 0.03266100000000005 0.03774179999999999 0.020925401174641284
1 0.333813 0.44248300000000007 0.018177 0.01170880000000002 0.020612123461521314
1 0.38281200000000004 0.447698 0.015474700000000008 0.015643399999999974 0.01964888202889173
1 0.497452 0.428747 0.019888300000000025 0.018928800000000023 0.011323397958761328
