1 0.42456160485744476 0.4580836743116379 0.04070344567298889 0.05996468663215637 0.22681286931037903
1 0.8363865613937378 0.43848954141139984 0.06753528118133545 0.04023733735084534 0.18370172381401062
1 0.9244081974029541 0.4453902095556259 0.07385599613189697 0.0390070378780365 0.17980152368545532
2 0.4979362487792969 0.43446847796440125 0.012976765632629395 0.0500604510307312 0.12978307902812958
1 0.497877 0.416497 0.019361399999999973 0.034178700000000006 0.09522388516362014
1 0.90238 0.444275 0.06983130000000004 0.03476400000000002 0.08174501252426959
1 0.697757 0.436556 0.06489409999999995 0.04248810000000003 0.08139909085876888
1 0.5648790000000001 0.425887 0.020115400000000005 0.016552400000000023 0.05712468307426984
1 0.8666720000000001 0.4403619999999999 0.051601600000000025 0.034487199999999996 0.046276663434716946
1 0.458176 0.427847 0.012452300000000027 0.014202500000000007 0.018133991708485148
