1 0.8532981276512146 0.4600938558578491 0.19405019283294678 0.11149287223815918 0.2315797358751297
1 0.7619540691375732 0.4506111294031143 0.1373201608657837 0.08246573805809021 0.22528881579637527
0 0.5839571356773376 0.44731375575065613 0.01420581340789795 0.06986492872238159 0.1869029849767685
0 0.5438676178455353 0.4331594258546829 0.006944239139556885 0.03445348143577576 0.1347249150276184
1 0.721177 0.448616 0.09011449999999999 0.050488299999999986 0.08184994114397282
1 0.6773720000000001 0.4379080000000001 0.06882500000000003 0.04961080000000001 0.08093957586903412
0 0.357352 0.432084 0.008414939999999982 0.0419929 0.07021263060466247
2 0.947364 0.494158 0.06325570000000003 0.08922509999999995 0.033733868468433716
1 0.388056 0.44125899999999996 0.02305170000000001 0.01912799999999998 0.018817120455265905
1 0.667115 0.439365 0.03559420000000002 0.04891240000000002 0.01835241665677625
1 0.9567357301712036 0.4873433858156204 0.08561539649963379 0.10116252303123474 0.010957518592476845
