1 0.6918871104717255 0.44398991763591766 0.07251948118209839 0.03846803307533264 0.3272309899330139
1 0.6517783999443054 0.4346436709165573 0.07153165340423584 0.04237416386604309 0.2489781528711319
1 0.3566434532403946 0.4563119262456894 0.04825916886329651 0.05495306849479675 0.2331019937992096
1 0.7490671873092651 0.4425283521413803 0.07845854759216309 0.06095448136329651 0.22578949481248856
1 0.41444312036037445 0.4366823732852936 0.02903154492378235 0.03728419542312622 0.22134820371866226
1 0.4990081489086151 0.4307984560728073 0.01800936460494995 0.02508261799812317 0.20527135580778122
0 0.7790540754795074 0.5506027191877365 0.03702598810195923 0.1655736267566681 0.19796209037303925
1 0.9063858091831207 0.45371249318122864 0.05582660436630249 0.05739092826843262 0.18473270535469055
1 0.4677375257015228 0.4332960546016693 0.01937079429626465 0.023580968379974365 0.1473769024014473
0 0.5470376312732697 0.43408970534801483 0.008260548114776611 0.03778800368309021 0.1468973457813263
1 0.44686970114707947 0.4140574336051941 0.027429401874542236 0.0515170693397522 0.13417679071426392
1 0.6683589999999999 0.438349 0.05225979999999997 0.03847539999999999 0.060982683877266936
1 0.614326 0.43874 0.03509640000000003 0.027758600000000022 0.047362607997071905
1 0.09030227511129851 0.693635568022728 0.18057903351382265 0.4335370361804962 0.03856503963470459
1 0.905245 0.455159 0.02627299999999999 0.04649370000000003 0.027775848035427583
1 0.65609 0.442492 0.02890820000000005 0.03217570000000003 0.02740882960196077
1 0.696709 0.443732 0.03701030000000005 0.03291860000000002 0.020980951611778723
1 0.6309310000000001 0.44077 0.020959700000000026 0.02109620000000001 0.01885418030780377
1 0.5909819999999999 0.428553 0.016416899999999957 0.027750900000000023 0.017372140281313446
1 0.65683 0.424886 0.02572730000000001 0.016412900000000008 0.014229094974410564
1 0.6133059999999999 0.435971 0.019038299999999952 0.020413400000000026 0.011579826959654958
