1 0.4114511162042618 0.4719732254743576 0.05171522498130798 0.07585707306861877 0.22477266192436218
0 0.887987345457077 0.6491605639457703 0.056301891803741455 0.2955735921859741 0.19998781383037567
0 0.6712039113044739 0.49002306163311005 0.038920044898986816 0.17900124192237854 0.19839094579219818
0 0.2669508457183838 0.4724295884370804 0.023005008697509766 0.12380191683769226 0.17839767038822174
0 0.49917829036712646 0.4753570407629013 0.02029240131378174 0.08483865857124329 0.17697502672672272
0 0.5582861304283142 0.44932952523231506 0.013303279876708984 0.06243330240249634 0.15476089715957642
0 0.347287 0.459352 0.022233999999999976 0.09454220000000002 0.09502896219116651
1 0.419449 0.456797 0.03291630000000001 0.05163610000000002 0.0665270300886377
0 0.380185 0.437307 0.015144500000000005 0.07266729999999999 0.05684825297095337
1 0.76828 0.5008487500000001 0.460966 0.9983025000000001 0.027162708118439672
