1 0.5416871607303619 0.4361417144536972 0.019468367099761963 0.02776244282722473 0.2007238045334816
0 0.04495985247194767 0.46296097338199615 0.02148934081196785 0.10046622157096863 0.16171899437904358
1 0.32016119360923767 0.44313570857048035 0.04314613342285156 0.05626767873764038 0.13285352289676666
1 0.5287628769874573 0.42918385565280914 0.01774132251739502 0.02389463782310486 0.1280347779393196
0 0.685288 0.454007 0.019803400000000027 0.09162170000000003 0.09980595094314484
0 0.0826827 0.456321 0.0195298 0.10191299999999998 0.09979104506878075
0 0.750723 0.515489 0.0462688 0.16423699999999997 0.09786921922095998
0 0.628709 0.443805 0.01120869999999996 0.06353249999999999 0.07693059351999089
1 0.349115788936615 0.44632361829280853 0.030609965324401855 0.03592696785926819 0.05871933698654175
0 0.7642439999999999 0.48958199999999996 0.018589999999999995 0.09072059999999998 0.03949563666027093
2 0.535417 0.46577499999999994 0.010034499999999946 0.02687679999999998 0.009869605250872052
