1 0.3578396439552307 0.4481855779886246 0.045627057552337646 0.05892422795295715 0.2298399657011032
1 0.38860857486724854 0.44622066617012024 0.04132819175720215 0.04249638319015503 0.22141680121421814
1 0.2655119150876999 0.4344160705804825 0.02813580632209778 0.028576165437698364 0.2147294282913208
0 0.5970714688301086 0.48586060106754303 0.03029954433441162 0.12902042269706726 0.19034704566001892
1 0.3029090166091919 0.4381059408187866 0.024660229682922363 0.027751684188842773 0.18598471581935883
1 0.2347831353545189 0.42999808490276337 0.016028359532356262 0.020323067903518677 0.16547968983650208
0 0.14107630401849747 0.4368196576833725 0.007612451910972595 0.03928366303443909 0.10118373483419418
0 0.4624210000000001 0.4449930000000001 0.012326000000000004 0.05228070000000001 0.09301735711544502
1 0.22209028154611588 0.42735180258750916 0.02211691439151764 0.016827046871185303 0.08259233087301254
1 0.18469799999999997 0.423415 0.01973549999999999 0.014730799999999988 0.06701320570769816
1 0.2007889673113823 0.4288501590490341 0.014153406023979187 0.015969425439834595 0.06231734901666641
1 0.242967 0.42718500000000004 0.01190540000000001 0.01726460000000002 0.026961513570927756
