1 0.027931988413911313 0.43767890334129333 0.05260904098395258 0.04841095209121704 0.31389325857162476
1 0.11946333944797516 0.4417330026626587 0.0710492730140686 0.037723422050476074 0.2764817774295807
1 0.5028235167264938 0.4422819912433624 0.03138306736946106 0.04671978950500488 0.25509113073349
1 0.4973481595516205 0.554380476474762 0.13052290678024292 0.21203351020812988 0.23940809816122055
1 0.4140474200248718 0.4688180387020111 0.08255505561828613 0.08901506662368774 0.23859131336212158
1 0.21070462465286255 0.43407848477363586 0.06281819939613342 0.03809136152267456 0.22915908694267273
0 0.8989013135433197 0.4983532726764679 0.043218791484832764 0.19869333505630493 0.19555607438087463
0 0.99265 0.521031 0.01452690000000001 0.25018500000000005 0.0449603595232945
0 0.9707619000000001 0.528711 0.05847619999999998 0.28196 0.03601441590806258
1 0.28485 0.442021 0.03589819999999999 0.013650800000000018 0.01494641163186585
