1 0.4864833205938339 0.4794296622276306 0.06321576237678528 0.09338748455047607 0.23510614782571793
1 0.2870509773492813 0.43204158544540405 0.028833597898483276 0.02694791555404663 0.20686429738998413
1 0.2537892833352089 0.4288363605737686 0.015380606055259705 0.020690888166427612 0.19493287056684494
1 0.4042050540447235 0.44108618795871735 0.0339893102645874 0.03292861580848694 0.19446945190429688
0 0.8949218094348907 0.4984673410654068 0.03252071142196655 0.16126284003257751 0.19340167939662933
0 0.6176231205463409 0.4599580466747284 0.009451687335968018 0.048828840255737305 0.1683182567358017
0 0.4893129914999008 0.44504378736019135 0.011485308408737183 0.05627962946891785 0.16011765599250793
0 0.4331286996603012 0.43643349409103394 0.007939010858535767 0.037658870220184326 0.15150462090969086
1 0.32084013521671295 0.43456506729125977 0.022710293531417847 0.026041865348815918 0.14945412799715996
0 0.4199189394712448 0.433665931224823 0.007117360830307007 0.03841233253479004 0.12907369434833527
0 0.5512953400611877 0.4423845112323761 0.014156937599182129 0.05725300312042236 0.1206064522266388
1 0.970086 0.49418699999999993 0.05904200000000004 0.07704039999999995 0.03485121121994952
1 0.21794400000000003 0.426486 0.022539400000000015 0.014999399999999996 0.02960214920252881
2 0.486483 0.48304600000000003 0.064365 0.08342780000000005 0.017600282621936667
