1 0.8013111650943756 0.5639333724975586 0.39663058519363403 0.3240385055541992 0.23864800482988358
1 0.24449073523283005 0.4733160436153412 0.07366020977497101 0.1135755181312561 0.23077981173992157
1 0.05151906609535217 0.43669673800468445 0.04946553707122803 0.025211453437805176 0.21985995769500732
1 0.1866234615445137 0.44522733986377716 0.030690357089042664 0.041466325521469116 0.20100997388362885
1 0.007916476806613115 0.44709064066410065 0.01583293407040376 0.05401596426963806 0.19916583597660065
1 0.014161207480356097 0.4443051218986511 0.02523001516237855 0.03548717498779297 0.19419260323047638
1 0.17530078440904617 0.44139364361763 0.03207172453403473 0.03540891408920288 0.1803572103381157
0 0.14307238161563873 0.432001993060112 0.005230516195297241 0.026093274354934692 0.13280779123306274
0 0.28832899999999995 0.441382 0.013080099999999983 0.06139220000000001 0.09174726195905156
1 0.221831 0.45726600000000006 0.04801259999999999 0.06494850000000002 0.07369902502684575
0 0.11923899999999998 0.430901 0.006151699999999996 0.026876999999999984 0.039309771873007784
2 0.27539099999999994 0.506977 0.013846799999999992 0.041539999999999966 0.017062403318435945
