1 0.8610886931419373 0.5190084427595139 0.11337041854858398 0.15616300702095032 0.24079227447509766
1 0.4319198578596115 0.4484914392232895 0.051575034856796265 0.06802615523338318 0.23532737791538239
1 0.5304233133792877 0.44464100897312164 0.03628665208816528 0.042558878660202026 0.21914517879486084
0 0.33847182989120483 0.4543297588825226 0.020221471786499023 0.09082144498825073 0.18843668699264526
1 0.36503614485263824 0.44179627299308777 0.034426361322402954 0.035622358322143555 0.18781337141990662
0 0.38465042412281036 0.4441177695989609 0.01170298457145691 0.057071417570114136 0.16509264707565308
1 0.923506 0.428098 0.0303852 0.016875399999999985 0.046897475231872085
1 0.501343 0.428055 0.03593479999999999 0.025804500000000008 0.03509290001540355
1 0.889351 0.43296899999999994 0.03954239999999998 0.01968209999999998 0.029894468446352556
1 0.603829 0.43572 0.031124999999999958 0.020689999999999986 0.027620763174807345
