1 0.5496951937675476 0.4515954256057739 0.06034362316131592 0.05025017261505127 0.2335411012172699
1 0.6592820286750793 0.4449525624513626 0.05039393901824951 0.043071478605270386 0.2307257056236267
1 0.7700987160205841 0.44982945919036865 0.0519295334815979 0.04796093702316284 0.2278970330953598
1 0.8178257346153259 0.4413052648305893 0.04748070240020752 0.039430826902389526 0.22475096583366394
1 0.35134829580783844 0.4399072825908661 0.06318250298500061 0.048503994941711426 0.18464913964271545
1 0.9360485672950745 0.4583459347486496 0.06337785720825195 0.0766855776309967 0.18185950815677643
1 0.9457583725452423 0.5428541749715805 0.10806721448898315 0.27412691712379456 0.17039450258016586
1 0.7245849370956421 0.43572328984737396 0.04359126091003418 0.02827855944633484 0.1585148721933365
1 0.8890146017074585 0.43811479210853577 0.04372298717498779 0.026359975337982178 0.11592710763216019
0 0.681675 0.43818 0.007428300000000054 0.04386269999999998 0.03246006396041514
1 0.36621000000000004 0.443557 0.032760100000000014 0.04460989999999998 0.01830201997832508
