1 0.49587126076221466 0.6753930002450943 0.2776484191417694 0.3885616958141327 0.2435024231672287
1 0.23148417472839355 0.4487040042877197 0.09924817085266113 0.06452780961990356 0.23257310688495636
1 0.4382420927286148 0.44428853690624237 0.04107204079627991 0.06055125594139099 0.2203376144170761
1 0.4979432672262192 0.5169262290000916 0.11404648423194885 0.16522729396820068 0.18138207495212555
1 0.49860048294067383 0.47478437423706055 0.08394169807434082 0.130761981010437 0.1803661435842514
0 0.5812605619430542 0.43812988698482513 0.009414076805114746 0.04961380362510681 0.16526712477207184
0 0.5701926350593567 0.4331446886062622 0.00822150707244873 0.04499083757400513 0.16056758165359497
0 0.6319005489349365 0.44550028443336487 0.007401227951049805 0.05529826879501343 0.14049933850765228
1 0.932276 0.461058 0.11768500000000004 0.074762 0.052627711975044116
1 0.44779199999999997 0.434625 0.02970299999999998 0.036506099999999986 0.04878542865426351
1 0.34237700000000004 0.443608 0.01413700000000001 0.016013100000000002 0.015274875229359086
1 0.460016 0.436416 0.010869399999999974 0.020464099999999985 0.014322295389126275
1 0.32343200000000005 0.445301 0.018517300000000014 0.017357100000000014 0.012239704779843489
1 0.5371649999999999 0.43846700000000005 0.011704599999999954 0.01241730000000002 0.01060446829286225
