0 0.5601118505001068 0.43396663665771484 0.006784975528717041 0.03665715456008911 0.12956957519054413
0 0.5231741070747375 0.4445274621248245 0.011272430419921875 0.049307793378829956 0.11233370751142502
1 0.464357852935791 0.4364337921142578 0.019040286540985107 0.026728332042694092 0.09609328955411911
0 0.454334 0.4359700000000001 0.010945199999999988 0.045860100000000015 0.09122739092546052
1 0.8122320000000001 0.441812 0.08278620000000003 0.05296279999999998 0.06811419448231547
2 0.454278 0.436046 0.010047499999999987 0.041633299999999984 0.06589241189415318
1 0.691224 0.43942 0.06828670000000003 0.04641050000000002 0.05197289732321525
2 0.455918 0.445199 0.008473869999999994 0.02599499999999999 0.02421141410800128
1 0.517984 0.453572 0.0197214 0.027195299999999978 0.013951814888755715
1 0.486879 0.42764499999999994 0.011180199999999973 0.015247799999999978 0.012807798485413299
