1 0.4976640045642853 0.5418291836977005 0.14540880918502808 0.22090372443199158 0.23989903181791306
1 0.21391601860523224 0.43828554451465607 0.045402735471725464 0.04420772194862366 0.2078191190958023
0 0.6057946383953094 0.44456781446933746 0.014032185077667236 0.0638451874256134 0.18466350436210632
0 0.28160808980464935 0.45057305693626404 0.015950649976730347 0.08157658576965332 0.18259190022945404
1 0.49958957731723785 0.42966458201408386 0.020633667707443237 0.0304754376411438 0.17792198807001114
0 0.3193506896495819 0.4434432238340378 0.0140000581741333 0.06824424862861633 0.16864551603794098
0 0.40596403181552887 0.43229760229587555 0.005250483751296997 0.029020994901657104 0.14177028834819794
1 0.154293 0.442659 0.04529649999999999 0.03701139999999997 0.09342176495300031
0 0.512873 0.431242 0.007536320000000041 0.03261550000000002 0.03655218511564906
1 0.167269 0.447518 0.028575099999999992 0.022699899999999995 0.023858440650496273
1 0.147186 0.443369 0.0304894 0.019774500000000028 0.01898156863319401
1 0.0521581 0.442643 0.05176820000000001 0.03538459999999999 0.017991299473713564
