1 0.4995032846927643 0.4530346244573593 0.03735727071762085 0.05606159567832947 0.23183965682983398
1 0.5735436975955963 0.43592679500579834 0.02055305242538452 0.028186798095703125 0.21693002432584763
1 0.8770295083522797 0.44913002848625183 0.09045356512069702 0.06830358505249023 0.1879655122756958
1 0.9623343348503113 0.45920296013355255 0.0750877857208252 0.06800773739814758 0.1805269829928875
0 0.6915218532085419 0.4439750909805298 0.011323869228363037 0.05016148090362549 0.17607344686985016
0 0.6034868359565735 0.43042463064193726 0.006453990936279297 0.0317348837852478 0.08513371646404266
1 0.903794 0.458855 0.030420699999999967 0.03753400000000001 0.033155663953838184
1 0.8543903529644012 0.4548330157995224 0.02867990732192993 0.04551556706428528 0.02834472805261612
1 0.501275 0.422347 0.01644019999999996 0.011956999999999995 0.01307724957886535
1 0.878309 0.4512010000000001 0.020288799999999996 0.02514440000000001 0.012371420688863415
