1 0.668870747089386 0.49902546405792236 0.11527144908905029 0.15634191036224365 0.2414906993508339
1 0.2936645895242691 0.4721023738384247 0.06200864911079407 0.08300668001174927 0.2348199188709259
1 0.3908838927745819 0.4487733840942383 0.044725120067596436 0.06134605407714844 0.23041285574436188
1 0.3692146986722946 0.437359943985939 0.039844781160354614 0.04521152377128601 0.22145342826843262
1 0.5016629993915558 0.4423947334289551 0.023828566074371338 0.03607577085494995 0.220228873193264
1 0.5629140734672546 0.4514304846525192 0.035335659980773926 0.04653981328010559 0.2192366123199463
1 0.5512610077857971 0.4444964826107025 0.0283738374710083 0.04067736864089966 0.2121005281805992
1 0.0554138292773132 0.5428318232297897 0.11075545451967628 0.20623591542243958 0.1906648874282837
1 0.9365346133708954 0.4745035469532013 0.12693077325820923 0.10630863904953003 0.13056053221225739
1 0.9533807039260864 0.7785000205039978 0.09224462509155273 0.4429665803909302 0.0298283863812685
