1 0.11631167307496071 0.5184759795665741 0.1451241299510002 0.1589246392250061 0.24109487235546112
1 0.6285713016986847 0.4803065061569214 0.08108144998550415 0.11960375308990479 0.23970016837120056
1 0.22001204639673233 0.4979412853717804 0.10943351686000824 0.10595089197158813 0.23600904643535614
1 0.27303337305784225 0.47032003104686737 0.09645326435565948 0.11964026093482971 0.23543120920658112
1 0.5478406548500061 0.4411813020706177 0.03148698806762695 0.050263822078704834 0.21656851470470428
1 0.46380119025707245 0.4319433569908142 0.021318823099136353 0.030942320823669434 0.18213507905602455
1 0.6010628640651703 0.46513698995113373 0.059808313846588135 0.0953315794467926 0.17977121472358704
1 0.5722569823265076 0.4519228935241699 0.046227455139160156 0.07201147079467773 0.08110170811414719
1 0.41865 0.439961 0.025034200000000006 0.030658999999999992 0.03482316060969527
1 0.438574 0.436569 0.016611700000000007 0.02184720000000001 0.023866466351045872
1 0.478274 0.42791 0.010839700000000008 0.019663299999999995 0.02041443157298334
2 0.555013 0.463461 0.014140900000000012 0.05124829999999997 0.0161629347318402
1 0.5218690000000001 0.42663700000000004 0.018727700000000014 0.017953300000000005 0.010026421144944161
