1 0.2907886654138565 0.4840632826089859 0.09767898917198181 0.13067230582237244 0.2402760237455368
1 0.5676756501197815 0.4734702855348587 0.05694019794464111 0.08401724696159363 0.23054251074790955
1 0.39764222502708435 0.44992879033088684 0.043582141399383545 0.0594480037689209 0.23035410046577454
1 0.44219088554382324 0.4429420828819275 0.03664213418960571 0.05496472120285034 0.22317640483379364
1 0.49942049384117126 0.44208505749702454 0.026229679584503174 0.03941357135772705 0.2191055864095688
1 0.536592036485672 0.44432441890239716 0.036074697971343994 0.04730674624443054 0.20823030173778534
1 0.33018530905246735 0.4697922617197037 0.07078352570533752 0.08996054530143738 0.1953282728791237
1 0.5228019058704376 0.4339748024940491 0.027268588542938232 0.03464102745056152 0.1749105304479599
1 0.3213980000000001 0.431224 0.02879320000000002 0.04086719999999999 0.07892717443761174
1 0.4533769999999999 0.43075399999999997 0.038818399999999975 0.026581699999999986 0.04669826981357668
1 0.41741400000000006 0.445592 0.02347260000000001 0.03787849999999998 0.03443029844345061
1 0.3507330000000001 0.470123 0.03003070000000002 0.08618329999999996 0.03439382497196097
1 0.0561711 0.607104 0.112342 0.36703700000000006 0.03288841599387034
2 0.250455 0.523093 0.019145999999999996 0.05417160000000004 0.030575676618826934
2 0.548463 0.477761 0.014365799999999984 0.07122819999999996 0.01807297277930656
2 0.412629 0.457536 0.01343939999999999 0.043947599999999976 0.015557899198740609
1 0.462278 0.42805099999999996 0.012764200000000003 0.01538489999999998 0.01175257622981819
1 0.516356 0.444642 0.013846000000000025 0.02891100000000002 0.010769073837467795
