1 0.741692841053009 0.5000965297222137 0.10804331302642822 0.13305705785751343 0.23979632556438446
1 0.04410739060438118 0.46909117698669434 0.0882125235359581 0.09635782241821289 0.23926745355129242
1 0.6843513250350952 0.47483402490615845 0.06130266189575195 0.08659851551055908 0.2305256426334381
1 0.29697754979133606 0.4411155730485916 0.05698782205581665 0.0619371235370636 0.22118353843688965
1 0.14151748269796371 0.43503502011299133 0.051709845662117004 0.03274780511856079 0.20113498717546463
1 0.10055986791849136 0.44171003997325897 0.04106418788433075 0.052989572286605835 0.19521385431289673
1 0.8844061195850372 0.4492279291152954 0.10654193162918091 0.07484668493270874 0.1936962753534317
1 0.672164 0.437272 0.033011400000000024 0.02765449999999997 0.05000115335151456
0 0.417133 0.43125199999999997 0.00912476000000001 0.04499049999999999 0.03453438836903788
1 0.296534 0.456809 0.0569887 0.03257389999999999 0.028448590581497096
