1 0.4980458766222 0.5058797150850296 0.08723339438438416 0.13758203387260437 0.2399420142173767
1 0.8881780207157135 0.4898747503757477 0.2233622670173645 0.16370755434036255 0.2369135469198227
1 0.3979710638523102 0.4443883001804352 0.036285340785980225 0.037821948528289795 0.22863009572029114
1 0.32618606090545654 0.44311924278736115 0.028130829334259033 0.034988194704055786 0.2231360524892807
1 0.21603453159332275 0.4305490255355835 0.02245485782623291 0.024566650390625 0.2164859175682068
1 0.27723507583141327 0.4334566593170166 0.02666512131690979 0.026742756366729736 0.21055754274129868
1 0.31443464756011963 0.4366127848625183 0.02482062578201294 0.029128074645996094 0.16634921729564667
1 0.23313970863819122 0.4295531064271927 0.01724490523338318 0.021774381399154663 0.14647267758846283
1 0.24497800000000003 0.430321 0.016888900000000012 0.022495900000000013 0.08793858173787963
1 0.16035335510969162 0.42548535764217377 0.024488165974617004 0.017230063676834106 0.055740900337696075
0 0.908625 0.46473899999999996 0.025785100000000005 0.11545799999999995 0.03784865220360977
1 0.309416 0.44058 0.015166400000000024 0.01885530000000002 0.02447582946777515
