1 0.4281771034002304 0.5809542387723923 0.15884390473365784 0.2588200867176056 0.2407151386141777
1 0.5060445964336395 0.4663263112306595 0.06493896245956421 0.07284697890281677 0.2350674271583557
1 0.32086609303951263 0.4427744895219803 0.03489115834236145 0.0426500141620636 0.22837677597999573
1 0.4040379971265793 0.4475690424442291 0.03430435061454773 0.04029428958892822 0.22404277324676514
1 0.3671113848686218 0.4406803995370865 0.03486156463623047 0.038217395544052124 0.22042518854141235
1 0.24671638011932373 0.42767781019210815 0.022407472133636475 0.01999497413635254 0.20338348299264908
1 0.3000785559415817 0.43815892934799194 0.021356970071792603 0.02926534414291382 0.18509047105908394
1 0.2751704752445221 0.4277963787317276 0.01738530397415161 0.020472079515457153 0.13913589715957642
1 0.3378716707229614 0.4347662031650543 0.03640216588973999 0.031792521476745605 0.08709467947483063
1 0.280504 0.44040899999999994 0.02212219999999998 0.020373299999999983 0.025205342042732278
