1 0.08515774652187247 0.5301917940378189 0.1699057331716176 0.22752556204795837 0.23782101273536682
1 0.3330967575311661 0.45924438536167145 0.04538193345069885 0.06776741147041321 0.23262354731559753
1 0.4993988275527954 0.4442480802536011 0.03832125663757324 0.058642685413360596 0.2307385504245758
1 0.3707263022661209 0.44624917209148407 0.04736611247062683 0.06231066584587097 0.22339382767677307
1 0.542493462562561 0.4384065121412277 0.028602957725524902 0.04103556275367737 0.2230834811925888
1 0.4007616937160492 0.44146728515625 0.0289919376373291 0.03898376226425171 0.21569697558879852
1 0.44368234276771545 0.4306675046682358 0.020367801189422607 0.02691689133644104 0.10736314952373505
0 0.235174 0.457974 0.012654699999999991 0.0597975 0.07518901409140369
1 0.46300019323825836 0.427065446972847 0.016240686178207397 0.01950851082801819 0.07384766638278961
1 0.454132 0.426992 0.020026199999999994 0.02191540000000003 0.03250521057306984
