1 0.4982302039861679 0.515611082315445 0.09786167740821838 0.1576595902442932 0.2382461428642273
1 0.4343678504228592 0.44710302352905273 0.04349735379219055 0.06129336357116699 0.22589115053415298
1 0.28084975481033325 0.4396957457065582 0.07010865211486816 0.040296971797943115 0.21349851787090302
1 0.49708983302116394 0.45458240807056427 0.050884902477264404 0.07981941103935242 0.20920667052268982
1 0.593821793794632 0.4376865476369858 0.06253618001937866 0.04035612940788269 0.20697741955518723
1 0.4531604051589966 0.44027264416217804 0.035485148429870605 0.03296712040901184 0.11222588270902634
1 0.480882 0.435779 0.03169480000000002 0.039879300000000006 0.0634395159541869
1 0.6818440000000001 0.422728 0.043651100000000054 0.06886180000000003 0.022252277657172654
1 0.46043900000000004 0.432849 0.016478700000000013 0.018159900000000007 0.020080420800110233
1 0.49929000000000007 0.428815 0.04276500000000005 0.03148240000000002 0.019253773643501313
