1 0.5776915103197098 0.653988778591156 0.2438426911830902 0.4122658967971802 0.24174899607896805
2 0.4321650117635727 0.45633329451084137 0.05343255400657654 0.08830782771110535 0.23203984647989273
1 0.9271449148654938 0.45867982506752014 0.06384915113449097 0.0752667784690857 0.22828596085309982
1 0.800680547952652 0.4399311989545822 0.04608529806137085 0.037088245153427124 0.223992258310318
1 0.8649092614650726 0.4421969801187515 0.041470468044281006 0.053500860929489136 0.21704833209514618
1 0.5279881805181503 0.4532877504825592 0.06061866879463196 0.05179858207702637 0.2117556408047676
1 0.3255559802055359 0.44102905690670013 0.06376010179519653 0.05060651898384094 0.19401957839727402
1 0.6160639822483063 0.44874444603919983 0.08284145593643188 0.07229077816009521 0.1841723471879959
1 0.9557541906833649 0.5445202142000198 0.08824008703231812 0.3396718204021454 0.11903062462806702
1 0.6427203714847565 0.4467075616121292 0.04887622594833374 0.041049450635910034 0.09675382822751999
1 0.7072209999999999 0.434811 0.0431608 0.02885110000000002 0.0951001664063981
1 0.34054000000000006 0.443646 0.0342963 0.04653970000000002 0.03564902093291698
