1 0.14572006836533546 0.5388064682483673 0.17279868572950363 0.1634564995765686 0.2403113842010498
1 0.499811515212059 0.5142362415790558 0.09617117047309875 0.15138357877731323 0.2400517463684082
1 0.2389126643538475 0.4914899915456772 0.13486774265766144 0.16427496075630188 0.23952919244766235
1 0.39036494493484497 0.44942252337932587 0.04951894283294678 0.06754961609840393 0.2319207489490509
1 0.4251262843608856 0.43863874673843384 0.028007566928863525 0.038993895053863525 0.2156876176595688
1 0.789333701133728 0.4528990238904953 0.11763346195220947 0.08201870322227478 0.19307053089141846
1 0.5373779237270355 0.4494311511516571 0.05018097162246704 0.06518858671188354 0.186695147305727
1 0.572250097990036 0.47218790650367737 0.06543749570846558 0.11140614748001099 0.18352113664150238
1 0.49994371831417084 0.4638856053352356 0.045199304819107056 0.06668370962142944 0.16776621341705322
1 0.8416573703289032 0.7142639458179474 0.3165917992591858 0.5623440146446228 0.14891506731510162
1 0.05191483311682532 0.6051042079925537 0.10379467978418688 0.2862147092819214 0.11340899020433426
0 0.6034266352653503 0.4460535943508148 0.011798977851867676 0.056293487548828125 0.10899882018566132
1 0.44170111417770386 0.43568430840969086 0.02053624391555786 0.02900800108909607 0.08828292600810528
1 0.499092 0.441704 0.032669599999999965 0.017556799999999984 0.029296442897891482
1 0.5178499999999999 0.439099 0.02607689999999996 0.03893380000000002 0.028716163846690772
1 0.477853 0.426342 0.016372700000000018 0.015494600000000025 0.025553083058212304
1 0.457483 0.433176 0.014973300000000023 0.017917000000000016 0.023543667953940587
1 0.5134670000000001 0.427797 0.019354500000000052 0.0181558 0.012696146827767377
1 0.5422579999999999 0.495763 0.018079199999999962 0.06467349999999994 0.012417253733668736
