1 0.8632634878158569 0.576716274023056 0.26454246044158936 0.30257946252822876 0.2402161806821823
1 0.15829027444124222 0.4556061774492264 0.059783533215522766 0.0730198323726654 0.2300529107451439
1 0.6558997631072998 0.4718029797077179 0.06880712509155273 0.08508890867233276 0.22843396663665771
1 0.7990172803401947 0.4427437037229538 0.082355797290802 0.058086246252059937 0.18939773738384247
1 0.6410988867282867 0.4589158892631531 0.05369621515274048 0.06710189580917358 0.16735035181045532
1 0.08368527535640169 0.7408726215362549 0.16734439841820858 0.5176855325698853 0.12943609058856964
1 0.18726741522550583 0.4380330741405487 0.06932498514652252 0.03760933876037598 0.11529482156038284
1 0.136944 0.447903 0.046429999999999985 0.04004269999999999 0.06131078274453495
1 0.6483410000000001 0.44628 0.044896500000000006 0.04940430000000001 0.04002636453891101
1 0.203972 0.440327 0.0332354 0.02867799999999998 0.026139942740067208
