1 0.3756805509328842 0.42453062534332275 0.11675587296485901 0.21917808055877686 0.2375851795077324
1 0.5523504018783569 0.4440993070602417 0.028278470039367676 0.04220914840698242 0.22771498560905457
1 0.7275002896785736 0.43431356549263 0.08082395792007446 0.043891191482543945 0.17649228870868683
1 0.8239932060241699 0.43290087580680847 0.06148850917816162 0.034864723682403564 0.1650254726409912
1 0.755917 0.43777200000000005 0.06984840000000003 0.0449329 0.07851621987986304
1 0.8603719999999999 0.437591 0.04701999999999995 0.02986739999999999 0.07587748409235379
1 0.8858630000000001 0.44097 0.04459080000000004 0.0326843 0.06780578813093732
1 0.9115820000000001 0.442947 0.06108250000000004 0.03666649999999999 0.056614798538416194
1 0.664123 0.431278 0.020843900000000026 0.019756600000000013 0.038658102955303746
1 0.914292 0.443386 0.0326206 0.02392050000000001 0.015904145230784924
