1 0.23735003918409348 0.587907150387764 0.25344689190387726 0.2683041989803314 0.23613061755895615
0 0.6876211762428284 0.5084600299596786 0.030104875564575195 0.1853267252445221 0.19284206628799438
1 0.5054194182157516 0.4538934677839279 0.03783336281776428 0.05242040753364563 0.17366757988929749
1 0.2911151126027107 0.5206385850906372 0.2774351090192795 0.23743820190429688 0.1713152825832367
0 0.5734534859657288 0.4535839855670929 0.011108875274658203 0.05636388063430786 0.08156585693359375
0 0.5601212680339813 0.4474676549434662 0.007488906383514404 0.04186117649078369 0.05713440105319023
2 0.504364 0.465466 0.027120199999999983 0.08254269999999997 0.05334709240397005
0 0.436589 0.43952 0.005912399999999984 0.030818999999999985 0.033770543084173314
1 0.790904 0.50675275 0.417631 0.9864945 0.02724693863254112
1 0.6096699999999999 0.43139099999999997 0.015471499999999971 0.03861189999999998 0.018003574074554128
