1 0.3190452307462692 0.4752088636159897 0.08024176955223083 0.11088576912879944 0.23733805865049362
1 0.16119854152202606 0.46681322157382965 0.08102810382843018 0.1100446879863739 0.19762860238552094
0 0.02331193396821618 0.478231742978096 0.02235084306448698 0.11548325419425964 0.18635593354701996
1 0.7210047543048859 0.43743209540843964 0.04820734262466431 0.024892717599868774 0.18312805891036987
1 0.7758440971374512 0.43580254912376404 0.04412198066711426 0.027291715145111084 0.16797061264514923
1 0.4275946468114853 0.4364308565855026 0.046153634786605835 0.026586025953292847 0.14352422207593918
0 0.09840677678585052 0.4459637850522995 0.015394479036331177 0.06399920582771301 0.13791164755821228
1 0.314126 0.44006199999999995 0.0431165 0.052532599999999985 0.07480593312024629
2 0.276458 0.44357599999999997 0.01696979999999998 0.062325699999999984 0.06623966659112018
1 0.110075 0.447867 0.041458700000000015 0.04838819999999999 0.0556341121737113
1 0.662556 0.434658 0.04199660000000005 0.027285300000000012 0.05152271355374448
2 0.279046 0.4565389999999999 0.016533399999999976 0.043993899999999975 0.012151972857168928
