1 0.38996437191963196 0.44750624895095825 0.040998101234436035 0.04369616508483887 0.23044176399707794
1 0.3022116720676422 0.4393211752176285 0.025512278079986572 0.025569051504135132 0.21639858931303024
1 0.26544204354286194 0.4342114180326462 0.029942572116851807 0.029906421899795532 0.21260621398687363
1 0.23383192718029022 0.42961806058883667 0.016732633113861084 0.021887362003326416 0.19495119899511337
1 0.1536380797624588 0.42343002557754517 0.019589096307754517 0.018368959426879883 0.1430066078901291
0 0.107918 0.427799 0.008083389999999996 0.04171619999999998 0.0633086882414989
1 0.220143 0.423858 0.017374 0.010873299999999975 0.055301000811859964
0 0.11222300000000002 0.427166 0.009682750000000004 0.0417748 0.04423192090917808
0 0.28007099999999996 0.429012 0.007853889999999975 0.029281 0.030350882737894817
1 0.211386 0.42319000000000007 0.018783400000000006 0.010602500000000015 0.027764855462430498
1 0.125111 0.427434 0.019905800000000015 0.01694810000000002 0.02460620776003681
