1 0.3455728441476822 0.443386971950531 0.029111117124557495 0.03740561008453369 0.2708784341812134
1 0.5043778866529465 0.5191765874624252 0.11594393849372864 0.15683892369270325 0.2395363450050354
1 0.034630742723038566 0.48484398424625397 0.06924407769383834 0.10724183917045593 0.23768556118011475
1 0.40461064875125885 0.4651234596967697 0.06449124217033386 0.08921638131141663 0.2372296005487442
1 0.13967444747686386 0.4593372792005539 0.04571346938610077 0.06530013680458069 0.22834829986095428
1 0.21902908384799957 0.45491527020931244 0.04173421859741211 0.06001242995262146 0.22594155371189117
1 0.1774917170405388 0.43512551486492157 0.03489868342876434 0.03996893763542175 0.19575787335634232
1 0.5974148809909821 0.45142626762390137 0.11077755689620972 0.0653696060180664 0.1874314397573471
0 0.5531033277511597 0.4815286844968796 0.028595685958862305 0.11928477883338928 0.18168437480926514
1 0.2054797112941742 0.4434213638305664 0.03813892602920532 0.050417959690093994 0.17584839463233948
1 0.335868 0.440458 0.01691290000000001 0.029029499999999986 0.02231593247819841
