1 0.554140567779541 0.4440053552389145 0.09360277652740479 0.06051960587501526 0.23704004287719727
1 0.18437295407056808 0.45230720937252045 0.11012135446071625 0.09249415993690491 0.23441246151924133
1 0.02505307524916134 0.4479748606681824 0.05004202068812447 0.07398587465286255 0.23256056010723114
1 0.3609675019979477 0.4634847491979599 0.12267491221427917 0.06933233141899109 0.22555634379386902
1 0.1389995887875557 0.44924744963645935 0.07160206139087677 0.05665326118469238 0.2197466790676117
1 0.9650527238845825 0.5013700872659683 0.06959939002990723 0.14692458510398865 0.21081963926553726
1 0.2349405437707901 0.4399357885122299 0.09658089280128479 0.062997967004776 0.1910301223397255
0 0.6509029567241669 0.5420123040676117 0.026874959468841553 0.1489676833152771 0.19017291069030762
1 0.3397698700428009 0.44282978773117065 0.0802149772644043 0.04916250705718994 0.16041967272758484
1 0.3945375978946686 0.45025908946990967 0.0927361249923706 0.05452245473861694 0.13808822631835938
1 0.9777858853340149 0.45697757601737976 0.04426372051239014 0.08929973840713501 0.11886224895715714
1 0.256732 0.440987 0.05189030000000003 0.05689499999999997 0.03485172266165121
1 0.9839340000000001 0.423226 0.031213000000000046 0.01530609999999999 0.01769151595318434
