1 0.6002321839332581 0.434968039393425 0.02444756031036377 0.02963283658027649 0.2336534559726715
1 0.6370522081851959 0.4725142866373062 0.07140392065048218 0.10609444975852966 0.2327859252691269
1 0.5288595259189606 0.4686988890171051 0.06751352548599243 0.1045873761177063 0.18311277031898499
0 0.5776021182537079 0.49875083565711975 0.02913755178451538 0.10659724473953247 0.1823723018169403
0 0.9647856950759888 0.5062516033649445 0.0354081392288208 0.18211907148361206 0.18211515247821808
1 0.5663348138332367 0.44875258207321167 0.04447656869888306 0.06340283155441284 0.1596439778804779
1 0.5481374561786652 0.45898865163326263 0.05493122339248657 0.0764441192150116 0.14818480610847473
1 0.6638371646404266 0.43164660036563873 0.030514895915985107 0.029248088598251343 0.11918272078037262
0 0.704659 0.428868 0.005455399999999999 0.027603600000000006 0.036318162888132666
1 0.6575769999999999 0.436405 0.02294739999999995 0.03590559999999998 0.025451950651894383
1 0.663126 0.42641000000000007 0.022222500000000034 0.018479100000000026 0.025325788745263932
