1 0.7513779401779175 0.5042122453451157 0.11554670333862305 0.14033451676368713 0.24111762642860413
1 0.059872097728657536 0.5668237060308456 0.11957748341956176 0.3317233622074127 0.23249385505914688
1 0.6868221163749695 0.47494885325431824 0.06518745422363281 0.08761531114578247 0.2319938987493515
1 0.89132159948349 0.44969630241394043 0.11082148551940918 0.07851743698120117 0.19394834339618683
1 0.1337842047214508 0.4365404099225998 0.05413353443145752 0.03466781973838806 0.10739660263061523
0 0.801 0.460192 0.023406000000000038 0.11596799999999996 0.09568940708606821
0 0.57456 0.439258 0.010565900000000017 0.050753099999999995 0.08795922064084531
1 0.673322 0.44069500000000006 0.03537179999999995 0.0341012 0.06782245102426587
0 0.73444 0.449628 0.011645899999999987 0.06566179999999999 0.05901166864404461
0 0.221197 0.427071 0.0068032299999999934 0.029727899999999974 0.03551014983702635
