1 0.42417488992214203 0.506201297044754 0.11736014485359192 0.13887077569961548 0.24075333774089813
1 0.9755440950393677 0.46591971814632416 0.048784732818603516 0.1068820059299469 0.23034386336803436
1 0.926582932472229 0.4424075186252594 0.03300118446350098 0.03678476810455322 0.2155500054359436
0 0.6221924424171448 0.4442289471626282 0.012724637985229492 0.06340682506561279 0.18214289844036102
1 0.95417320728302 0.4343758821487427 0.0369722843170166 0.02845025062561035 0.12757888063788414
1 0.8153902888298035 0.4379415959119797 0.03821456432342529 0.027237385511398315 0.08657822757959366
0 0.785368 0.42532900000000007 0.007617760000000029 0.033111100000000004 0.0779610480808384
0 0.7694110000000001 0.42711599999999994 0.006391020000000025 0.02853549999999999 0.061847339250956826
1 0.784567 0.430365 0.03168280000000001 0.0164609 0.05544715819048469
1 0.9243759999999999 0.431509 0.02610699999999999 0.02915509999999999 0.03400259263595556
1 0.894825 0.43921699999999997 0.0296284 0.027247999999999994 0.011546268515690204
