1 0.4567773789167404 0.4560060203075409 0.052988797426223755 0.058332979679107666 0.23298747092485428
2 0.387540802359581 0.4569542855024338 0.026569277048110962 0.08724012970924377 0.21775659173727036
1 0.3580353111028671 0.44277335703372955 0.03087899088859558 0.03380140662193298 0.2083723470568657
0 0.5872136354446411 0.45477209985256195 0.02051711082458496 0.08948996663093567 0.18787214159965515
0 0.5363838970661163 0.4486541152000427 0.015165865421295166 0.07251322269439697 0.18727172911167145
0 0.12027726322412491 0.4504697769880295 0.01531343162059784 0.0807865560054779 0.18619003891944885
0 0.44310589134693146 0.4404902756214142 0.010529369115829468 0.051235198974609375 0.1447409987449646
1 0.18775516748428345 0.42713330686092377 0.02335086464881897 0.019882649183273315 0.0852104127407074
1 0.29522325098514557 0.4309210777282715 0.01824137568473816 0.0247763991355896 0.0833856463432312
0 0.353233 0.432114 0.009579090000000012 0.046638100000000016 0.04343468595184272
1 0.55786 0.94679 0.09660879999999994 0.10582999999999998 0.020097534426282183
1 0.162303 0.43117 0.02130080000000001 0.019175700000000018 0.01441313530368034
