1 0.818651407957077 0.515804186463356 0.12072378396987915 0.14140579104423523 0.2399594932794571
1 0.17598066106438637 0.473103791475296 0.1662888452410698 0.1310984492301941 0.23711896687746048
1 0.8388988375663757 0.4513070732355118 0.057150840759277344 0.07595661282539368 0.21582696586847305
0 0.8921850621700287 0.46981967985630035 0.03241699934005737 0.13357767462730408 0.19283853471279144
1 0.9366914927959442 0.4345914423465729 0.03245419263839722 0.03478795289993286 0.16532918438315392
0 0.872212 0.460579 0.02486109999999997 0.10546299999999997 0.08752213454026106
1 0.511783 0.424569 0.02545430000000004 0.017171099999999995 0.06565589402542107
1 0.820868581533432 0.4426926076412201 0.04201763868331909 0.037149906158447266 0.06543737649917603
1 0.145287 0.42335200000000006 0.025917899999999994 0.014666200000000018 0.05182454996432451
1 0.806095 0.44164100000000006 0.022197699999999987 0.013629700000000022 0.016688382067822916
