1 0.49587975442409515 0.6592955440282822 0.25954869389533997 0.37044838070869446 0.23254229128360748
0 0.6318508386611938 0.4565243571996689 0.01710951328277588 0.07564911246299744 0.18333101272583008
0 0.4170618802309036 0.4310819208621979 0.005311518907546997 0.02945685386657715 0.11916765570640564
1 0.5004148036241531 0.4310961365699768 0.019121497869491577 0.029786288738250732 0.1157495304942131
1 0.657875657081604 0.43760882318019867 0.0703045129776001 0.042797237634658813 0.10792046040296555
0 0.59226 0.43236399999999997 0.010900200000000027 0.048720299999999994 0.08010462747496819
1 0.283349 0.43699 0.07506639999999998 0.04877029999999999 0.06956567531603217
1 0.468085 0.43591 0.017425000000000024 0.023316100000000006 0.055917146998883116
1 0.194813 0.442888 0.0681136 0.0457187 0.03714615962293773
0 0.323859 0.435543 0.009217639999999971 0.04381489999999999 0.03510043240485826
1 0.478555 0.428097 0.019592500000000013 0.02185959999999998 0.02539101207057854
1 0.0988739 0.47312599999999994 0.03171589999999999 0.025243799999999983 0.018507304809049684
