1 0.15872411215968896 0.6084443032741547 0.3169378979073372 0.3887888789176941 0.24195203930139542
1 0.7206540107727051 0.4839949905872345 0.09639108180999756 0.1292148232460022 0.21556895971298218
1 0.6763982176780701 0.45414480566978455 0.047477126121520996 0.061890482902526855 0.21054522693157196
1 0.8040447235107422 0.43966057896614075 0.06951773166656494 0.048280298709869385 0.18523773550987244
1 0.2955181896686554 0.44405318796634674 0.048729658126831055 0.05538108944892883 0.1611739546060562
0 0.773089736700058 0.45933401584625244 0.01571112871170044 0.0828084945678711 0.14550082385540009
0 0.8029647767543793 0.4620853066444397 0.022167861461639404 0.09481942653656006 0.1286323219537735
0 0.692698 0.43741300000000005 0.009278490000000028 0.04901070000000002 0.05401395829090554
1 0.699225 0.436859 0.026471699999999987 0.029809099999999977 0.03152390898081818
1 0.556146 0.425651 0.022764600000000024 0.013810099999999992 0.024512544334297358
1 0.307314 0.44467599999999996 0.024484600000000023 0.05021789999999998 0.010820926157685318
