1 0.1610880084335804 0.4853285402059555 0.08849027007818222 0.10696497559547424 0.23784244805574417
1 0.2850866764783859 0.4529334008693695 0.05363646149635315 0.06853359937667847 0.23050525784492493
1 0.43992599844932556 0.4498637914657593 0.03981924057006836 0.05097174644470215 0.22769880294799805
1 0.59306800365448 0.4388442039489746 0.04874861240386963 0.035748064517974854 0.18034330010414124
1 0.0352760435489472 0.5418188869953156 0.07024855288909748 0.179692804813385 0.14786512032151222
0 0.42965033650398254 0.4345847815275192 0.007794737815856934 0.037479013204574585 0.11435701698064804
0 0.40816426277160645 0.42904360592365265 0.00602567195892334 0.027654975652694702 0.10224869102239609
0 0.5034753978252411 0.43764954805374146 0.006699264049530029 0.03566187620162964 0.08144976198673248
0 0.6294500000000001 0.4397960000000001 0.0110209 0.044754000000000016 0.044929171847701926
2 0.034992199999999994 0.539324 0.06978309999999999 0.16857699999999998 0.023491697608714984
