1 0.8824818730354309 0.46190761029720306 0.06491100788116455 0.08422830700874329 0.23412494361400604
1 0.4524287283420563 0.4551251232624054 0.06720000505447388 0.055470168590545654 0.23081523925065994
1 0.5722138285636902 0.44734394550323486 0.05408823490142822 0.04554086923599243 0.23000071942806244
1 0.7349125146865845 0.4398919641971588 0.046527862548828125 0.038692593574523926 0.227103553712368
1 0.2276880070567131 0.44241665303707123 0.07035781443119049 0.05537000298500061 0.19165079295635223
0 0.1434370055794716 0.4527426064014435 0.011853352189064026 0.07288062572479248 0.17784959077835083
1 0.6364487111568451 0.43590879440307617 0.04528719186782837 0.029352903366088867 0.1358698159456253
1 0.6216030000000001 0.434907 0.041534300000000024 0.026586200000000004 0.07922632749320653
1 0.985404 0.682375 0.027991499999999947 0.274628 0.016746765105154326
1 0.243079 0.44633 0.04036859999999998 0.05177729999999997 0.01610907598648528
1 0.00596634 0.0238567 0.0119117 0.0477134 0.0004500412407520597
