1 0.13939573615789413 0.5094708055257797 0.17121000587940216 0.1787962019443512 0.239470437169075
1 0.6476404368877411 0.4905128628015518 0.13090366125106812 0.16358503699302673 0.23888037353754044
1 0.2212977260351181 0.4854750633239746 0.11747118830680847 0.1278001070022583 0.2313028872013092
1 0.3968750238418579 0.4398442357778549 0.03394502401351929 0.04892614483833313 0.22303759306669235
1 0.4453614354133606 0.4436018019914627 0.03154987096786499 0.04572060704231262 0.2070932239294052
1 0.49935996532440186 0.4666471779346466 0.06201648712158203 0.0928528904914856 0.18956974148750305
2 0.49879884719848633 0.47397221624851227 0.030560970306396484 0.11749204993247986 0.18070848286151886
1 0.610929 0.47565 0.06206469999999997 0.07759889999999997 0.08384215667033432
2 0.5463339999999999 0.437964 0.013263499999999984 0.03911999999999999 0.06975972134513786
1 0.534764 0.436562 0.038217500000000015 0.026779900000000023 0.0632972852788981
0 0.27299699999999993 0.446452 0.01078119999999999 0.0515371 0.04608927729717074
1 0.507531 0.445684 0.04024120000000003 0.04887560000000002 0.033419384509340774
1 0.48627100000000006 0.470099 0.032083900000000054 0.08549580000000001 0.016491280304325354
1 0.544767 0.44612700000000005 0.01308560000000003 0.019192700000000007 0.013500093841155124
