1 0.481144517660141 0.532060906291008 0.11386114358901978 0.15525296330451965 0.23982540518045425
1 0.9423187077045441 0.48496295511722565 0.11518305540084839 0.12803766131401062 0.23467274755239487
1 0.22358234971761703 0.46745702624320984 0.059310272336006165 0.07893878221511841 0.23400749266147614
1 0.1350148767232895 0.49417318403720856 0.10067510604858398 0.120290607213974 0.23151902854442596
1 0.29848383367061615 0.4473383128643036 0.04265257716178894 0.05730903148651123 0.22641507536172867
1 0.3413323909044266 0.43149633705616 0.016232043504714966 0.018919140100479126 0.13887454569339752
0 0.516826 0.439191 0.006727700000000003 0.038214899999999996 0.045995584228397626
0 0.45306899999999994 0.4337059999999999 0.007616809999999974 0.0360048 0.03850542796020648
0 0.246846 0.439855 0.010710299999999978 0.049537300000000006 0.03810832269199488
2 0.246809 0.44223200000000007 0.014223399999999997 0.06151040000000002 0.03533643907039855
