1 0.6273394525051117 0.48795846104621887 0.0829351544380188 0.10828155279159546 0.2367057204246521
1 0.5907008945941925 0.46438826620578766 0.06126147508621216 0.09438905119895935 0.22598104178905487
1 0.38589908182621 0.44241271913051605 0.04380890727043152 0.05461195111274719 0.22380441427230835
1 0.4564054161310196 0.43663789331912994 0.02201983332633972 0.029049962759017944 0.17195000499486923
1 0.4289356470108032 0.4356294125318527 0.01961570978164673 0.020723611116409302 0.03996802866458893
1 0.8607276678085327 0.6976016014814377 0.27797675132751465 0.6038221418857574 0.03771600499749184
1 0.46424599999999994 0.426292 0.026498199999999972 0.02021909999999999 0.0312100752870416
1 0.525967 0.430714 0.015222700000000033 0.020006999999999997 0.019849917959325367
1 0.46981700000000004 0.4249 0.01140380000000002 0.013510699999999987 0.0169337167179568
1 0.436206 0.427968 0.014627500000000015 0.018523999999999985 0.012193438976675202
1 0.46039399999999997 0.424994 0.013658899999999974 0.011608700000000027 0.010270260811642338
