1 0.7981431186199188 0.5274893790483475 0.1369120478630066 0.1702464520931244 0.24018345773220062
1 0.04969247803092003 0.4379427433013916 0.060105450451374054 0.03785061836242676 0.22216549515724182
1 0.6647065877914429 0.4377546012401581 0.05195212364196777 0.03285330533981323 0.16506561636924744
0 0.7265495955944061 0.4531662315130234 0.01599067449569702 0.07349792122840881 0.16334117949008942
0 0.667203 0.443138 0.014698600000000006 0.05931839999999999 0.08396180911810947
0 0.988813 0.506602 0.022373999999999894 0.18137200000000003 0.04760420299319794
0 0.976918 0.507093 0.0461319 0.18537599999999999 0.044964198739627
1 0.382542 0.42423500000000003 0.0234027 0.013322400000000012 0.028911833822634604
1 0.0036158699999999998 0.436971 0.007139889999999999 0.03012969999999998 0.025922605976025956
1 0.964794 0.634852 0.0695173 0.284446 0.025741529654450486
1 0.463539 0.424235 0.020414700000000008 0.0109823 0.024151388023467692
1 0.129008 0.43766800000000006 0.020060700000000015 0.013847200000000004 0.014686009122366782
