1 0.6256806254386902 0.44867120683193207 0.05516517162322998 0.04643961787223816 0.22848721593618393
1 0.9389033019542694 0.5048284232616425 0.12212032079696655 0.20747226476669312 0.22466810792684555
1 0.8873265385627747 0.43745461106300354 0.04449343681335449 0.0345916748046875 0.22260795533657074
1 0.7324368953704834 0.44100888073444366 0.05176222324371338 0.036188751459121704 0.21779660135507584
1 0.44543178379535675 0.43721435964107513 0.05464008450508118 0.043905049562454224 0.19043782353401184
1 0.7987795174121857 0.4351874589920044 0.04082983732223511 0.026478946208953857 0.15924394130706787
0 0.6846456229686737 0.4365672171115875 0.008806169033050537 0.042830467224121094 0.15284724533557892
1 0.457717 0.44148199999999993 0.029183999999999988 0.04162389999999999 0.03311258482588812
1 0.892367 0.44747499999999996 0.02039279999999999 0.05681059999999999 0.019492262843166425
2 0.682755 0.447623 0.011862799999999951 0.020206900000000028 0.016440922967543542
