1 0.27439622581005096 0.4535443186759949 0.11889544129371643 0.07701516151428223 0.23162716627120972
1 0.7097409963607788 0.4534280300140381 0.12254834175109863 0.07770943641662598 0.21920423209667206
1 0.43629007041454315 0.44431012868881226 0.05171796679496765 0.06239205598831177 0.2178855687379837
1 0.4986318498849869 0.4380537122488022 0.03181609511375427 0.045315176248550415 0.21181458234786987
0 0.7293368279933929 0.4819752722978592 0.028811275959014893 0.13692256808280945 0.18960325419902802
0 0.2469596043229103 0.4592287987470627 0.020378395915031433 0.08609285950660706 0.18230096995830536
0 0.3887638449668884 0.43316762149333954 0.0080680251121521 0.04328826069831848 0.1761150062084198
0 0.5698459446430206 0.43832193315029144 0.00898057222366333 0.044524163007736206 0.17287792265415192
1 0.0934995 0.465646 0.110125 0.0632797 0.09417107179122645
1 0.474048 0.43210799999999994 0.020197299999999974 0.02816869999999999 0.061021419699818016
1 0.98596475 0.45453600000000005 0.028070499999999998 0.05192530000000001 0.05334287280442203
2 0.453398 0.432161 0.018866700000000014 0.05245899999999998 0.03505884582551017
1 0.524002 0.464722 0.11224199999999995 0.03828140000000002 0.02609804386219797
1 0.9860930000000001 0.470177 0.027054800000000045 0.0342247 0.025936939726165537
