1 0.4692268669605255 0.42971450090408325 0.018884599208831787 0.02876579761505127 0.2051583006978035
2 0.4985222965478897 0.48763857781887054 0.048222750425338745 0.1736842691898346 0.19811320304870605
0 0.578933447599411 0.4386065751314163 0.009452879428863525 0.04805907607078552 0.16680671274662018
1 0.112599 0.44636700000000007 0.06619710000000001 0.06143470000000001 0.08491534221722627
1 0.037715900000000004 0.45363999999999993 0.06329950000000001 0.0456317 0.08039722249532312
0 0.603362 0.425589 0.008699039999999991 0.04586420000000002 0.056341223921429866
0 0.428126 0.425586 0.007046600000000014 0.030364999999999975 0.04438361684597582
1 0.498348 0.444012 0.026409499999999975 0.04146709999999998 0.04224531183815948
1 0.479776 0.448291 0.011554300000000017 0.013683400000000012 0.022461654021510773
1 0.283528 0.446956 0.014870099999999997 0.012556500000000026 0.016408466090320893
