1 0.86792853474617 0.4490770548582077 0.08917051553726196 0.04587450623512268 0.2757180631160736
1 0.7224193215370178 0.4340503513813019 0.07441842555999756 0.04190552234649658 0.2606165111064911
1 0.4987962543964386 0.5419122278690338 0.12251073122024536 0.1741439700126648 0.23993374407291412
1 0.8109411299228668 0.443766787648201 0.06417983770370483 0.042515844106674194 0.22451378405094147
1 0.7580200135707855 0.43632160127162933 0.08248263597488403 0.04757609963417053 0.22411248832941055
1 0.4996804893016815 0.4382541924715042 0.027048170566558838 0.03872808814048767 0.22382549196481705
1 0.9642292261123657 0.45046235620975494 0.07142877578735352 0.07690086960792542 0.20371006429195404
1 0.6787554323673248 0.4318905919790268 0.04011327028274536 0.030888766050338745 0.19886232912540436
1 0.5656837821006775 0.43069930374622345 0.019997596740722656 0.02958163619041443 0.1948438212275505
1 0.6986920000000001 0.43532 0.0514559 0.032313099999999984 0.06483332986780241
1 0.534421 0.42410099999999995 0.02053079999999996 0.011775099999999983 0.04718112528459067
1 0.980524 0.439105 0.03895150000000003 0.05005680000000001 0.025781304640599842
2 0.964252 0.452978 0.07094610000000001 0.06604179999999998 0.020773384964231194
