1 0.37667766213417053 0.45146921277046204 0.08955222368240356 0.06111764907836914 0.2596164345741272
1 0.793037623167038 0.5529361665248871 0.17724090814590454 0.21448427438735962 0.2415076643228531
1 0.06366881029680371 0.4570333808660507 0.10724775400012732 0.10450080037117004 0.23871783912181854
1 0.24703435599803925 0.47166725993156433 0.11793544888496399 0.08347934484481812 0.23533113300800323
1 0.5639888048171997 0.4482739418745041 0.10150361061096191 0.07039454579353333 0.23526272177696228
1 0.1229332685470581 0.4506993144750595 0.06334373354911804 0.059141188859939575 0.2290327101945877
1 0.9548175632953644 0.5019656419754028 0.09036225080490112 0.14224231243133545 0.19522230327129364
1 0.24177436530590057 0.44219590723514557 0.09221842885017395 0.06731709837913513 0.18618597090244293
1 0.23094399999999998 0.432531 0.06875899999999999 0.042327000000000004 0.010981597535354782
1 0.905109 0.47445099999999996 0.03693279999999999 0.012906099999999976 0.01029571487171877
