1 0.6018906831741333 0.47862866520881653 0.08135688304901123 0.09355586767196655 0.2385244369506836
1 0.3696129620075226 0.43346473574638367 0.022684335708618164 0.035581111907958984 0.2202843502163887
1 0.4419867545366287 0.4415605217218399 0.037019163370132446 0.0418531596660614 0.2054225206375122
1 0.32100214064121246 0.4271082729101181 0.021785467863082886 0.020724087953567505 0.18259653076529503
1 0.35090401768684387 0.4266224205493927 0.015299022197723389 0.020591914653778076 0.15638909116387367
1 0.47788962721824646 0.4490360766649246 0.0398748517036438 0.047330886125564575 0.1336366944015026
1 0.4180503487586975 0.43144577741622925 0.020118415355682373 0.023208677768707275 0.08960408717393875
1 0.394672 0.421269 0.020623100000000005 0.014616399999999974 0.051800174531798165
0 0.45632700000000004 0.43528500000000003 0.011447700000000005 0.04442600000000002 0.039538519714210726
1 0.296876 0.427771 0.0171848 0.014346000000000025 0.019421093763292756
1 0.31721200000000005 0.429209 0.01673960000000002 0.015177400000000008 0.012115345762994032
