1 0.9544181823730469 0.45951928198337555 0.0909048318862915 0.06104782223701477 0.23385089635849
1 0.8888820707798004 0.4499995708465576 0.08352762460708618 0.05427241325378418 0.22869278490543365
1 0.8166214525699615 0.4397920072078705 0.10347920656204224 0.05817246437072754 0.2275826409459114
1 0.6052909195423126 0.44527535140514374 0.02841883897781372 0.0413377583026886 0.21950208395719528
1 0.7663643062114716 0.4374716728925705 0.08569163084030151 0.047984927892684937 0.18604451417922974
1 0.5858417749404907 0.40608513355255127 0.04516923427581787 0.10294908285140991 0.12891080975532532
1 0.7428650000000001 0.4393210000000001 0.056016900000000036 0.0322655 0.0791211837486536
1 0.5592776238918304 0.432004451751709 0.016957342624664307 0.023565709590911865 0.0742703527212143
1 0.708575 0.43645199999999995 0.04973720000000004 0.03737269999999998 0.030100612240960053
1 0.6958309999999999 0.43204299999999995 0.028408499999999948 0.03314719999999999 0.024709833717133128
1 0.510473 0.4227679999999999 0.012289600000000012 0.029711199999999993 0.012912368642574279
1 0.755899 0.44787 0.042723999999999984 0.02386539999999998 0.011318362225083149
