1 0.8975503742694855 0.5106949657201767 0.10316818952560425 0.1262522041797638 0.23907139897346497
1 0.116410743445158 0.45206722617149353 0.11481515318155289 0.09347152709960938 0.23695576190948486
1 0.4896012842655182 0.4437078684568405 0.09245961904525757 0.060133546590805054 0.2365247756242752
1 0.29821812361478806 0.46350644528865814 0.11628003418445587 0.0693223774433136 0.22947869449853897
1 0.8541440963745117 0.4476863294839859 0.06898558139801025 0.0658518373966217 0.22496484965085983
1 0.7320898771286011 0.45113784074783325 0.07916641235351562 0.04410755634307861 0.2214406058192253
1 0.06996053270995617 0.45022736489772797 0.0729932077229023 0.054813534021377563 0.21808449178934097
1 0.16963360458612442 0.44080574810504913 0.09784115850925446 0.06307181715965271 0.19370146840810776
1 0.3302367031574249 0.45015428960323334 0.09453243017196655 0.055086344480514526 0.18518899381160736
1 0.2765534445643425 0.44239169359207153 0.08053751289844513 0.04875296354293823 0.18350312113761902
1 0.191981 0.4424870000000001 0.051660999999999985 0.059120000000000006 0.03411638751962868
1 0.275883 0.43739 0.04646309999999998 0.03529939999999998 0.03068024677598791
