1 0.4080922305583954 0.4634282886981964 0.0668976902961731 0.08611518144607544 0.9414370301729157
1 0.949190080165863 0.45501281321048737 0.09321367740631104 0.06303265690803528 0.901902954871407
1 0.505686953663826 0.4654674232006073 0.05929359793663025 0.08553963899612427 0.9001369581270632
1 0.263044573366642 0.43247680366039276 0.05339817702770233 0.03237149119377136 0.8992969955879799
1 0.1972086876630783 0.43874000012874603 0.06453907489776611 0.03445848822593689 0.8763379844027449
1 0.4305119514465332 0.4491073042154312 0.05626922845840454 0.08042946457862854 0.8645853039871193
2 0.508781760931015 0.4752221405506134 0.04013699293136597 0.13998717069625854 0.8066610216410621
1 0.116196 0.689735 0.23239099999999996 0.5295320000000001 0.7302062165218783
1 0.447153 0.452968 0.03499059999999998 0.05193329999999996 0.70771
1 0.482622 0.437876 0.06159939999999997 0.047180200000000005 0.503367
1 0.401069 0.478582 0.03903259999999997 0.029323300000000052 0.45389629181810087
