1 0.703797847032547 0.517439529299736 0.13657349348068237 0.1914229691028595 0.965985996787706
1 0.167299784719944 0.49916937947273254 0.16319714486598969 0.17993396520614624 0.9564349916665784
1 0.5937067866325378 0.4620504528284073 0.059215545654296875 0.08970674872398376 0.9231680293118885
1 0.07510177794029005 0.5563468188047409 0.14948323363205418 0.19112613797187805 0.9140239946270431
1 0.641603946685791 0.4800802171230316 0.08492505550384521 0.12309163808822632 0.8992299924304662
1 0.558572918176651 0.4454636871814728 0.03963249921798706 0.06072998046875 0.8827099741472129
1 0.40735839307308197 0.4386993497610092 0.0307331383228302 0.03886553645133972 0.8684740155439539
1 0.4278072118759155 0.4374099522829056 0.028447389602661133 0.03695669770240784 0.5426479849405951
1 0.501145 0.421901 0.014313299999999973 0.026145100000000032 0.4373102510396634
1 0.531432 0.438347 0.017059500000000005 0.032045699999999955 0.3829871072494323
1 0.52218 0.427866 0.016647099999999915 0.020113099999999995 0.32531205135608343
1 0.465866 0.426058 0.01239990000000002 0.01367649999999998 0.3245629353102327
