1 0.8822163641452789 0.6176227778196335 0.23532134294509888 0.3844267427921295 0.9559249880729873
1 0.14456504583358765 0.45667387545108795 0.06384840607643127 0.07343307137489319 0.9435799723537125
1 0.664463609457016 0.47392697632312775 0.07354003190994263 0.08807501196861267 0.922008010809713
2 0.26720190048217773 0.45250749588012695 0.027659356594085693 0.08912187814712524 0.9177409842550296
1 0.8096610903739929 0.44382715225219727 0.08497405052185059 0.05962181091308594 0.9174199801340479
1 0.6444087624549866 0.4605884701013565 0.053404808044433594 0.0700596272945404 0.8769049828205733
0 0.7556928098201752 0.46337518095970154 0.020918190479278564 0.10285693407058716 0.8339209823632437
1 0.5184872448444366 0.43009181320667267 0.04433077573776245 0.029290586709976196 0.7973749739745682
1 0.17826063930988312 0.4323268383741379 0.0375407338142395 0.026879578828811646 0.775856109272372
0 0.631138 0.433278 0.006882480000000024 0.036739100000000025 0.744567
0 0.674985 0.441013 0.011696099999999987 0.05696869999999998 0.634839
2 0.266097 0.459201 0.02172850000000004 0.05360600000000004 0.601871936209854
1 0.123862 0.44104 0.03622560000000001 0.03226339999999994 0.5165540690120543
1 0.633093 0.465127 0.029046099999999964 0.057835700000000045 0.3579926210583848
