1 0.2640325501561165 0.5415147542953491 0.16284076869487762 0.18381834030151367 0.9653539968790191
0 0.8290205001831055 0.5089743882417679 0.023667573928833008 0.09439679980278015 0.9061659780927797
1 0.35690467059612274 0.4394097477197647 0.038522154092788696 0.043125301599502563 0.8833940173889372
1 0.4057398736476898 0.4412848949432373 0.03244328498840332 0.03381156921386719 0.8696190215462148
0 0.43605029582977295 0.4365103095769882 0.008077144622802734 0.04002729058265686 0.8492219856534289
0 0.086336 0.45910800000000007 0.0189869 0.10059800000000002 0.782815
1 0.29747188091278076 0.44442348182201385 0.02808016538619995 0.03857019543647766 0.7737760088894634
1 0.2543763369321823 0.4290768951177597 0.01568964123725891 0.019301623106002808 0.7391875251387794
1 0.232618 0.423123 0.018602699999999972 0.011541699999999988 0.733492501509068
1 0.32313166558742523 0.4367363899946213 0.024160534143447876 0.02382609248161316 0.7147129889183026
2 0.967141 0.491251 0.0647272000000001 0.07943600000000006 0.6003545940149421
1 0.288424 0.434459 0.02857949999999998 0.0299296 0.580057
0 0.207269 0.4346 0.01026290000000002 0.047989700000000024 0.5334018809301887
1 0.29695 0.441646 0.02538169999999995 0.020162299999999966 0.45948943682574345
2 0.207121 0.431478 0.011984099999999998 0.03235730000000003 0.316075
1 0.967188 0.491021 0.06483970000000006 0.08011800000000002 0.26386236787660106
