1 0.5629308521747589 0.472364604473114 0.08751887083053589 0.12057662010192871 0.9574180206960763
1 0.4105324000120163 0.44409266114234924 0.0352458655834198 0.05184370279312134 0.8786439043896325
1 0.5167697966098785 0.4322710335254669 0.020077764987945557 0.025168299674987793 0.7488407206102031
1 0.4277123510837555 0.43737639486789703 0.026922941207885742 0.03856852650642395 0.7056903184432934
1 0.5431042909622192 0.45248329639434814 0.04825031757354736 0.072471022605896 0.6288290053277271
1 0.433798 0.446936 0.01659630000000001 0.022664899999999988 0.5958094470673622
1 0.469865 0.426611 0.012241599999999964 0.018744399999999994 0.5324953819186655
1 0.443804 0.438857 0.015025900000000036 0.023372700000000024 0.4805449485430473
1 0.522445 0.43983 0.016106600000000082 0.02791189999999999 0.36793751876911723
1 0.450067 0.430075 0.02649900000000005 0.022504599999999986 0.3021237470516871
