1 0.3643607646226883 0.45185400545597076 0.051771312952041626 0.07428815960884094 0.9399030160588318
0 0.18336252123117447 0.6696657985448837 0.13732348382472992 0.49570003151893616 0.9382200358052439
2 0.22139990329742432 0.5222622603178024 0.08065378665924072 0.22419896721839905 0.9069549508075915
1 0.480607 0.433303 0.024193600000000037 0.03876460000000004 0.826558
1 0.4292803555727005 0.4378484636545181 0.031498879194259644 0.04286184906959534 0.8074666924698141
1 0.5191909372806549 0.4315201938152313 0.030288875102996826 0.029061079025268555 0.7745460184464884
1 0.5011575222015381 0.44093842804431915 0.023313522338867188 0.03131243586540222 0.6793809913560571
1 0.449306 0.425056 0.03570770000000001 0.018908999999999954 0.408823
1 0.458816 0.421897 0.02199910000000005 0.015754999999999963 0.3772989872544
1 0.379057 0.430418 0.021154600000000023 0.024609199999999998 0.3306397676626049
