1 0.0356005773646757 0.4442443698644638 0.06775643513537943 0.05590376257896423 0.9252670401771457
1 0.1444920040667057 0.4398203343153 0.04329385608434677 0.04562845826148987 0.9099069877206296
1 0.47909726202487946 0.4321521669626236 0.023271948099136353 0.025540322065353394 0.8055850204629702
0 0.288893 0.426547 0.008318040000000027 0.036402900000000016 0.754717
0 0.17403925955295563 0.44029782712459564 0.01117020845413208 0.052717357873916626 0.7357390222197926
1 0.50776007771492 0.4307742118835449 0.015682995319366455 0.017015457153320312 0.6397500459235202
1 0.0543298 0.443799 0.04651430000000001 0.03521249999999998 0.6226873094912607
1 0.611414 0.424432 0.02220080000000002 0.01842189999999999 0.5490525295793771
1 0.44867660105228424 0.433323010802269 0.019217699766159058 0.02140370011329651 0.4038709608174579
1 0.0682089 0.445459 0.019552299999999995 0.03238850000000004 0.3524254657911086
