1 0.9008314311504364 0.5900038182735443 0.19814461469650269 0.2443367838859558 0.962716959086997
1 0.531397134065628 0.4403771758079529 0.04668396711349487 0.05088251829147339 0.9321560393484982
0 0.7893866896629333 0.4627815932035446 0.0267258882522583 0.11164823174476624 0.893326972113156
0 0.7319985628128052 0.45951902866363525 0.01597762107849121 0.07887512445449829 0.8428909773999559
1 0.342936 0.440431 0.0828953 0.05273799999999995 0.8272271761752813
0 0.6637953221797943 0.4475092440843582 0.01600879430770874 0.06909176707267761 0.8085879945248414
0 0.6961477100849152 0.439361572265625 0.00996178388595581 0.04823613166809082 0.7232412477294565
1 0.014091144697886193 0.4383077174425125 0.02812669536069734 0.03803572058677673 0.6981012626969744
1 0.67126 0.443387 0.032878900000000044 0.03630129999999998 0.619985
1 0.0821081 0.439521 0.018807400000000002 0.015192500000000053 0.43147402551918373
0 0.366809 0.42171 0.008405210000000052 0.03767609999999999 0.40872
1 0.445463 0.425141 0.0228796 0.012285199999999996 0.39919414065574377
1 0.368896 0.425196 0.021038 0.012186699999999995 0.3034453919602962
