1 0.1412712298333645 0.5106073021888733 0.12558535486459732 0.1528259515762329 0.9658689519638103
1 0.2766098231077194 0.4699179381132126 0.09915122389793396 0.1121080219745636 0.9549799907099399
1 0.5605583190917969 0.44827665388584137 0.04109811782836914 0.058035582304000854 0.9163309681226967
0 0.05687113292515278 0.5028501003980637 0.02288391813635826 0.10799887776374817 0.9119080222706544
1 0.35787634551525116 0.45462600886821747 0.04398486018180847 0.05807563662528992 0.8818740149414401
1 0.43054476380348206 0.4346526712179184 0.02676624059677124 0.03578999638557434 0.8754130037062503
2 0.5443545579910278 0.4334544837474823 0.019652605056762695 0.05427289009094238 0.6153830202726076
1 0.470006 0.429514 0.018368700000000016 0.02348450000000002 0.6010907151906096
1 0.5235415995121002 0.4268958121538162 0.016633331775665283 0.02164897322654724 0.5333584080197352
1 0.546166 0.435872 0.02473079999999994 0.05276930000000002 0.44043743640939004
