1 0.523628368973732 0.45000533759593964 0.05697950720787048 0.06924661993980408 0.9278919626183596
1 0.2884642630815506 0.46382610499858856 0.05063703656196594 0.06204912066459656 0.9168600402249513
1 0.34667789936065674 0.4422692805528641 0.030638277530670166 0.04655209183692932 0.9153180194442462
1 0.0602461843391211 0.5525199621915817 0.12039612259468413 0.18172338604927063 0.9031090117066541
1 0.3791789561510086 0.4370540529489517 0.021404892206192017 0.023909658193588257 0.890595961339212
1 0.625105 0.438852 0.0761947999999999 0.047713899999999976 0.873136588390669
1 0.512132 0.444448 0.04083600000000004 0.05227740000000003 0.7195106848416114
1 0.473886 0.431952 0.029896800000000057 0.02307669999999995 0.67502
1 0.4576521962881088 0.4321877807378769 0.016980677843093872 0.017628759145736694 0.3796413127096236
1 0.4972150000000001 0.446298 0.01517240000000003 0.04584929999999998 0.29364508152806573
