1 0.8788465559482574 0.5602943301200867 0.21897238492965698 0.2306119203567505 0.9685529762467934
1 0.7276777923107147 0.4979763627052307 0.09512585401535034 0.12065589427947998 0.9577590414836108
2 0.09324196726083755 0.4670659005641937 0.034599900245666504 0.1040235161781311 0.928864983314581
1 0.017028467893396737 0.44714953005313873 0.03389624846022343 0.06446585059165955 0.9224169829126505
1 0.9489756524562836 0.4625639468431473 0.10153394937515259 0.09702500700950623 0.9067280250194082
1 0.4999736547470093 0.4328537732362747 0.05264627933502197 0.03430494666099548 0.8380580059362102
0 0.6511648893356323 0.4423329532146454 0.012483000755310059 0.05346173048019409 0.745787020101252
1 0.0215669 0.437663 0.042001800000000006 0.030939199999999945 0.739499713135616
0 0.7371729910373688 0.45518727600574493 0.016287624835968018 0.08339068293571472 0.7274340019161412
0 0.7544700801372528 0.4650578796863556 0.025080502033233643 0.10423964262008667 0.6850769445254219
1 0.6645504832267761 0.43810950219631195 0.03721809387207031 0.03356507420539856 0.6201954483154176
1 0.0732658 0.43672 0.036952299999999993 0.0297172 0.5567239351730372
0 0.456714 0.434036 0.010625800000000019 0.03739099999999995 0.431684
1 0.0865025 0.435794 0.052877299999999995 0.03501710000000002 0.4241848023308941
1 0.0358009 0.439292 0.013639200000000004 0.018401299999999954 0.28799307740253494
