1 0.25041013956069946 0.4696110188961029 0.06864917278289795 0.06577199697494507 0.9319969595248414
1 0.2816258743405342 0.4529755562543869 0.07436434924602509 0.07871094346046448 0.9222310386154622
1 0.3198889493942261 0.44980373978614807 0.04339379072189331 0.0552482008934021 0.894271021318314
1 0.177956223487854 0.44213156402111053 0.07462441921234131 0.04704490303993225 0.8904599533575293
1 0.4377048462629318 0.4369620829820633 0.0504889190196991 0.04950550198554993 0.8805480161331909
1 0.3846930265426636 0.439676895737648 0.04008406400680542 0.03408905863761902 0.8340016811347146
1 0.5701155066490173 0.4432404637336731 0.0380709171295166 0.05859571695327759 0.6459580043531316
1 0.48306400000000005 0.440439 0.038174100000000044 0.017098700000000022 0.3669223900865767
1 0.534595 0.432225 0.01881580000000005 0.013443800000000006 0.3192281588979959
1 0.183844 0.433853 0.060599000000000014 0.027965000000000018 0.3076099805501541
