1 0.49881741404533386 0.48385879397392273 0.08475464582443237 0.13468390703201294 0.9569870302599306
0 0.7033086717128754 0.4691459685564041 0.02735799551010132 0.12588438391685486 0.925599000789293
1 0.8786754906177521 0.45505189895629883 0.08367758989334106 0.05411022901535034 0.9192349650360079
0 0.628406435251236 0.44827257096767426 0.017009198665618896 0.08010885119438171 0.876135974096876
0 0.25768759846687317 0.4466838538646698 0.013277769088745117 0.07012057304382324 0.7866730105266521
1 0.4440157264471054 0.44581541419029236 0.03266105055809021 0.04355257749557495 0.6899842410326047
1 0.4823474586009979 0.4454144090414047 0.08207374811172485 0.07181766629219055 0.6764186300571128
0 0.651838 0.460802 0.010952800000000096 0.04422499999999996 0.588415
1 0.436964 0.451719 0.015108099999999958 0.03212550000000003 0.4971416909792826
1 0.539815 0.464617 0.015529399999999915 0.04353079999999998 0.493751558669744
