1 0.563073068857193 0.4718885123729706 0.07204371690750122 0.08109778165817261 0.9606579815548455
1 0.4141434133052826 0.44208838045597076 0.03604257106781006 0.040012747049331665 0.9087429658851435
0 0.7543115019798279 0.4865948557853699 0.02399921417236328 0.13195538520812988 0.8998510358479873
1 0.4527856111526489 0.4493330717086792 0.03343898057937622 0.041380882263183594 0.8839780299733355
1 0.30206356942653656 0.43941590189933777 0.02592518925666809 0.03578370809555054 0.8784070229436111
1 0.39155007898807526 0.434495747089386 0.019376903772354126 0.025381267070770264 0.7620740022454796
1 0.2696970999240875 0.42861221730709076 0.023784756660461426 0.016633659601211548 0.48042717779440824
1 0.342078 0.427659 0.024645699999999993 0.018962900000000005 0.4532327874488091
1 0.324786052107811 0.4268748164176941 0.018230408430099487 0.020127177238464355 0.36507157619159597
1 0.291959 0.428193 0.013522400000000045 0.017876000000000003 0.3220969675919527
1 0.353822 0.433293 0.018828100000000014 0.017796800000000057 0.3180272800122495
