1 0.5286112725734711 0.44128599762916565 0.03752833604812622 0.03861546516418457 0.8936650430761459
1 0.666454404592514 0.4498171955347061 0.04113215208053589 0.0459727942943573 0.8589369167385367
0 0.6944780349731445 0.4632265567779541 0.02383744716644287 0.09875595569610596 0.8578778770515764
1 0.7485138475894928 0.43509262800216675 0.03861910104751587 0.03753143548965454 0.8182625762242137
1 0.279354 0.427117 0.021852500000000052 0.013595400000000035 0.7438565705238198
1 0.307917 0.426727 0.021796900000000008 0.011953899999999962 0.6352142469951565
1 0.576285 0.423739 0.021747299999999914 0.016614600000000035 0.6317219534949244
0 0.7048783898353577 0.44676831364631653 0.009019732475280762 0.05485767126083374 0.6011640231604802
1 0.399721 0.424948 0.020191199999999965 0.011912499999999993 0.47966860315942156
1 0.371915 0.425113 0.018281199999999997 0.012112000000000012 0.3418470052835113
