1 0.8210799694061279 0.5355435311794281 0.17029905319213867 0.1913098692893982 0.9648940349518101
1 0.7096717059612274 0.4895833283662796 0.07961028814315796 0.10623058676719666 0.948578028641081
1 0.9377577900886536 0.45576365292072296 0.12438952922821045 0.08918878436088562 0.9322259923305566
1 0.12691106274724007 0.44956134259700775 0.03963526338338852 0.04338756203651428 0.8953209481544491
1 0.04096500761806965 0.4448190927505493 0.043970268219709396 0.057150304317474365 0.8830170192770458
1 0.6744914948940277 0.437674805521965 0.04001682996749878 0.03000703454017639 0.8636090174137235
1 0.10203694552183151 0.43680740892887115 0.05658350884914398 0.03506311774253845 0.8505499861283334
1 0.014546713384333998 0.44557875394821167 0.028769257362000644 0.03910064697265625 0.7672756491018657
0 0.808585 0.462032 0.026838700000000104 0.10917200000000005 0.66635
1 0.475033 0.455775 0.028691400000000034 0.016358399999999995 0.5314374466049336
1 0.42264 0.425796 0.01570640000000001 0.009792330000000016 0.4173023291754659
0 0.608977 0.430033 0.006900850000000069 0.027590699999999968 0.354693
