1 0.933459460735321 0.5687674880027771 0.13250339031219482 0.2308485507965088 0.9473120271570519
1 0.6617334485054016 0.460262194275856 0.054042935371398926 0.0648091733455658 0.9301280349740654
1 0.88590207695961 0.4872657209634781 0.08736032247543335 0.14286109805107117 0.9290679944537774
1 0.5237792730331421 0.4364667236804962 0.04155611991882324 0.038351356983184814 0.8796379952611726
1 0.7847731113433838 0.44035471975803375 0.046814680099487305 0.03497925400733948 0.8773718979056375
1 0.6880490779876709 0.4463074207305908 0.04491090774536133 0.039919137954711914 0.8245609783813809
1 0.943709 0.439611 0.04881800000000003 0.041442699999999943 0.7631852626199248
1 0.860354 0.435751 0.0449522 0.028893500000000016 0.5604795550953133
0 0.736594 0.433633 0.009171870000000082 0.037231000000000014 0.34406530700281773
1 0.847252 0.448005 0.012673399999999946 0.02101149999999996 0.27367043724834644
