1 0.556488424539566 0.4378141462802887 0.0353962779045105 0.037931621074676514 0.9011789836474536
0 0.9747152328491211 0.5365627557039261 0.04596066474914551 0.1481529176235199 0.8705999962336191
0 0.7735680937767029 0.4529363214969635 0.013572096824645996 0.05972623825073242 0.8689995057164044
1 0.07431248538523505 0.5369595140218735 0.14855937733591418 0.2324104607105255 0.8669819837541926
0 0.8777020275592804 0.4684579223394394 0.017242729663848877 0.08307018876075745 0.8347830159109735
0 0.611444 0.432007 0.006687990000000088 0.03285570000000004 0.725983
0 0.915571 0.4585699999999999 0.022801400000000083 0.08776869999999998 0.722416
0 0.915732 0.450335 0.014419600000000088 0.06594940000000005 0.7174275624028764
0 0.6449476778507233 0.4333771765232086 0.007024586200714111 0.032092511653900146 0.7169070262742475
1 0.474812 0.428566 0.021222300000000027 0.02188610000000002 0.67803
0 0.6283628046512604 0.4351312071084976 0.007885992527008057 0.03571411967277527 0.648355790304409
0 0.362151 0.447786 0.008858009999999972 0.047709699999999966 0.62944
1 0.95537 0.466323 0.08925629999999996 0.07326310000000003 0.5955133565579593
1 0.504321 0.434745 0.02097020000000005 0.01671520000000004 0.5547953435570359
1 0.447429 0.427747 0.019348200000000038 0.016372900000000024 0.4533436276332539
