1 0.21428311616182327 0.461675688624382 0.07663266360759735 0.07631447911262512 0.9530799876505687
1 0.3409842848777771 0.45018455386161804 0.05090838670730591 0.06002539396286011 0.9157939947046975
2 0.3020085543394089 0.4535668045282364 0.029176026582717896 0.09150055050849915 0.9089860103574456
0 0.7438028454780579 0.4520948529243469 0.021688222885131836 0.08031225204467773 0.8564969904366216
0 0.6195331513881683 0.43259432911872864 0.007245957851409912 0.036421775817871094 0.8069060151045813
2 0.5109332799911499 0.43517687916755676 0.013895034790039062 0.04809916019439697 0.8047738187131971
1 0.5144152641296387 0.4307169169187546 0.02294337749481201 0.03075149655342102 0.705368998269682
2 0.305514 0.469375 0.026853600000000033 0.05675719999999995 0.6351495055364508
1 0.9807653427124023 0.4754818081855774 0.03806447982788086 0.09199333190917969 0.5707706113157659
2 0.390448 0.432205 0.014408199999999982 0.03540359999999998 0.5513855878102477
