1 0.226794995367527 0.5389007925987244 0.21963761746883392 0.2786065340042114 0.9718010491230603
1 0.4550246447324753 0.4382396936416626 0.024223297834396362 0.035824596881866455 0.9072799582618838
0 0.6645431518554688 0.4754358232021332 0.02184450626373291 0.10753518342971802 0.893940008864056
0 0.5800036191940308 0.44318804144859314 0.010123252868652344 0.05111217498779297 0.8301740204108663
0 0.4047282785177231 0.4309171438217163 0.007286816835403442 0.033199965953826904 0.7818449905541062
1 0.455399 0.444578 0.01947270000000001 0.02029320000000001 0.6456004387801966
0 0.3777122348546982 0.4368615001440048 0.007879823446273804 0.040990859270095825 0.5832373072975067
0 0.55794 0.43324 0.006502910000000028 0.031412899999999966 0.544871
1 0.49990900000000005 0.428157 0.014253200000000021 0.019946600000000037 0.455246
1 0.456254 0.429784 0.01672499999999999 0.022351099999999957 0.3372742115617138
