1 0.655894547700882 0.6033888906240463 0.17912250757217407 0.28656473755836487 0.9683570236163287
1 0.10996745307056699 0.5562829077243805 0.21922222219291143 0.23435968160629272 0.965262973721642
1 0.381442055106163 0.4804229140281677 0.06644168496131897 0.09366810321807861 0.9308800295311928
1 0.49916936457157135 0.4665738046169281 0.06182488799095154 0.0931587815284729 0.9116649777983522
1 0.38258087635040283 0.44459810853004456 0.07746338844299316 0.06064575910568237 0.9070789487893426
1 0.28144583851099014 0.447102814912796 0.06355427205562592 0.06176048517227173 0.9040920407361519
1 0.5491014122962952 0.4559975117444992 0.09110939502716064 0.06424304842948914 0.8620049976421429
2 0.499644 0.479109 0.03629389999999999 0.13190600000000002 0.8517024060612021
1 0.5997377038002014 0.4509550929069519 0.08079421520233154 0.07158029079437256 0.8095100253967914
0 0.501474 0.480839 0.026448999999999945 0.13255900000000004 0.312668
1 0.620662 0.452034 0.04262800000000011 0.060402100000000014 0.3056257656800178
