1 0.7402457892894745 0.4895095080137253 0.07769924402236938 0.11411789059638977 0.9456869898855907
1 0.814836174249649 0.4546915143728256 0.05763727426528931 0.0828949511051178 0.9363160294125621
1 0.6925118267536163 0.4328910559415817 0.034877002239227295 0.03220978379249573 0.854135023783386
1 0.8694366216659546 0.4436626583337784 0.031077027320861816 0.03569468855857849 0.8253220331138953
1 0.7414819598197937 0.4411690980195999 0.03249716758728027 0.04632440209388733 0.7842989811980465
1 0.8469783365726471 0.44015897810459137 0.031230032444000244 0.03519180417060852 0.720599890551494
1 0.9866932034492493 0.4605151563882828 0.026308178901672363 0.0782824456691742 0.7129394069108441
1 0.011992731303507753 0.4846295118331909 0.023961307137142285 0.13599181175231934 0.6634882848674822
1 0.741564 0.427433 0.023405099999999956 0.013770500000000019 0.5469449131581717
1 0.79801 0.430094 0.02680210000000005 0.029209599999999947 0.4090009598304418
1 0.729067 0.465151 0.051412299999999966 0.07640549999999996 0.323168
1 0.84969 0.437501 0.02061500000000005 0.02605780000000002 0.27941722748580117
