1 0.7850184738636017 0.48584452271461487 0.08555799722671509 0.12934428453445435 0.9623820486503049
1 0.14480862766504288 0.47407977283000946 0.10928930342197418 0.08626857399940491 0.9523099780935438
1 0.3299103379249573 0.45834706723690033 0.07548969984054565 0.0650431215763092 0.9395880169378159
1 0.534449964761734 0.4431084990501404 0.053466975688934326 0.0471796989440918 0.928891953138989
1 0.414906769990921 0.43932726979255676 0.05432760715484619 0.03558307886123657 0.8613260112424951
1 0.6899693012237549 0.4374545067548752 0.024239063262939453 0.02781173586845398 0.6702493880746498
2 0.48361 0.459507 0.015530400000000055 0.021909599999999974 0.5716206428276684
1 0.563543 0.438565 0.018483699999999992 0.024012900000000004 0.46601668367831406
1 0.545256 0.436181 0.05459729999999996 0.03244119999999995 0.408219
1 0.990297 0.576427 0.018729999999999913 0.10246299999999997 0.021286542784802936
