1 0.10117419343441725 0.5193982720375061 0.16395636834204197 0.1643521785736084 0.9700219888700189
1 0.41033588349819183 0.46569161117076874 0.05731561779975891 0.06527546048164368 0.9344710195107729
2 0.36014802753925323 0.48281843960285187 0.03449395298957825 0.1257469356060028 0.9302039929560896
1 0.6688327491283417 0.43543387949466705 0.05738574266433716 0.03657081723213196 0.8936350180763166
1 0.6484450101852417 0.432608425617218 0.05852091312408447 0.03346914052963257 0.8836219966858864
1 0.7408051490783691 0.43080803751945496 0.048913002014160156 0.026888489723205566 0.827412984637093
1 0.7765273451805115 0.43505336344242096 0.04921245574951172 0.027047067880630493 0.8109709786779574
1 0.499227 0.41843 0.016219699999999948 0.027472399999999952 0.711151
1 0.57342 0.428642 0.026615400000000067 0.020447800000000016 0.364130191295992
1 0.130057 0.87049775 0.260114 0.25900449999999997 0.32876792242066616
