1 0.9362471699714661 0.4571734070777893 0.10320580005645752 0.05431926250457764 0.9308549560225634
1 0.8197044730186462 0.4402539134025574 0.09202885627746582 0.05447030067443848 0.916484991104277
1 0.556223064661026 0.40900860726833344 0.06270986795425415 0.11702051758766174 0.9100539521934781
1 0.858881413936615 0.44904637336730957 0.07267820835113525 0.04969942569732666 0.9009570093504702
1 0.7708891332149506 0.43750186264514923 0.07363647222518921 0.044133394956588745 0.8686750250164951
1 0.7301121950149536 0.4387417584657669 0.04887521266937256 0.028404027223587036 0.8049129872211777
1 0.686763 0.430401 0.02781469999999997 0.03485229999999995 0.5788343245875593
1 0.525558 0.414851 0.019447900000000073 0.05130710000000005 0.3809556354194996
1 0.879184 0.458763 0.030661800000000072 0.039922800000000036 0.3390697968593703
1 0.596755 0.449012 0.020985800000000054 0.020679699999999968 0.29458376979776435
1 0.913325 0.437195 0.021810499999999955 0.014467899999999978 0.25072608292971893
