1 0.348885715007782 0.45898643136024475 0.0476374626159668 0.053377389907836914 0.9115280216587801
1 0.8351424932479858 0.4559568762779236 0.10986328125 0.06789350509643555 0.8997190311996152
1 0.7812323272228241 0.44344088435173035 0.10508507490158081 0.06275022029876709 0.8983909780492723
1 0.43002524971961975 0.4115464836359024 0.039065539836883545 0.07001164555549622 0.8873179688139924
1 0.49921275675296783 0.44018667936325073 0.028380602598190308 0.03756880760192871 0.8790310161856768
1 0.9502604305744171 0.4449838101863861 0.06790536642074585 0.0429379940032959 0.865889021084969
1 0.8824162483215332 0.43693816661834717 0.06718766689300537 0.04644191265106201 0.8142119930454926
1 0.9843811690807343 0.45037807524204254 0.03122955560684204 0.03958246111869812 0.6060874910272201
1 0.58567 0.428353 0.02170939999999999 0.021566900000000055 0.5064798088146427
1 0.47918 0.42679 0.011878799999999967 0.016530999999999962 0.4237160880198584
1 0.500095 0.41594 0.018734500000000043 0.024092800000000025 0.40123954902782333
1 0.666644 0.432516 0.02276100000000003 0.025778700000000043 0.3195064410152484
