1 0.7912991344928741 0.5543384253978729 0.2878926396369934 0.31112581491470337 0.9743199885824209
1 0.6070044040679932 0.47764694690704346 0.06837964057922363 0.09046697616577148 0.9348109867895414
1 0.4215625077486038 0.46014145016670227 0.046054452657699585 0.05650967359542847 0.9044700396813709
1 0.3947308361530304 0.4417620897293091 0.039591431617736816 0.051331520080566406 0.8966719677958894
1 0.49938230216503143 0.4343345910310745 0.022986561059951782 0.035037845373153687 0.8918169779989354
1 0.5796243250370026 0.4592506140470505 0.05226486921310425 0.08198943734169006 0.8879630322313768
1 0.046933225 0.572098 0.09386645 0.20857199999999998 0.6928956510137426
2 0.445296 0.438665 0.011681399999999953 0.042051700000000025 0.48532668268722734
1 0.5247536897659302 0.43023790419101715 0.017319440841674805 0.0246753990650177 0.3958139891527468
1 0.461666 0.426361 0.01357750000000002 0.01678639999999998 0.33556500393056865
1 0.437628 0.438808 0.026439199999999996 0.0404158 0.2902656508763249
