1 0.382867231965065 0.48232948780059814 0.07003507018089294 0.08651089668273926 0.9509880352940433
1 0.6535269320011139 0.43973226845264435 0.03528350591659546 0.03223523497581482 0.9069230294919836
1 0.5269764810800552 0.4380961060523987 0.0645281970500946 0.04056590795516968 0.8931849591315074
1 0.8353202939033508 0.43805575370788574 0.06587326526641846 0.03832286596298218 0.8820189777476334
1 0.46054209768772125 0.4341069459915161 0.024647027254104614 0.034576475620269775 0.8703849750944909
1 0.21321111172437668 0.4467035382986069 0.05857755243778229 0.03994682431221008 0.8286259946301954
1 0.30421 0.439982 0.07138239999999996 0.04777100000000001 0.717682
1 0.331399 0.440489 0.04020670000000004 0.026641000000000026 0.5043630167804577
1 0.483965 0.424969 0.010448499999999972 0.016255800000000042 0.28589478807002455
2 0.357932 0.505457 0.019932100000000008 0.04001159999999998 0.2529031058874565
