1 0.8174636960029602 0.4425664693117142 0.08012950420379639 0.06010541319847107 0.9189290260903792
1 0.5467469692230225 0.43607039749622345 0.029601454734802246 0.05087956786155701 0.8988649516430683
1 0.6991284489631653 0.43536490201950073 0.06462466716766357 0.03947317600250244 0.8822319972201063
1 0.7504050135612488 0.4446401745080948 0.07556986808776855 0.03939750790596008 0.8808388899034667
1 0.4996824562549591 0.4065991938114166 0.03407496213912964 0.07831120491027832 0.8445820169956031
1 0.47218407690525055 0.41830626130104065 0.023456186056137085 0.04242205619812012 0.7988339782645173
1 0.719548 0.438995 0.05182829999999994 0.03638370000000002 0.762727
1 0.527444 0.405871 0.031303199999999975 0.05905249999999995 0.756225
1 0.6316366791725159 0.4293542206287384 0.03264141082763672 0.028274834156036377 0.7398320091263427
1 0.657237321138382 0.43555712699890137 0.0481603741645813 0.026880383491516113 0.6976260248926591
1 0.681423 0.433675 0.05663259999999992 0.03429890000000002 0.546272
1 0.710327 0.442987 0.031170300000000095 0.03375260000000002 0.5078158302285267
1 0.656517 0.436428 0.024996599999999924 0.025079700000000038 0.25643465296075274
