1 0.2410908117890358 0.46307234466075897 0.1503349393606186 0.11426356434822083 0.9518970026572956
1 0.8133973777294159 0.47133783996105194 0.0702088475227356 0.1045927107334137 0.9500439860888853
1 0.028215740276209544 0.4502459764480591 0.05631242612435017 0.07215923070907593 0.9452130162917948
1 0.6192298531532288 0.4419073909521103 0.04923570156097412 0.04319539666175842 0.9448459738377415
1 0.44073812663555145 0.452427476644516 0.0635746419429779 0.05430823564529419 0.9331560298691277
1 0.5102374255657196 0.4384017288684845 0.05021172761917114 0.032924115657806396 0.857790014420497
1 0.30595868825912476 0.4616571217775345 0.06349986791610718 0.06473496556282043 0.8451159879136194
1 0.7700539231300354 0.43784230947494507 0.028985977172851562 0.041878461837768555 0.8305512292245109
1 0.49689024686813354 0.4380870908498764 0.0434877872467041 0.029896587133407593 0.6520240024765325
2 0.32407 0.463216 0.026920100000000002 0.05870900000000001 0.49145375985971623
1 0.673222 0.441745 0.022245099999999907 0.0177022 0.265653366749487
1 0.324787 0.463503 0.024896600000000046 0.05801849999999997 0.259223963625354
