2 0.538169652223587 0.5438908189535141 0.06960099935531616 0.27234867215156555 0.963185981189593
1 0.7103462815284729 0.48181387782096863 0.08269608020782471 0.12085872888565063 0.949720032143359
0 0.09370770491659641 0.5734650641679764 0.07322854921221733 0.2536860406398773 0.9415909478036194
1 0.8083928823471069 0.43944311141967773 0.06995010375976562 0.0487024188041687 0.8947289815788678
0 0.8493403494358063 0.46614018082618713 0.025576770305633545 0.1254151463508606 0.8873299788139241
1 0.3222343921661377 0.44513024389743805 0.037425994873046875 0.046056777238845825 0.8786520164071302
1 0.6800290048122406 0.45415082573890686 0.04458361864089966 0.06036782264709473 0.8762849929118182
0 0.218882 0.453621 0.016242599999999996 0.08650659999999999 0.859606
1 0.3015167862176895 0.4360560476779938 0.03996953368186951 0.04271179437637329 0.7639700546469785
1 0.573817 0.424937 0.018752300000000055 0.011113999999999957 0.5953587270211905
1 0.806929 0.492754 0.03397959999999989 0.010400900000000046 0.3409418225698686
