1 0.4344753623008728 0.5001276433467865 0.09659498929977417 0.16635042428970337 0.9580050357804575
1 0.5221555680036545 0.4678702652454376 0.06569543480873108 0.07381230592727661 0.9567399824543178
0 0.6985155045986176 0.4780638962984085 0.02496236562728882 0.11890861392021179 0.9015640411014043
0 0.9461974203586578 0.534142330288887 0.10760515928268433 0.2669743001461029 0.875595998178894
1 0.37902793288230896 0.4405769407749176 0.03121703863143921 0.03887850046157837 0.8605200243611134
1 0.4076167196035385 0.462398886680603 0.05241313576698303 0.07474815845489502 0.8572240168359962
2 0.3459720313549042 0.44507887959480286 0.011751174926757812 0.04458057880401611 0.801325263118772
1 0.2954395115375519 0.4288969933986664 0.022434651851654053 0.022626399993896484 0.7562319800857172
1 0.27304938435554504 0.43899083137512207 0.02077561616897583 0.027946054935455322 0.6496655650776628
1 0.25994841009378433 0.4275802969932556 0.022654637694358826 0.01879662275314331 0.6093590044735293
1 0.390384 0.464702 0.018006999999999995 0.06831730000000003 0.5603365090839458
1 0.23589015752077103 0.42755126953125 0.016813531517982483 0.016713380813598633 0.5271669896777492
1 0.3378005921840668 0.42970603704452515 0.017866671085357666 0.01908653974533081 0.5218124260239869
1 0.3599694073200226 0.4323190003633499 0.02513939142227173 0.02625975012779236 0.4301270066988569
