1 0.3074771761894226 0.46043334901332855 0.07269704341888428 0.08014848828315735 0.9562519971939348
1 0.9230114817619324 0.49236351251602173 0.09717988967895508 0.11784100532531738 0.9540289883469266
1 0.6612955033779144 0.4637462645769119 0.052755653858184814 0.05937948822975159 0.9368650128304931
1 0.8770467042922974 0.4721030741930008 0.05701649188995361 0.07851168513298035 0.9029200122340446
0 0.194891519844532 0.46483634412288666 0.016496822237968445 0.08742740750312805 0.8823309743686663
0 0.9142600893974304 0.4459982216358185 0.014850020408630371 0.07262194156646729 0.8267949963949931
1 0.37328891456127167 0.43365125358104706 0.03956863284111023 0.02774640917778015 0.821296786820995
1 0.3422289490699768 0.43783263862133026 0.031463801860809326 0.04440447688102722 0.8142300080453901
0 0.954567 0.452121 0.013050100000000064 0.06115689999999996 0.6610889228144758
1 0.880865 0.444072 0.0475388000000001 0.05025869999999999 0.4939762116181837
1 0.700071 0.424711 0.024117299999999897 0.011424400000000001 0.3924050287300629
0 0.622405 0.434216 0.009117129999999918 0.04321140000000001 0.306664
