1 0.4979805052280426 0.547230914235115 0.12270480394363403 0.1986158788204193 0.9651400292486569
1 0.12536613950487663 0.6298471838235855 0.2506752250719728 0.35462018847465515 0.9496060424948843
1 0.43283988535404205 0.4437711089849472 0.04138097167015076 0.06746742129325867 0.9200530145927597
1 0.49902935326099396 0.4424995630979538 0.0382823646068573 0.053472429513931274 0.9007319798780656
1 0.2394230142235756 0.4369375705718994 0.03416220843791962 0.041339337825775146 0.8788970098706493
1 0.37252432107925415 0.4339763969182968 0.03607618808746338 0.02035406231880188 0.8224209860251287
1 0.48401759564876556 0.43237291276454926 0.022513002157211304 0.028443068265914917 0.6091529908343499
1 0.594641 0.430642 0.03395769999999998 0.02063119999999996 0.4252652640626562
1 0.187275 0.454763 0.046398700000000015 0.015658700000000025 0.40158276648148356
1 0.312253 0.4294 0.04000809999999999 0.02194879999999999 0.3027354576090934
1 0.237968 0.422214 0.024572200000000016 0.00823651999999997 0.2960904103348784
1 0.105166 0.448055 0.027511499999999994 0.01264670000000001 0.2577104434510842
