1 0.7266042232513428 0.4562903344631195 0.08667874336242676 0.049507319927215576 0.9292029489266942
2 0.8764564990997314 0.4471213221549988 0.0389636754989624 0.059706270694732666 0.9274540190243586
1 0.44493119418621063 0.4413600414991379 0.038232892751693726 0.05285552144050598 0.9094410207934547
1 0.047942738980054855 0.4516307860612869 0.09588547796010971 0.06955930590629578 0.8880471022308989
0 0.2670682370662689 0.4629421681165695 0.014657557010650635 0.07283946871757507 0.86009298458284
1 0.49922288954257965 0.43019649386405945 0.018884986639022827 0.031871140003204346 0.8534900130414398
0 0.5886582732200623 0.44506309926509857 0.009093999862670898 0.04884442687034607 0.8396960013654923
1 0.4727579653263092 0.4287930577993393 0.020288527011871338 0.02238646149635315 0.7721187869252029
1 0.9730066955089569 0.4430333524942398 0.05390387773513794 0.05933251976966858 0.7711740002639087
0 0.40446561574935913 0.43223077058792114 0.006234407424926758 0.03447204828262329 0.6930309883837007
0 0.5649569034576416 0.43700115382671356 0.007282614707946777 0.03825792670249939 0.5221799952324231
1 0.691051 0.461175 0.0219571999999999 0.02264849999999996 0.48086829148936855
1 0.623795 0.444149 0.025313799999999942 0.020249799999999984 0.43126840080863904
2 0.87541 0.464539 0.038458300000000056 0.026483799999999946 0.3817029083136882
1 0.292653 0.462443 0.010960999999999999 0.011199999999999988 0.2830641995824886
