0 0.8374280631542206 0.5414559096097946 0.03616231679916382 0.15126505494117737 0.9477259507511894
0 0.7855730652809143 0.4966690242290497 0.037482261657714844 0.17880886793136597 0.9394270407983804
1 0.42952409386634827 0.4526137262582779 0.03741937875747681 0.055756956338882446 0.9135640326998341
1 0.49933913350105286 0.43714772164821625 0.023898065090179443 0.040307074785232544 0.8750809904186646
1 0.653509 0.434247 0.047426600000000096 0.03550229999999999 0.7353548635399632
1 0.429321 0.466616 0.03371139999999995 0.0275088 0.6320360875213998
0 0.33548 0.438508 0.008604429999999996 0.048898 0.628721
1 0.428959 0.443576 0.03269790000000006 0.030587299999999984 0.45254941174382646
1 0.47740763425827026 0.4319443851709366 0.023498356342315674 0.03093770146369934 0.42200930025378947
1 0.455354 0.455579 0.026436400000000027 0.04284279999999996 0.37141326434103883
