1 0.49863089621067047 0.49660928547382355 0.07639274001121521 0.12219581007957458 0.948590986798902
0 0.7738646566867828 0.488754078745842 0.0343436598777771 0.1701529324054718 0.946975009702828
1 0.49925021827220917 0.45112140476703644 0.048537999391555786 0.08652910590171814 0.8884319489830964
0 0.6390154957771301 0.45748619735240936 0.017781496047973633 0.08836343884468079 0.8839760283066802
2 0.43642185628414154 0.44463443756103516 0.017710179090499878 0.06436407566070557 0.8778559851835865
0 0.3248552829027176 0.4524789899587631 0.011078566312789917 0.060927122831344604 0.8336934244698009
0 0.33534321188926697 0.4514126628637314 0.01226717233657837 0.06169888377189636 0.8269270010433653
1 0.4643757492303848 0.43395571410655975 0.0228634774684906 0.030518382787704468 0.8207658184029617
1 0.475716 0.427259 0.015381199999999984 0.02409870000000003 0.5544713709559554
1 0.499475 0.42553 0.03569620000000001 0.030576900000000018 0.4859745110672081
1 0.989435 0.535175 0.02019750000000009 0.11899799999999999 0.3787347270830369
2 0.437898 0.455468 0.013534000000000046 0.03873389999999999 0.30382082928558063
