1 0.4245920181274414 0.45840516686439514 0.04055100679397583 0.058939337730407715 0.9225189625611934
1 0.9243331253528595 0.44534750282764435 0.07404321432113647 0.03893598914146423 0.8658720069183992
1 0.8364103734493256 0.4382760524749756 0.06754797697067261 0.040086209774017334 0.865378859465063
1 0.90238 0.444275 0.06983129999999993 0.03476400000000002 0.8349187799885188
1 0.697757 0.436556 0.06489410000000007 0.04248810000000003 0.8313856409502722
1 0.497877 0.416497 0.019361399999999973 0.034178700000000006 0.830485
2 0.49791961908340454 0.4346987307071686 0.012899279594421387 0.049373626708984375 0.7606926942270185
1 0.564879 0.425887 0.020115399999999894 0.016552400000000023 0.5834541977156094
1 0.866672 0.440362 0.051601599999999914 0.03448720000000005 0.4726558132874712
1 0.458176 0.427847 0.012452299999999972 0.014202500000000007 0.3523413813369825
