0 0.7790588140487671 0.5505827516317368 0.03696584701538086 0.16557303071022034 0.9407080021068858
1 0.3566036969423294 0.45630377531051636 0.048249393701553345 0.05448257923126221 0.9322239906639013
1 0.41434919834136963 0.4366505742073059 0.028814196586608887 0.03693735599517822 0.9082389672915181
1 0.74906787276268 0.44252723455429077 0.07856959104537964 0.06056928634643555 0.907844955013057
1 0.9064665734767914 0.4537251591682434 0.055574119091033936 0.05728822946548462 0.8880750202131962
1 0.44700653851032257 0.4143713116645813 0.027021974325180054 0.05123138427734375 0.8788460200463779
1 0.6920786201953888 0.4440465122461319 0.07263535261154175 0.03850641846656799 0.8757409609850871
1 0.4990481734275818 0.4309423863887787 0.01769256591796875 0.024761557579040527 0.8677289741446818
1 0.6516874730587006 0.43471021950244904 0.07196158170700073 0.04247739911079407 0.8355324293716242
0 0.5470375120639801 0.43416832387447357 0.0082358717918396 0.03776654601097107 0.7518560207246359
1 0.09047323603726909 0.6942391097545624 0.18092214784428506 0.43564659357070923 0.7352780594592558
1 0.46766743063926697 0.4332541972398758 0.018828392028808594 0.02320227026939392 0.7189090089821616
1 0.905245 0.455159 0.02627299999999999 0.04649369999999997 0.5396815451299335
1 0.65609 0.442492 0.02890820000000005 0.03217570000000003 0.5325504190159117
1 0.668359 0.438349 0.05225980000000008 0.03847540000000005 0.531854
1 0.614326 0.43874 0.03509640000000003 0.027758599999999967 0.48374732188400343
1 0.696709 0.443732 0.03701029999999994 0.03291860000000002 0.4076574860900301
1 0.630931 0.44077 0.020959699999999915 0.02109620000000001 0.36633456331182235
1 0.590982 0.428553 0.016416900000000068 0.027750900000000023 0.3375386953901468
1 0.65683 0.424886 0.02572730000000001 0.016412899999999953 0.2764696851666171
