1 0.8518501818180084 0.4601924568414688 0.1913192868232727 0.11092683672904968 0.9307970130404367
1 0.7605244815349579 0.4503142982721329 0.13112491369247437 0.08136579394340515 0.9135589758577576
0 0.5839648842811584 0.4473244845867157 0.014170050621032715 0.06981146335601807 0.888408982491999
1 0.721177 0.448616 0.0901145000000001 0.05048830000000004 0.8359904891049921
1 0.677372 0.437908 0.06882499999999991 0.049610799999999955 0.8266922941298546
0 0.5438758134841919 0.4331708401441574 0.0069158077239990234 0.03436407446861267 0.7403649792110313
2 0.947364 0.494158 0.06325570000000003 0.08922509999999995 0.655445199550106
0 0.357352 0.432084 0.008414939999999982 0.0419929 0.612352
1 0.388056 0.441259 0.02305170000000001 0.019128000000000034 0.3656144946228516
1 0.667115 0.439365 0.03559420000000002 0.04891239999999997 0.3565853530579653
1 0.963396 0.48218700000000003 0.07216219999999995 0.11347800000000002 0.04561704235297036
