1 0.589776873588562 0.4166116714477539 0.07947015762329102 0.16950726509094238 0.9459910325154408
1 0.9249182641506195 0.46222056448459625 0.1323896050453186 0.06796273589134216 0.9248100280744812
1 0.7876388728618622 0.44220274686813354 0.1003006100654602 0.05937612056732178 0.9171630293460354
1 0.4415772408246994 0.4463411867618561 0.03652265667915344 0.04852229356765747 0.9149529786568483
1 0.7412344515323639 0.4392475485801697 0.08048480749130249 0.04958230257034302 0.9121310500764037
1 0.825669139623642 0.4498405307531357 0.0744141936302185 0.055485159158706665 0.9116500179738759
1 0.8896276354789734 0.4598579853773117 0.12037038803100586 0.059132665395736694 0.8784523238205464
1 0.7025793492794037 0.4404889941215515 0.06573325395584106 0.033588528633117676 0.8737210159527138
1 0.5235294103622437 0.42053908109664917 0.023157715797424316 0.04061955213546753 0.780370552360736
1 0.191018 0.431939 0.028164599999999984 0.03122720000000001 0.4974994321113828
2 0.8688240647315979 0.47129322588443756 0.03153502941131592 0.04480287432670593 0.43335140196560934
1 0.660502 0.43144 0.03266100000000005 0.03774180000000005 0.4065781474607023
1 0.333813 0.442483 0.018177 0.011708799999999964 0.40049119738610106
1 0.382812 0.447698 0.015474699999999952 0.015643399999999974 0.38177552670588805
