0 0.8879549205303192 0.6492017209529877 0.05624347925186157 0.2954767346382141 0.9511819862578527
0 0.6711940169334412 0.4900047928094864 0.03889167308807373 0.17896291613578796 0.9437239870020163
1 0.41156262159347534 0.471100851893425 0.05144864320755005 0.07639768719673157 0.9096680519325145
0 0.26692990958690643 0.472459077835083 0.023023277521133423 0.12379395961761475 0.8849119654943406
0 0.49918118119239807 0.47532741725444794 0.02029472589492798 0.08481159806251526 0.8495288200815087
0 0.5583134889602661 0.44952626526355743 0.013182282447814941 0.06193491816520691 0.8309709997922993
0 0.347287 0.459352 0.022233999999999976 0.09454220000000002 0.828785
1 0.419449 0.456797 0.03291630000000001 0.05163609999999996 0.6794869201515382
1 0.76828 0.50084875 0.460966 0.9983025000000001 0.5277683067885219
0 0.380185 0.437307 0.015144500000000005 0.07266729999999999 0.49579599999999996
