1 0.32027703523635864 0.4433304965496063 0.04330575466156006 0.05592215061187744 0.885364026105805
0 0.685288 0.454007 0.019803400000000027 0.09162170000000003 0.870447
0 0.0826827 0.456321 0.019529799999999986 0.10191299999999998 0.870317
0 0.750723 0.515489 0.0462688 0.16423699999999997 0.853556
1 0.5418362617492676 0.43646107614040375 0.01919078826904297 0.02812787890434265 0.81485294777869
0 0.044995468109846115 0.4630145877599716 0.021394550800323486 0.10053053498268127 0.7893633558622308
0 0.628709 0.443805 0.011208700000000071 0.06353249999999999 0.670942
1 0.351667 0.445828 0.025169600000000014 0.03324640000000001 0.6405316750046496
1 0.5286713540554047 0.4292808324098587 0.0171622633934021 0.023447304964065552 0.5960462882773011
0 0.764244 0.48958199999999996 0.018590000000000106 0.09072059999999998 0.344457
