1 0.49748724699020386 0.5558005273342133 0.13017749786376953 0.20871573686599731 0.9645779823220284
1 0.41411012411117554 0.46902330219745636 0.08270114660263062 0.08868357539176941 0.962269955317609
0 0.8988615870475769 0.4984389692544937 0.04332923889160156 0.1987813413143158 0.9401699751801207
1 0.21070918440818787 0.43415413796901703 0.06269735097885132 0.03775939345359802 0.9271279580613005
1 0.12016357854008675 0.4419187307357788 0.07149036973714828 0.03775101900100708 0.9153930292683811
1 0.0279495760332793 0.4378575384616852 0.05134440818801522 0.04888838529586792 0.8798216218390759
1 0.5028503686189651 0.4422740340232849 0.03135368227958679 0.046577513217926025 0.8418732352566204
0 0.99265 0.521031 0.014526899999999898 0.25018500000000005 0.392117
0 0.9707619000000001 0.528711 0.05847619999999998 0.28196 0.36784032766563435
1 0.28485 0.442021 0.03589819999999999 0.013650799999999963 0.2904070656400824
