1 0.8013731837272644 0.563778892159462 0.3965582847595215 0.3232286870479584 0.9565380248238873
1 0.24444950371980667 0.4731111079454422 0.07390902936458588 0.1136234700679779 0.9545120221161097
1 0.051552641205489635 0.4365895241498947 0.049427056685090065 0.024728327989578247 0.8878350309163153
1 0.007973162628321706 0.4472857713699341 0.01594630967158306 0.05367743968963623 0.847098006630419
1 0.01463793870061636 0.4442153126001358 0.024361131712794304 0.0352654755115509 0.8329709808335581
0 0.288329 0.441382 0.013080100000000039 0.06139220000000001 0.800164
1 0.18650136142969131 0.44529207050800323 0.0305451899766922 0.04130294919013977 0.7946985876301381
1 0.17459571361541748 0.44159945845603943 0.030590444803237915 0.03520524501800537 0.7887050182343955
1 0.221831 0.457266 0.048012600000000016 0.06494849999999996 0.7527395025291443
0 0.14308971166610718 0.43201927840709686 0.0052156150341033936 0.026126831769943237 0.7021819762264012
0 0.119239 0.430901 0.00615170000000001 0.02687700000000004 0.342836
2 0.275391 0.506977 0.013846800000000048 0.041539999999999966 0.3315205416871032
