1 0.549858957529068 0.4518450200557709 0.06021004915237427 0.04961055517196655 0.9389270455380657
1 0.6593376696109772 0.4451199471950531 0.0502585768699646 0.042657554149627686 0.9197769952960836
1 0.7700642943382263 0.4501003473997116 0.05194246768951416 0.04712066054344177 0.9183959506548139
1 0.8179035484790802 0.4409280866384506 0.04721039533615112 0.0388471782207489 0.90751699773422
1 0.351383313536644 0.43995900452136993 0.06308355927467346 0.04849401116371155 0.8905010401994009
1 0.945559948682785 0.5425321757793427 0.10834509134292603 0.272560179233551 0.8701770124640945
1 0.935883104801178 0.4583080857992172 0.06304574012756348 0.07629552483558655 0.861390011900026
1 0.7246796786785126 0.4357517510652542 0.043766558170318604 0.028448671102523804 0.8356849774409322
1 0.8885421454906464 0.4379075616598129 0.04292994737625122 0.025542885065078735 0.7235430253154598
1 0.36621 0.443557 0.03276009999999996 0.04460989999999998 0.35560615136946044
