1 0.8612185716629028 0.5197633802890778 0.11309409141540527 0.15396124124526978 0.9642689882009785
1 0.43187056481838226 0.44848933815956116 0.051587969064712524 0.06754124164581299 0.9408329482465262
1 0.5303666293621063 0.4450938403606415 0.03615754842758179 0.041304826736450195 0.891426653001155
0 0.3384617567062378 0.4542647898197174 0.02023637294769287 0.09081047773361206 0.888278979510282
1 0.36513131856918335 0.4418289214372635 0.03469282388687134 0.035834044218063354 0.8395469825505503
0 0.3846346437931061 0.44410839676856995 0.011728763580322266 0.05714064836502075 0.7789650136406584
1 0.603829 0.43572 0.03112500000000007 0.020689999999999986 0.5366682640557054
1 0.923506 0.428098 0.0303852 0.016875399999999985 0.4789965968078036
1 0.501343 0.428055 0.03593479999999999 0.025804500000000008 0.306059
1 0.889351 0.432969 0.03954239999999998 0.019682100000000036 0.3053330393242479
