1 0.4864497780799866 0.4798794686794281 0.06333780288696289 0.09180587530136108 0.946109025497226
0 0.8949418365955353 0.49840399622917175 0.032484591007232666 0.16132193803787231 0.9233519719424215
1 0.287114679813385 0.4322637915611267 0.02886497974395752 0.026766538619995117 0.8678549737930881
1 0.4041377305984497 0.44138260185718536 0.03389930725097656 0.03258034586906433 0.823221389310051
0 0.5513870120048523 0.44231870770454407 0.014243006706237793 0.057116925716400146 0.8209145738407123
0 0.6176401078701019 0.45992036163806915 0.009557187557220459 0.04898098111152649 0.8166300063650761
1 0.32065777480602264 0.4344381093978882 0.02309277653694153 0.026676535606384277 0.8075109925134218
1 0.2537221163511276 0.42891983687877655 0.015504330396652222 0.020494312047958374 0.7970783059060798
0 0.4892980307340622 0.4449501782655716 0.011474519968032837 0.05614790320396423 0.7931699990861988
0 0.433114230632782 0.43651309609413147 0.007906973361968994 0.037690699100494385 0.7365739805922377
0 0.41992002725601196 0.4336494505405426 0.007101178169250488 0.038504600524902344 0.6851700220248926
1 0.970086 0.49418699999999993 0.05904200000000004 0.07704039999999995 0.6771550412013366
2 0.486483 0.483046 0.064365 0.08342779999999994 0.3419714749308491
