1 0.35792793333530426 0.4484270364046097 0.045786768198013306 0.05840215086936951 0.9289529512965369
0 0.5971228778362274 0.48584236204624176 0.030276596546173096 0.12900039553642273 0.9145090300628815
1 0.3891146034002304 0.4464235156774521 0.04026404023170471 0.04184964299201965 0.8961389977112008
1 0.30290283262729645 0.4380805343389511 0.024634331464767456 0.02768459916114807 0.888727036788436
1 0.26550424098968506 0.4346096068620682 0.028103649616241455 0.02839687466621399 0.881644982135725
0 0.462421 0.444993 0.012325999999999948 0.05228069999999996 0.811241
1 0.23441651463508606 0.4299791306257248 0.016619324684143066 0.019989222288131714 0.7337093849067725
1 0.184698 0.423415 0.019735500000000017 0.014730800000000044 0.6844525705587188
0 0.14108942449092865 0.4368318021297455 0.007639765739440918 0.039332449436187744 0.5415089839382999
1 0.200733 0.428818 0.01430140000000002 0.01611790000000002 0.5282339478585558
1 0.2220422625541687 0.42725418508052826 0.021785080432891846 0.016669660806655884 0.3956007063030824
