0 0.454334 0.43597 0.010945199999999988 0.04586009999999996 0.79563
0 0.5231685638427734 0.4446828067302704 0.011358022689819336 0.049434661865234375 0.7293855742296051
1 0.812232 0.441812 0.08278619999999992 0.05296279999999998 0.6956977361792099
2 0.454278 0.436046 0.010047499999999987 0.041633299999999984 0.6730051222737752
1 0.4644210785627365 0.4364759027957916 0.0190373957157135 0.026112139225006104 0.6703744922406051
0 0.5600941479206085 0.43406806886196136 0.0067885518074035645 0.036596089601516724 0.6420329994193104
1 0.691224 0.43942 0.06828670000000003 0.04641050000000002 0.5308354196249498
2 0.455918 0.445199 0.008473869999999994 0.02599499999999999 0.470425002286907
1 0.517984 0.453572 0.01972139999999989 0.027195300000000033 0.27108216486951936
1 0.486879 0.427645 0.011180199999999973 0.015247800000000034 0.24885405721922058
