1 0.4959239065647125 0.6757387220859528 0.2777981162071228 0.3881719708442688 0.97786399207104
1 0.2309299185872078 0.44907426834106445 0.10004036128520966 0.06413567066192627 0.936210994588598
1 0.43811415135860443 0.4441286772489548 0.04075697064399719 0.059772759675979614 0.8891230507335525
1 0.49864988029003143 0.47500675916671753 0.08389881253242493 0.13113164901733398 0.8887059666131172
1 0.49797455966472626 0.5180054008960724 0.11446967720985413 0.16775673627853394 0.8600570072584831
0 0.5812567472457886 0.43813155591487885 0.0093919038772583 0.04970857501029968 0.7997857707591051
0 0.570185512304306 0.4331103265285492 0.008159339427947998 0.044905126094818115 0.7670260201997765
0 0.6318752765655518 0.44547876715660095 0.007372260093688965 0.055373191833496094 0.6759732065508738
1 0.447792 0.434625 0.029703000000000035 0.036506099999999986 0.4982795808018449
1 0.932276 0.461058 0.11768500000000004 0.074762 0.458987
1 0.342377 0.443608 0.014136999999999955 0.016013100000000002 0.2967890757082534
1 0.460016 0.436416 0.010869400000000029 0.020464099999999985 0.27828055854684197
1 0.323432 0.445301 0.01851729999999996 0.017357100000000014 0.2378160616048489
