1 0.4977060556411743 0.5420026630163193 0.1455092430114746 0.22004607319831848 0.9668359676600657
1 0.21339495480060577 0.4382251799106598 0.04426422715187073 0.04381668567657471 0.8827299908137657
0 0.605815052986145 0.4445853680372238 0.01398468017578125 0.06389167904853821 0.8745709868250735
0 0.28161048889160156 0.4505615830421448 0.015965044498443604 0.0816659927368164 0.859405991516571
0 0.31928592920303345 0.44361157715320587 0.013956546783447266 0.06831184029579163 0.8264112558269998
1 0.154293 0.442659 0.04529650000000002 0.03701140000000003 0.814768
1 0.49982473254203796 0.4305947870016098 0.02087324857711792 0.0326368510723114 0.7804386090270158
0 0.40595926344394684 0.4322982132434845 0.005216032266616821 0.028917133808135986 0.6895940213857009
1 0.167269 0.447518 0.02857510000000002 0.022699899999999995 0.46356676844673095
1 0.498265 0.424715 0.019808200000000054 0.018528199999999995 0.443479756760134
1 0.147186 0.443369 0.0304894 0.019774500000000028 0.36880970387964346
1 0.0521581 0.442643 0.05176820000000001 0.03538459999999999 0.3495688875632065
0 0.512873 0.431242 0.007536320000000041 0.03261550000000002 0.318786
