1 0.49950721859931946 0.45329423248767853 0.0367240309715271 0.05618724226951599 0.9217729730040318
1 0.877034991979599 0.4492492228746414 0.09028035402297974 0.06825777888298035 0.891035695898115
1 0.5735199153423309 0.4361412227153778 0.020425856113433838 0.027803361415863037 0.8814639893297367
0 0.6915153563022614 0.4439217895269394 0.011320412158966064 0.050284236669540405 0.8314330160616019
1 0.9623600542545319 0.45952489972114563 0.07500725984573364 0.06790536642074585 0.7416567389843876
1 0.903794 0.458855 0.030420700000000078 0.037533999999999956 0.6442107520747306
0 0.6034906804561615 0.4304546117782593 0.006441295146942139 0.03175860643386841 0.4905734153682915
1 0.854378 0.458784 0.028193899999999994 0.037390799999999946 0.3385912798749799
1 0.501275 0.422347 0.01644019999999996 0.011956999999999995 0.25408946109476294
1 0.878309 0.451201 0.020288800000000107 0.025144399999999956 0.24037528662679605
