1 0.0851728845082107 0.5331505089998245 0.1699879311636323 0.23264643549919128 0.9627620492621791
1 0.3331433981657028 0.4597826898097992 0.045421749353408813 0.0674515962600708 0.9311610003190687
1 0.4994811564683914 0.444376602768898 0.03801843523979187 0.058085352182388306 0.9167919835586716
1 0.3711557388305664 0.4463641345500946 0.0463985800743103 0.061791837215423584 0.894722976578902
1 0.5426251292228699 0.4385784864425659 0.028293728828430176 0.04048335552215576 0.8922160471194732
1 0.4016295522451401 0.4416177123785019 0.029086679220199585 0.0386107861995697 0.8627690021992019
1 0.4438261240720749 0.4308946430683136 0.02026483416557312 0.026881515979766846 0.7692586159765548
0 0.235174 0.457974 0.012654700000000019 0.05979749999999995 0.655753
1 0.46334540843963623 0.42708009481430054 0.015624642372131348 0.019046545028686523 0.595137004861419
1 0.454132 0.426992 0.020026199999999994 0.02191540000000003 0.331998368057989
