1 0.4983075112104416 0.5064851343631744 0.08646991848945618 0.13602393865585327 0.9632429760138304
1 0.8880802392959595 0.4903046190738678 0.22348356246948242 0.1631818413734436 0.9487439562717164
1 0.39791515469551086 0.4444393217563629 0.0363655686378479 0.03718048334121704 0.9175599914490412
1 0.32610780000686646 0.44341588020324707 0.028221726417541504 0.03421974182128906 0.9071679702800645
1 0.27718615531921387 0.4336741119623184 0.026675701141357422 0.026593655347824097 0.8794349841219762
1 0.3144463300704956 0.43658460676670074 0.024839937686920166 0.02908387780189514 0.8028570121890091
1 0.2160593941807747 0.4305196553468704 0.022550299763679504 0.024531275033950806 0.7819789968691336
1 0.24497800000000003 0.430321 0.016888900000000012 0.022495900000000013 0.766947
1 0.2331867292523384 0.42954106628894806 0.01730300486087799 0.021686047315597534 0.7078610205800728
1 0.309416 0.44058 0.015166400000000024 0.01885530000000002 0.4755625624340117
0 0.908625 0.464739 0.025785100000000005 0.11545800000000006 0.330093
1 0.158419 0.425551 0.026267099999999988 0.017602499999999965 0.30971031948145894
