1 0.669023334980011 0.4991058260202408 0.11489439010620117 0.15585491061210632 0.9678180485316742
1 0.2937041372060776 0.47259457409381866 0.06220540404319763 0.08145222067832947 0.9457350298853175
1 0.39087191224098206 0.4488992542028427 0.044854700565338135 0.06059148907661438 0.9208339806409503
1 0.5630209147930145 0.45143450796604156 0.03510993719100952 0.046129077672958374 0.9105790209624222
1 0.36863356828689575 0.4374255836009979 0.03869760036468506 0.0444064736366272 0.8869559832020156
1 0.5017262250185013 0.4426479935646057 0.023549765348434448 0.03507494926452637 0.8782529999620308
1 0.05554035486966313 0.543091431260109 0.11098283167302725 0.20630618929862976 0.8770986177317529
1 0.5511527955532074 0.4445200264453888 0.027929604053497314 0.04029971361160278 0.8750139872611509
1 0.9367524981498718 0.4742298126220703 0.12649500370025635 0.1056523323059082 0.7957129058699843
1 0.9530810117721558 0.7786835432052612 0.09284615516662598 0.4425187110900879 0.5716443388107975
