1 0.11637710593640804 0.5192509591579437 0.14493976905941963 0.15660876035690308 0.9710520043904776
1 0.6287434101104736 0.480546236038208 0.08101117610931396 0.11910533905029297 0.9611920051483
1 0.27398156374692917 0.4705231040716171 0.09457345306873322 0.11888507008552551 0.9483060126777154
1 0.22099203616380692 0.49768759310245514 0.10768406093120575 0.10486242175102234 0.9435599556871597
1 0.6010335087776184 0.4653844088315964 0.05986666679382324 0.09573104977607727 0.908547750710815
1 0.5477134585380554 0.44127973914146423 0.030965328216552734 0.050122857093811035 0.8588969887563076
1 0.5723938941955566 0.4519167095422745 0.04663193225860596 0.07224246859550476 0.8237387674650036
1 0.4639364778995514 0.432187557220459 0.02127176523208618 0.030912339687347412 0.7991380208943674
1 0.41865 0.439961 0.025034200000000006 0.030658999999999992 0.6766100210577738
1 0.438574 0.436569 0.016611700000000007 0.021847199999999956 0.4637227068889283
1 0.478274 0.42791 0.010839700000000008 0.01966330000000005 0.3966500666407951
2 0.555013 0.463461 0.0141408999999999 0.051248300000000024 0.3140439700990576
