1 0.7417618334293365 0.5002727061510086 0.10799819231033325 0.1325986087322235 0.9642380150432599
1 0.044110708364542006 0.4692095071077347 0.08820710991085434 0.09632048010826111 0.9573510175385626
1 0.8844925761222839 0.44921746850013733 0.10640394687652588 0.07475167512893677 0.9234300369419776
1 0.6841575801372528 0.47558222711086273 0.05986446142196655 0.08566251397132874 0.9229819796638237
1 0.297102615237236 0.4411458373069763 0.05690321326255798 0.0617026686668396 0.9185470238118496
1 0.10125889629125595 0.441721647977829 0.04110327363014221 0.053198277950286865 0.8961180328867586
1 0.1424369029700756 0.43505828082561493 0.04976663738489151 0.03224405646324158 0.8340221192047739
1 0.296534 0.456809 0.0569887 0.032573900000000044 0.5527528557258999
1 0.672164 0.437272 0.03301139999999991 0.027654500000000026 0.5106966243582257
0 0.417133 0.431252 0.009124759999999954 0.044990500000000044 0.301188
