1 0.4283505082130432 0.5825154334306717 0.15859293937683105 0.25595197081565857 0.9665810185387085
1 0.5062751322984695 0.46677395701408386 0.06473693251609802 0.07149761915206909 0.9425040238510588
1 0.32098399102687836 0.44281812012195587 0.03495475649833679 0.04230526089668274 0.9177449875883402
1 0.3672691732645035 0.4409019351005554 0.034758538007736206 0.03806561231613159 0.9007410400534527
1 0.4040932059288025 0.4477689564228058 0.03428053855895996 0.03969287872314453 0.8945179637730503
1 0.24666765332221985 0.4277523159980774 0.022481679916381836 0.019830286502838135 0.8398539750049449
1 0.3000757694244385 0.4382152706384659 0.021032631397247314 0.02907046675682068 0.7778527190855798
1 0.27514874935150146 0.427826464176178 0.017380237579345703 0.020435214042663574 0.7028651766611128
1 0.33878369629383087 0.4348326772451401 0.03383943438529968 0.031531959772109985 0.5973889851994905
1 0.280504 0.440409 0.02212219999999998 0.02037330000000004 0.4897369081872868
