1 0.2908403128385544 0.48419836163520813 0.09757110476493835 0.1302928328514099 0.9632469793471409
1 0.5678295493125916 0.4737265855073929 0.0564655065536499 0.08237966895103455 0.9424089973603711
1 0.3302003741264343 0.46978843212127686 0.07081180810928345 0.08992397785186768 0.9245280037778393
1 0.39763936400413513 0.4500736594200134 0.04364597797393799 0.0594027042388916 0.9221460204580509
1 0.44224514067173004 0.44299858808517456 0.03623953461647034 0.05465024709701538 0.8876999710925219
1 0.4992977976799011 0.44218815863132477 0.025690913200378418 0.03917047381401062 0.8798634461370837
1 0.5370213091373444 0.44549553096294403 0.03646939992904663 0.04900279641151428 0.8270070150341383
1 0.321398 0.431224 0.028793199999999963 0.04086719999999999 0.8061382358933171
1 0.350733 0.470123 0.030030699999999966 0.08618329999999996 0.6682680788043363
1 0.0561711 0.607104 0.112342 0.36703700000000006 0.6390181548303797
1 0.5229639708995819 0.4339205175638199 0.027449309825897217 0.033735424280166626 0.6097139842522125
2 0.250455 0.523093 0.019145999999999996 0.05417160000000004 0.5940818937371349
1 0.453377 0.430754 0.03881840000000003 0.02658170000000004 0.407274
1 0.417414 0.445592 0.023472599999999955 0.03787850000000004 0.35166063204787834
2 0.548463 0.477761 0.014365799999999984 0.07122819999999996 0.35115579053380447
1 0.532515 0.436058 0.028650300000000017 0.03711260000000005 0.302884252069003
2 0.412629 0.457536 0.01343939999999999 0.043947599999999976 0.30228819900810033
