1 0.49827741086483 0.5152302235364914 0.0972694456577301 0.15876296162605286 0.9617429902328862
1 0.4344317615032196 0.44716647267341614 0.04323685169219971 0.06117910146713257 0.9147379575177201
1 0.5938579440116882 0.43768545985221863 0.06258773803710938 0.04012507200241089 0.908732957551867
1 0.2818480655550957 0.4398730546236038 0.0670284777879715 0.04010787606239319 0.8472810011030626
1 0.4970703572034836 0.454400971531868 0.050790935754776 0.07934990525245667 0.8321792163205166
1 0.4534064829349518 0.4402984231710434 0.03488808870315552 0.033034950494766235 0.6949979946005856
1 0.480882 0.435779 0.03169480000000002 0.03987929999999995 0.553281
1 0.681844 0.422728 0.04365109999999994 0.06886179999999997 0.43235920549989304
1 0.460439 0.432849 0.016478699999999957 0.018159900000000007 0.390160275590517
1 0.49929 0.428815 0.04276499999999994 0.03148240000000002 0.3740986160441751
