1 0.577674612402916 0.6525039821863174 0.2439040243625641 0.41469237208366394 0.9713280236871537
2 0.4322054088115692 0.45788659155368805 0.05345660448074341 0.08468219637870789 0.9450930216433543
1 0.9270026683807373 0.45876409113407135 0.06375360488891602 0.0747552216053009 0.9289170266476183
1 0.32561856508255005 0.44102589786052704 0.06374615430831909 0.050615161657333374 0.9165059559287192
1 0.8648774027824402 0.44236645102500916 0.04161262512207031 0.05317342281341553 0.914869014008203
1 0.8006998598575592 0.43990379571914673 0.046127140522003174 0.03702056407928467 0.905915032304733
1 0.5278933793306351 0.45346899330616 0.060116976499557495 0.0510658323764801 0.8951280506994056
1 0.6157637536525726 0.44931136071681976 0.08254903554916382 0.07353457808494568 0.8848280008456952
1 0.707221 0.434811 0.04316080000000011 0.02885110000000002 0.829406
1 0.9555383026599884 0.5351453721523285 0.08849853277206421 0.3577980399131775 0.7690739885653238
1 0.6442140936851501 0.44674624502658844 0.04556608200073242 0.04100051522254944 0.7578996317867607
1 0.34054 0.443646 0.034296299999999946 0.04653969999999996 0.6926563925215474
