1 0.8632515668869019 0.5767832249403 0.2643859386444092 0.30233636498451233 0.9658720071392315
1 0.655561089515686 0.4721270352602005 0.06946074962615967 0.08511576056480408 0.936032003449265
1 0.15825822204351425 0.4556545317173004 0.059770211577415466 0.07274889945983887 0.923355975275732
1 0.7991258502006531 0.44283244013786316 0.08236086368560791 0.05797553062438965 0.904450023014818
1 0.6411147713661194 0.4588417559862137 0.05383193492889404 0.06713482737541199 0.8548639991739776
1 0.08368694042837888 0.7427917122840881 0.16733102489160956 0.5134782791137695 0.8058539812509145
1 0.183656 0.437827 0.07636550000000003 0.03873939999999998 0.774026
1 0.136944 0.447903 0.046429999999999985 0.04004269999999999 0.6262097508885988
1 0.203972 0.440327 0.033235400000000026 0.02867799999999998 0.5078960926620109
1 0.648341 0.44628 0.044896499999999895 0.04940429999999996 0.408817154909377
