1 0.8414279222488403 0.71441949903965 0.31698524951934814 0.5638675391674042 0.9686199794043071
1 0.23991329967975616 0.4914192706346512 0.13308098912239075 0.16324517130851746 0.9629609517171884
1 0.14732782170176506 0.5389498770236969 0.16947496682405472 0.16346019506454468 0.9611399618152626
1 0.4996069222688675 0.5151540637016296 0.09525391459465027 0.1495685577392578 0.9589429746347732
1 0.3904367685317993 0.4496163874864578 0.04982197284698486 0.06758686900138855 0.9278229577941906
1 0.7893006801605225 0.45296458899974823 0.11760544776916504 0.0821240246295929 0.917681987764137
1 0.572173148393631 0.47227777540683746 0.06554752588272095 0.11152836680412292 0.8943451883354362
1 0.4252621531486511 0.4386158883571625 0.027748525142669678 0.038638412952423096 0.8569640108725625
1 0.4999249279499054 0.46373365819454193 0.04512065649032593 0.06648340821266174 0.8253259310963292
1 0.5368393957614899 0.4491526484489441 0.04924970865249634 0.06450951099395752 0.8126530107736559
1 0.051864376431694836 0.6066673249006271 0.10367238866092521 0.28390243649482727 0.6871075826717696
0 0.6034191250801086 0.4459656924009323 0.011722445487976074 0.05625167489051819 0.612697679103667
1 0.499092 0.441704 0.032669599999999965 0.01755680000000004 0.5692265290974599
1 0.4422134608030319 0.4358169734477997 0.01967129111289978 0.027924060821533203 0.53276749495292
1 0.477853 0.426342 0.016372700000000018 0.015494600000000025 0.4964934762783832
1 0.457483 0.433176 0.014973299999999967 0.01791699999999996 0.45745077101524967
1 0.51785 0.439099 0.02607690000000007 0.03893380000000002 0.29329819330214474
1 0.513467 0.427797 0.01935449999999994 0.018155799999999944 0.24668467830276716
1 0.542258 0.495763 0.018079200000000073 0.06467349999999994 0.24126581743640427
