1 0.3752414882183075 0.424564391374588 0.11583179235458374 0.2188127636909485 0.9532640356319783
1 0.5524665117263794 0.44430874288082123 0.027891159057617188 0.0420818030834198 0.9140649761180382
1 0.7275558412075043 0.43435345590114594 0.08090251684188843 0.04391518235206604 0.8498890147285832
1 0.755917 0.437772 0.06984839999999992 0.04493289999999994 0.8019408706059314
1 0.8239037096500397 0.43285833299160004 0.06123322248458862 0.034743040800094604 0.782819328136285
1 0.860372 0.437591 0.04702000000000006 0.02986739999999999 0.7749896231060895
1 0.885863 0.44097 0.04459079999999993 0.0326843 0.692547767188051
1 0.911582 0.442947 0.06108249999999993 0.036666500000000046 0.5782463916187721
1 0.664123 0.431278 0.020843900000000026 0.019756600000000013 0.39484214583158933
1 0.914292 0.443386 0.0326206 0.02392050000000001 0.3090157197423168
