1 0.18409474939107895 0.4524775594472885 0.11053507030010223 0.09237721562385559 0.9556230524606691
1 0.5541825294494629 0.4441671818494797 0.0935741662979126 0.060364991426467896 0.9512400345908559
1 0.0251247222568054 0.4481196850538254 0.05016074124068837 0.07393661141395569 0.9396799882530824
1 0.36080536246299744 0.463618203997612 0.11889851093292236 0.06927117705345154 0.925365016492378
1 0.23506758362054825 0.43989577889442444 0.09630213677883148 0.06298357248306274 0.9190929520543593
1 0.9652751982212067 0.5016397088766098 0.06910961866378784 0.1470194160938263 0.9133610215606377
0 0.650915652513504 0.5420735776424408 0.026925742626190186 0.14900165796279907 0.9067870215103008
1 0.13777514919638634 0.4495411366224289 0.06903601437807083 0.055471986532211304 0.9051390177477422
1 0.33980490267276764 0.44289955496788025 0.08025571703910828 0.04926145076751709 0.8850750486513079
1 0.3944399058818817 0.4502111226320267 0.09263253211975098 0.05437842011451721 0.8790310161856768
1 0.256732 0.440987 0.05189030000000003 0.05689500000000003 0.6771649784550061
1 0.9779103100299835 0.45699889957904816 0.04402643442153931 0.08932158350944519 0.5678920566391521
1 0.983934 0.423226 0.031212999999999935 0.01530609999999999 0.343744128104653
