1 0.31930603086948395 0.47550977766513824 0.07978484034538269 0.11083397269248962 0.9520419654634888
1 0.16117218509316444 0.4667568802833557 0.08103343099355698 0.10985445976257324 0.9480949948718979
0 0.023318608291447163 0.4782101809978485 0.022400198504328728 0.11559075117111206 0.8889699759098615
1 0.7210991382598877 0.43738995492458344 0.04812264442443848 0.024884432554244995 0.8693943608018784
1 0.42882339656352997 0.43725745379924774 0.04332926869392395 0.02469804883003235 0.8394329929020756
1 0.7761355340480804 0.43566498160362244 0.04444962739944458 0.027415752410888672 0.7991330167277292
0 0.09841839969158173 0.44598764181137085 0.015368521213531494 0.06413125991821289 0.7222551108490992
2 0.276458 0.443576 0.016969800000000035 0.06232570000000004 0.67655187649136
1 0.314126 0.440062 0.0431165 0.05253260000000004 0.652412
1 0.662556 0.434658 0.04199660000000005 0.027285299999999957 0.5262373790598991
1 0.110075 0.447867 0.041458700000000015 0.04838819999999999 0.48520699999999994
2 0.279046 0.456539 0.01653340000000003 0.04399390000000003 0.23611144039847434
