1 0.5044327229261398 0.5197013020515442 0.11561265587806702 0.15418672561645508 0.9612109683060869
1 0.034692969470597745 0.4850461483001709 0.06935549467925739 0.10721158981323242 0.9579580492894967
1 0.40478529036045074 0.4654061943292618 0.06424519419670105 0.08937832713127136 0.9523520130933048
1 0.13977982476353645 0.4592433571815491 0.04549815505743027 0.06344044208526611 0.9215120188827087
1 0.2191024273633957 0.4551150053739548 0.04146498441696167 0.060019105672836304 0.9178529722368489
1 0.5973314642906189 0.45159925520420074 0.11054432392120361 0.06521323323249817 0.8951180423661291
0 0.55321204662323 0.4814217537641525 0.028347492218017578 0.11906209588050842 0.8799280262244357
1 0.177506685256958 0.43577060103416443 0.03461003303527832 0.04068797826766968 0.8338880075388698
1 0.20547592639923096 0.4434397965669632 0.038192152976989746 0.050478726625442505 0.8284632275258578
1 0.3459378331899643 0.4435050040483475 0.028691500425338745 0.03691539168357849 0.8039112057356461
1 0.335868 0.440458 0.01691290000000001 0.02902950000000004 0.43359601137967513
