1 0.45680105686187744 0.4562987983226776 0.0529407262802124 0.05752301216125488 0.9404010096524912
2 0.38755786418914795 0.4586292803287506 0.02601391077041626 0.08363908529281616 0.8916090153685391
0 0.5363926589488983 0.4486791342496872 0.015151679515838623 0.07251998782157898 0.8909049554602619
0 0.5872130393981934 0.45480553805828094 0.020455241203308105 0.08935186266899109 0.8866870224140714
0 0.12027308344841003 0.4504498839378357 0.015324234962463379 0.08086872100830078 0.8771719946173006
1 0.3581628203392029 0.4430354833602905 0.030448973178863525 0.03346717357635498 0.8308799766349221
0 0.44314688444137573 0.44045908749103546 0.01054084300994873 0.051214128732681274 0.6960659891120565
1 0.1878763735294342 0.4274453669786453 0.02400711178779602 0.01959744095802307 0.601644159780557
1 0.29527 0.431421 0.018580599999999947 0.025834899999999994 0.510701
1 0.55786 0.94679 0.09660880000000005 0.10583000000000009 0.3904927913863794
0 0.353233 0.432114 0.009579090000000012 0.046638100000000016 0.378811
1 0.162303 0.43117 0.02130080000000001 0.019175700000000018 0.2800455676793616
