1 0.8190728425979614 0.5158980041742325 0.11992025375366211 0.14078876376152039 0.9612950383056089
1 0.1760617382824421 0.47287192940711975 0.16621490567922592 0.13144558668136597 0.9554570194791572
0 0.892183244228363 0.4697909355163574 0.0323948860168457 0.13362371921539307 0.9162009651409798
1 0.83915776014328 0.44991669058799744 0.0557938814163208 0.0732458233833313 0.8895910193273826
1 0.9370655417442322 0.4345780164003372 0.03303241729736328 0.033908694982528687 0.8346425831924738
0 0.872212 0.460579 0.02486110000000008 0.10546299999999997 0.763315
1 0.511783 0.424569 0.02545430000000004 0.017171099999999995 0.6705894004540658
1 0.145287 0.423352 0.025917899999999994 0.014666199999999963 0.5293202446671772
1 0.820215 0.442514 0.04163399999999995 0.03469029999999995 0.36459310739348866
1 0.806095 0.441641 0.022197699999999987 0.013629699999999967 0.32425335163822294
