1 0.751362532377243 0.5045017302036285 0.11562174558639526 0.1400248408317566 0.9709130465842503
1 0.6863723993301392 0.4753154218196869 0.06432461738586426 0.08589965105056763 0.9348920016136422
1 0.05985604171655723 0.566658154129982 0.11954589297965867 0.33031007647514343 0.9343570298622983
1 0.8914177715778351 0.44968368113040924 0.11055618524551392 0.07835766673088074 0.9184370374966856
0 0.801 0.460192 0.023406000000000038 0.11596799999999996 0.834545
1 0.13413108885288239 0.4362018406391144 0.05337163805961609 0.033152878284454346 0.7712678152195156
0 0.57456 0.439258 0.010565900000000017 0.050753099999999995 0.767127
1 0.673322 0.440695 0.035371800000000064 0.03410119999999994 0.6927179569297777
0 0.73444 0.449628 0.011645899999999987 0.06566179999999999 0.514664
0 0.221197 0.427071 0.0068032299999999934 0.02972790000000003 0.309698
