1 0.6371906995773315 0.47260887920856476 0.07075738906860352 0.10559472441673279 0.9472590356661251
1 0.5291429311037064 0.46836206316947937 0.06747934222221375 0.10412830114364624 0.9031330317065175
0 0.5775780379772186 0.49880409240722656 0.029110252857208252 0.10640537738800049 0.8747320156399473
0 0.9647237956523895 0.5062601715326309 0.03540009260177612 0.18180176615715027 0.8581647474885415
1 0.5481701195240021 0.45904284715652466 0.05525416135787964 0.07663828134536743 0.7868510008326575
1 0.5663163959980011 0.44878481328487396 0.04439431428909302 0.06343010067939758 0.7844891395302985
1 0.5992405116558075 0.43554581701755524 0.02469557523727417 0.030035406351089478 0.73618202265587
1 0.6635792851448059 0.431703120470047 0.03000319004058838 0.02924293279647827 0.6861070127213189
1 0.605425 0.432388 0.02265089999999992 0.027904600000000057 0.4748147917253758
0 0.704659 0.428868 0.005455399999999999 0.02760359999999995 0.316745
