1 0.4959666430950165 0.6572184562683105 0.2590973973274231 0.37442660331726074 0.9771819504959711
0 0.6318283081054688 0.45660193264484406 0.017078399658203125 0.07547876238822937 0.8661559802062581
1 0.658641 0.437293 0.07241300000000006 0.042806200000000016 0.854855
1 0.5004039704799652 0.43094591796398163 0.01900261640548706 0.029523342847824097 0.7266649931924438
1 0.283349 0.43699 0.07506639999999998 0.048770300000000044 0.7105227214528212
0 0.59226 0.432364 0.010900200000000027 0.04872030000000005 0.698624
0 0.4170609563589096 0.43108221888542175 0.005266696214675903 0.02919912338256836 0.6601960172984841
1 0.468085 0.43591 0.017425000000000024 0.02331609999999995 0.5711207902608771
1 0.194813 0.442888 0.0681136 0.0457187 0.3793996149237125
1 0.0988739 0.473126 0.03171589999999999 0.02524380000000004 0.35959481211155125
0 0.323859 0.435543 0.009217640000000027 0.04381489999999999 0.35850517720372177
