1 0.7980775237083435 0.5283208042383194 0.13673686981201172 0.16800019145011902 0.966433000557094
1 0.049796477891504765 0.4379879832267761 0.059722213074564934 0.037482261657714844 0.8941430200032525
0 0.7265629768371582 0.4531254321336746 0.015928983688354492 0.07328149676322937 0.8135249999792237
1 0.6646842360496521 0.43778254091739655 0.051996827125549316 0.0327242910861969 0.786104484521113
0 0.667203 0.443138 0.014698600000000006 0.05931839999999999 0.732264
1 0.964794 0.634852 0.0695173 0.284446 0.5001549720535107
0 0.976918 0.507093 0.0461319 0.18537599999999999 0.4592506967162656
0 0.988813 0.506602 0.022373999999999894 0.18137200000000003 0.415175
1 0.382542 0.424235 0.0234027 0.013322399999999956 0.29529670712642125
1 0.129008 0.437668 0.020060699999999987 0.013847199999999948 0.28534747471407645
