1 0.9389278590679169 0.5027483552694321 0.12201100587844849 0.2109253704547882 0.9552070218489997
1 0.6257688105106354 0.44896119832992554 0.05494314432144165 0.04568284749984741 0.922394016421553
1 0.44538621604442596 0.43721871078014374 0.054682642221450806 0.043929845094680786 0.907590954049589
1 0.7321134507656097 0.4412153363227844 0.05091947317123413 0.03594315052032471 0.8835619993616661
1 0.8864720165729523 0.43732574582099915 0.042761385440826416 0.034333765506744385 0.8689670049709751
1 0.79877570271492 0.43524928390979767 0.04101985692977905 0.026539117097854614 0.8406600145617649
0 0.6846408545970917 0.4366302490234375 0.008811533451080322 0.04279470443725586 0.7338785784145824
1 0.457717 0.441482 0.029183999999999988 0.04162390000000005 0.6433737295541118
1 0.892367 0.447475 0.02039279999999999 0.056810600000000044 0.37873243387065164
2 0.682755 0.447623 0.011862800000000062 0.020206900000000028 0.3194452496704669
