1 0.6274420917034149 0.4883379638195038 0.0827673077583313 0.10624390840530396 0.9533319869473813
1 0.5907058119773865 0.4644581973552704 0.060933709144592285 0.09391802549362183 0.9126270420034078
1 0.3864295035600662 0.44257816672325134 0.044063299894332886 0.0542677640914917 0.9000100103207676
1 0.4564848989248276 0.43699145317077637 0.02179625630378723 0.028438925743103027 0.732235052064279
1 0.860748 0.69773 0.27793599999999996 0.603728 0.7287087488343055
1 0.4289356619119644 0.4356294125318527 0.019615739583969116 0.020723551511764526 0.49125882817141153
1 0.525967 0.430714 0.015222700000000033 0.020006999999999997 0.3856816318021096
1 0.469817 0.4249 0.011403799999999964 0.013510699999999987 0.32902017578304443
1 0.464246 0.426292 0.026498200000000027 0.020219100000000045 0.3187702488181791
1 0.436206 0.427968 0.014627500000000015 0.018523999999999985 0.2369171223498281
