1 0.1611187644302845 0.4854893386363983 0.08824368566274643 0.10660868883132935 0.9610640038332384
1 0.2853375971317291 0.4526693522930145 0.053114473819732666 0.06705570220947266 0.9360680334490601
1 0.4399385452270508 0.450092151761055 0.03979760408401489 0.050768762826919556 0.9268440374488799
1 0.5929937660694122 0.4389147609472275 0.04876667261123657 0.03570118546485901 0.8664149853363642
1 0.03524451387784211 0.5412992388010025 0.07019581530767027 0.17725524306297302 0.7083365217615795
0 0.4296146184206009 0.43436890840530396 0.007733434438705444 0.03700995445251465 0.6837840258924232
0 0.4081668555736542 0.42910848557949066 0.0059967041015625 0.027592867612838745 0.6076010143958067
0 0.5034721493721008 0.43759778141975403 0.0067212581634521484 0.03567081689834595 0.47974740126318605
2 0.0349922 0.539324 0.06978309999999999 0.16857699999999998 0.4564409931616081
0 0.62945 0.439796 0.011020899999999889 0.04475399999999996 0.391845
