1 0.5570628941059113 0.43723374605178833 0.03298765420913696 0.04563117027282715 0.8833039950648877
1 0.31322093307971954 0.45573168992996216 0.05060824751853943 0.051462531089782715 0.8722869798205174
1 0.3545335829257965 0.4438587874174118 0.032219648361206055 0.04548868536949158 0.8696810205370904
1 0.3303169310092926 0.4458983987569809 0.05379915237426758 0.06029292941093445 0.8610949240946864
1 0.2341473028063774 0.4384327530860901 0.05023415386676788 0.03934758901596069 0.8533969882174074
1 0.40338803827762604 0.4347326457500458 0.032477885484695435 0.03135460615158081 0.8153640048810471
1 0.3963509052991867 0.43783068656921387 0.027059048414230347 0.02889794111251831 0.8145932578678861
0 0.291896 0.436764 0.008942600000000023 0.04215020000000003 0.756725
1 0.4358702003955841 0.4290577322244644 0.017100095748901367 0.023434311151504517 0.5539575595692666
1 0.531895 0.432885 0.01639579999999996 0.01851159999999996 0.43545198460347667
