1 0.882666140794754 0.461700901389122 0.06536334753036499 0.08350983262062073 0.9433599997233844
1 0.4525081515312195 0.45534831285476685 0.06680303812026978 0.05455273389816284 0.9330500468872742
1 0.5723025500774384 0.4475626200437546 0.05409198999404907 0.045315712690353394 0.9287020055084901
1 0.22761961817741394 0.4424242526292801 0.07039952278137207 0.05537113547325134 0.9169689730313494
1 0.7349020838737488 0.43982134759426117 0.046465158462524414 0.0383581817150116 0.9141439892754836
1 0.6364158689975739 0.4359494000673294 0.045423805713653564 0.029377728700637817 0.8589800052470635
0 0.14343062788248062 0.45277392864227295 0.011907950043678284 0.07289618253707886 0.842607004112097
1 0.621603 0.434907 0.04153429999999991 0.026586200000000004 0.690964
1 0.985404 0.682375 0.027991499999999947 0.27462799999999987 0.32538772736479693
1 0.243079 0.44633 0.04036859999999998 0.051777300000000026 0.3129975008472518
1 0.005966339999999999 0.0238567 0.0119117 0.0477134 0.03181882105152538
