1 0.481084480881691 0.5320508629083633 0.11329206824302673 0.15509316325187683 0.9636970382919501
1 0.13512933626770973 0.4943794012069702 0.10039683431386948 0.11808717250823975 0.9620800076871101
1 0.9423075020313263 0.4845256805419922 0.11514788866043091 0.12753987312316895 0.9544140458008774
1 0.2236371859908104 0.46781279146671295 0.059273138642311096 0.0789155662059784 0.9471479958421951
1 0.29851803183555603 0.4472952336072922 0.04263269901275635 0.057192832231521606 0.9188949977572394
1 0.34135839343070984 0.43134982883930206 0.016022443771362305 0.018948405981063843 0.6146479872066118
0 0.516826 0.439191 0.006727699999999892 0.03821490000000005 0.4697849554727441
0 0.246846 0.439855 0.010710299999999978 0.049537300000000006 0.38922685686741776
0 0.453069 0.433706 0.007616810000000029 0.03600480000000006 0.335821
2 0.246809 0.442232 0.014223399999999997 0.061510399999999965 0.308183
