1 0.6478850245475769 0.4905635118484497 0.13045692443847656 0.16256213188171387 0.9648179716189094
1 0.13937162421643734 0.5093164145946503 0.17088564112782478 0.1779521107673645 0.9643310398672923
1 0.2228541150689125 0.4855528920888901 0.11447559297084808 0.1275288164615631 0.948241011186857
1 0.3970622718334198 0.4397655874490738 0.03413105010986328 0.04875478148460388 0.9177229692551321
1 0.49932698905467987 0.4665810465812683 0.06186535954475403 0.09249317646026611 0.9142319572574396
1 0.4453164041042328 0.4444424957036972 0.03114449977874756 0.04384872317314148 0.8943739491247463
2 0.4987636208534241 0.47380198538303375 0.03052651882171631 0.11739465594291687 0.8885409871403711
1 0.610929 0.47565 0.062064700000000084 0.07759889999999997 0.8563383746258377
1 0.534764 0.436562 0.038217500000000015 0.026779899999999968 0.6464992856408524
2 0.546334 0.437964 0.013263500000000095 0.039120000000000044 0.608402
0 0.272997 0.446452 0.010781200000000046 0.0515371 0.4707419080776531
1 0.507531 0.445684 0.04024120000000003 0.04887560000000002 0.34133546354552124
1 0.486271 0.470099 0.03208389999999994 0.08549580000000001 0.32042368695484336
1 0.544767 0.446127 0.01308559999999992 0.01919269999999995 0.26230527666701137
