1 0.7095621824264526 0.4549620896577835 0.1223597526550293 0.07395681738853455 0.9446190480495582
1 0.2742432653903961 0.4534166157245636 0.11816304922103882 0.07628762722015381 0.9358499571345107
0 0.7293059229850769 0.48220714926719666 0.028715014457702637 0.1366834044456482 0.9094619856178969
1 0.4987613260746002 0.4376881420612335 0.031006991863250732 0.04406774044036865 0.90049399224784
0 0.24697773903608322 0.4591854214668274 0.020366087555885315 0.08602547645568848 0.868662066858674
1 0.435070276260376 0.44493238627910614 0.05188113451004028 0.06223967671394348 0.8447429931350386
0 0.388757586479187 0.4331483393907547 0.008063852787017822 0.04331138730049133 0.8388840094841448
0 0.5698394477367401 0.4384126216173172 0.008913815021514893 0.04433682560920715 0.8244584193030167
1 0.0934995 0.465646 0.110125 0.06327970000000005 0.821303
1 0.474048 0.432108 0.020197299999999974 0.028168700000000046 0.6232542844594132
1 0.98596475 0.454536 0.028070499999999998 0.05192529999999995 0.5448279339333152
1 0.524002 0.464722 0.11224199999999995 0.03828140000000002 0.5070820022652445
1 0.986093 0.470177 0.027054799999999934 0.0342247 0.5039517673593683
2 0.453398 0.432161 0.018866700000000014 0.05245900000000003 0.305762
