2 0.4985152930021286 0.4876747727394104 0.048194438219070435 0.17367899417877197 0.9445129597168281
1 0.112599 0.446367 0.06619710000000001 0.06143469999999995 0.8672995665058477
1 0.46934545040130615 0.4297311007976532 0.01865983009338379 0.02844834327697754 0.8566560175848401
1 0.0377159 0.45364 0.06329950000000001 0.04563170000000005 0.8211528611648524
0 0.5789371430873871 0.43865907192230225 0.009428560733795166 0.04808211326599121 0.813737018618369
0 0.603362 0.425589 0.008699039999999991 0.04586420000000002 0.491374
1 0.479776 0.448291 0.011554300000000017 0.013683400000000012 0.4364273642713394
0 0.428126 0.425586 0.007046600000000014 0.030364999999999975 0.387087
1 0.498348 0.444012 0.026409499999999975 0.04146709999999998 0.368438
1 0.283528 0.446956 0.014870099999999997 0.01255649999999997 0.3188146162645211
