1 0.49870988726615906 0.5421381741762161 0.12184149026870728 0.17335161566734314 0.966097036611636
1 0.8687465488910675 0.44914788007736206 0.08898502588272095 0.046064555644989014 0.9231709791364331
1 0.7570256292819977 0.4363628029823303 0.07962769269943237 0.04687654972076416 0.9037310032820646
1 0.4996562898159027 0.4383743703365326 0.02678614854812622 0.038381338119506836 0.8996760480419649
1 0.8101280331611633 0.44423724710941315 0.06257283687591553 0.04215779900550842 0.8958840485898435
1 0.7223064601421356 0.4340353459119797 0.07209426164627075 0.04179367423057556 0.8907000480052868
1 0.5655359327793121 0.4303739666938782 0.0200384259223938 0.028950154781341553 0.8400361266705758
1 0.6784384250640869 0.4319002330303192 0.03879213333129883 0.0307234525680542 0.825104167501099
1 0.9642354249954224 0.45070576667785645 0.07138168811798096 0.07554912567138672 0.8121026577943293
1 0.698692 0.43532 0.05145589999999989 0.032313099999999984 0.565437
1 0.534421 0.424101 0.02053079999999996 0.011775100000000038 0.4818937124683972
2 0.964252 0.452978 0.07094610000000001 0.06604180000000004 0.4036244899084909
