1 0.6019461452960968 0.47919973731040955 0.08148330450057983 0.09219914674758911 0.9576989914839522
1 0.36965373158454895 0.4336986094713211 0.022504210472106934 0.035558730363845825 0.8947770215785946
1 0.4778234511613846 0.4492691457271576 0.03981974720954895 0.04513835906982422 0.8625890102265412
1 0.32064518332481384 0.42744792997837067 0.021148324012756348 0.01981791853904724 0.8524770116875511
1 0.4417783170938492 0.4415823817253113 0.036819010972976685 0.041417062282562256 0.8517870161212993
1 0.35090164840221405 0.42667779326438904 0.015044242143630981 0.020279765129089355 0.6926887560610854
1 0.4178543984889984 0.4316217601299286 0.02005481719970703 0.022311031818389893 0.6904617438807666
1 0.394672 0.421269 0.020623100000000005 0.014616399999999974 0.5290712813878513
1 0.296876 0.427771 0.0171848 0.01434599999999997 0.37734962680234146
0 0.456327 0.435285 0.01144769999999995 0.044425999999999966 0.344831
