1 0.887912929058075 0.4504024237394333 0.08191168308258057 0.05345073342323303 0.9225580477364097
1 0.814800351858139 0.43970784544944763 0.09953242540359497 0.05761498212814331 0.9173529769765342
1 0.7664986252784729 0.43747685849666595 0.08578300476074219 0.04812803864479065 0.8768080073386686
1 0.6054031550884247 0.4453592151403427 0.02852112054824829 0.04117533564567566 0.8762700330873419
1 0.9548935890197754 0.45964011549949646 0.08985388278961182 0.06136798858642578 0.8736033916989967
1 0.5857917666435242 0.4057997167110443 0.044809699058532715 0.10242825746536255 0.8571329936786191
1 0.742865 0.439321 0.056016899999999925 0.03226549999999995 0.690047
1 0.5591591894626617 0.431976780295372 0.016589701175689697 0.023400574922561646 0.5508351702887762
1 0.695831 0.432043 0.02840850000000006 0.03314720000000004 0.48010923818984835
1 0.708575 0.436452 0.04973720000000004 0.037372700000000036 0.3074385295576098
1 0.510473 0.422768 0.0122895999999999 0.02971120000000005 0.25088584339255854
