1 0.8972671926021576 0.5109318047761917 0.1020088791847229 0.12623664736747742 0.9611330086574075
1 0.11637981981039047 0.4522697329521179 0.11456425487995148 0.09331083297729492 0.9553550398306142
1 0.4896104335784912 0.4438355565071106 0.092429518699646 0.05993533134460449 0.9527660420383188
1 0.17000066861510277 0.44071821868419647 0.09735066443681717 0.06317386031150818 0.9326930127664974
1 0.2981049045920372 0.46358947455883026 0.11261977255344391 0.06911423802375793 0.9287140155084219
1 0.06893275864422321 0.45044107735157013 0.0706699751317501 0.053924888372421265 0.9097829897388785
1 0.8539427816867828 0.4475095421075821 0.06801944971084595 0.06524249911308289 0.9030219918825876
1 0.7321124076843262 0.45122426748275757 0.07899725437164307 0.04351073503494263 0.9013929512778158
1 0.33015675842761993 0.4501912146806717 0.09458759427070618 0.055129021406173706 0.8887419966129123
1 0.27656471729278564 0.44236235320568085 0.08043283224105835 0.04864189028739929 0.884198950761553
1 0.191981 0.442487 0.05166100000000001 0.05911999999999995 0.662877500890725
1 0.275883 0.43739 0.04646309999999998 0.03529939999999998 0.596113679910473
