1 0.70457 0.517565 0.134536 0.187104 0.956952
1 0.174809 0.499202 0.148204 0.175806 0.945223
1 0.074448 0.55091 0.148794 0.176638 0.931045
1 0.588818 0.45947 0.0498974 0.0873235 0.871909
1 0.555962 0.445435 0.0313129 0.0578793 0.870037
1 0.408747 0.439406 0.0325389 0.0376018 0.833958
1 0.63721 0.462846 0.0731756 0.0845995 0.631377
1 0.501145 0.421901 0.0143133 0.0261451 0.572093
1 0.531432 0.438347 0.0170595 0.0320457 0.501027
1 0.52218 0.427866 0.0166471 0.0201131 0.425576
1 0.465866 0.426058 0.0123999 0.0136765 0.424596
1 0.428995 0.439582 0.0267556 0.0324967 0.353948
