1 0.436593 0.499529 0.0932598 0.162096 0.946613
1 0.52212 0.470899 0.0652573 0.0664096 0.9318
1 0.273074 0.440773 0.0198624 0.0232023 0.849898
1 0.377081 0.442644 0.0280718 0.0372374 0.845923
1 0.295441 0.431454 0.0218664 0.0257044 0.826583
1 0.390384 0.464702 0.018007 0.0683173 0.733037
1 0.261227 0.428368 0.0260843 0.0173713 0.731641
1 0.358343 0.432299 0.0216786 0.0239972 0.552434
1 0.339782 0.430166 0.0198821 0.0180925 0.547637
2 0.345756 0.449445 0.00940285 0.0363805 0.506881
1 0.357781 0.436758 0.0232586 0.0317838 0.297459
1 0.233205 0.430188 0.0249103 0.0164242 0.291799
