1 0.592461 0.402356 0.0748613 0.196649 0.920969
1 0.440877 0.446806 0.0359375 0.0458364 0.91624
1 0.922885 0.461755 0.133244 0.0676566 0.895859
1 0.814807 0.452742 0.0526987 0.0501455 0.867547
1 0.776576 0.442678 0.0766218 0.0566857 0.866273
1 0.73424 0.439379 0.061062 0.0493908 0.699106
1 0.191018 0.431939 0.0281646 0.0312272 0.650833
2 0.866258 0.4714 0.0264462 0.044137 0.566914
1 0.660502 0.43144 0.032661 0.0377418 0.531889
1 0.333813 0.442483 0.018177 0.0117088 0.523926
1 0.382812 0.447698 0.0154747 0.0156434 0.499442
2 0.873637 0.471093 0.0410797 0.0460517 0.302258
1 0.497452 0.428747 0.0198883 0.0189288 0.287822
