1 0.090233 0.693391 0.18044 0.432682 0.961897
1 0.356495 0.456506 0.047935 0.0518765 0.922555
1 0.749541 0.442545 0.0797367 0.0588172 0.899767
1 0.413869 0.436403 0.0278625 0.0351593 0.879893
1 0.447454 0.415398 0.0256891 0.0502969 0.849171
1 0.499223 0.43199 0.0156214 0.0222932 0.73245
1 0.467441 0.433428 0.0167097 0.0217016 0.712662
1 0.905245 0.455159 0.026273 0.0464937 0.706016
1 0.65609 0.442492 0.0289082 0.0321757 0.696687
1 0.696709 0.443732 0.0370103 0.0329186 0.533301
1 0.630931 0.44077 0.0209597 0.0210962 0.479242
1 0.590982 0.428553 0.0164169 0.0277509 0.441571
1 0.65683 0.424886 0.0257273 0.0164129 0.36168
1 0.613306 0.435971 0.0190383 0.0204134 0.29434
