1 0.116766 0.523855 0.144064 0.142988 0.951731
1 0.630647 0.482063 0.0780786 0.115139 0.950037
1 0.227679 0.496216 0.0947206 0.0967022 0.933331
1 0.279691 0.471737 0.0832402 0.113551 0.9271
1 0.41865 0.439961 0.0250342 0.030659 0.885147
1 0.546212 0.441927 0.0263801 0.049162 0.884194
1 0.464561 0.433536 0.0209099 0.0311147 0.844989
1 0.438574 0.436569 0.0166117 0.0218472 0.606646
1 0.478274 0.42791 0.0108397 0.0196633 0.518901
2 0.555013 0.463461 0.0141409 0.0512483 0.410835
1 0.521869 0.426637 0.0187277 0.0179533 0.254855
