1 0.291363 0.484859 0.0958903 0.127348 0.946205
1 0.397539 0.450809 0.043274 0.0586215 0.912646
1 0.442553 0.443292 0.0337783 0.0531996 0.88559
1 0.350733 0.470123 0.0300307 0.0861833 0.874234
1 0.498722 0.442862 0.0225583 0.0381037 0.864035
1 0.0561711 0.607104 0.112342 0.367037 0.835969
1 0.536635 0.446638 0.0348184 0.0548208 0.812442
1 0.568754 0.474895 0.0532476 0.0713398 0.803477
2 0.250455 0.523093 0.019146 0.0541716 0.777183
2 0.548463 0.477761 0.0143658 0.0712282 0.459385
2 0.412629 0.457536 0.0134394 0.0439476 0.395456
1 0.462278 0.428051 0.0127642 0.0153849 0.298731
1 0.516356 0.444642 0.013846 0.028911 0.273732
1 0.520989 0.433445 0.020356 0.0427185 0.251562
