1 0.840693 0.714918 0.318246 0.568749 0.962149
1 0.498626 0.520205 0.0895136 0.138431 0.954442
1 0.157458 0.539615 0.146972 0.161245 0.952177
1 0.246377 0.491426 0.120449 0.157681 0.947088
1 0.391 0.450611 0.0517507 0.0675001 0.910067
1 0.0517326 0.61075 0.103353 0.277863 0.89888
1 0.426157 0.43861 0.0258821 0.0364449 0.848966
1 0.499092 0.441704 0.0326696 0.0175568 0.744667
1 0.443423 0.438266 0.0175564 0.023106 0.696971
1 0.477853 0.426342 0.0163727 0.0154946 0.649517
1 0.457483 0.433176 0.0149733 0.017917 0.598441
1 0.443148 0.432832 0.0182034 0.0293597 0.461329
1 0.531413 0.446446 0.0393594 0.0574198 0.357529
1 0.513467 0.427797 0.0193545 0.0181558 0.322715
1 0.542258 0.495763 0.0180792 0.0646735 0.315626
