1 0.860748 0.69773 0.277936 0.603728 0.953303
1 0.62809 0.490816 0.0810598 0.0945984 0.944825
1 0.389383 0.443766 0.0455143 0.053039 0.886792
1 0.590559 0.464784 0.0579468 0.09061 0.87082
1 0.456903 0.438615 0.0206012 0.0257147 0.854465
1 0.427994 0.436743 0.0189046 0.021217 0.642669
1 0.525967 0.430714 0.0152227 0.020007 0.504552
1 0.469817 0.4249 0.0114038 0.0135107 0.430427
1 0.430557 0.433712 0.0208401 0.019874 0.373252
1 0.436206 0.427968 0.0146275 0.018524 0.309937
1 0.460394 0.424994 0.0136589 0.0116087 0.261053
